Thu Jul 16 08:00:12 EDT 2015<EOT>: Console 20150714
Thu Jul 16 08:00:12 EDT 2015<EOT>: Starting COM7
Thu Jul 16 08:00:13 EDT 2015<EOT>: postMessage CommandQueue: SerialIO started
Thu Jul 16 08:00:17 EDT 2015<EOT>: onWindowOpened
Thu Jul 16 08:00:17 EDT 2015<EOT>: SerialConnector: connecting
Thu Jul 16 08:00:17 EDT 2015<EOT>: scheduleOpening
Thu Jul 16 08:00:17 EDT 2015<EOT>: scheduleOpening>openPort
Thu Jul 16 08:00:17 EDT 2015<EOT>: postMessage SerialManager: Opening port: COM7
Thu Jul 16 08:00:17 EDT 2015<EOT>: Opening COM7 @ 115200
Thu Jul 16 08:00:17 EDT 2015<EOT>: PortHolder: Sleeping a bit
Thu Jul 16 08:00:18 EDT 2015<EOT>: Waiting for 2 byte(s): switch to binary
Thu Jul 16 08:00:18 EDT 2015<EOT>: Switched to binary protocol
Thu Jul 16 08:00:18 EDT 2015<EOT>: Waiting for 2 byte(s): switch to binary
Thu Jul 16 08:00:18 EDT 2015<EOT>: Switched to binary protocol
Thu Jul 16 08:00:18 EDT 2015<EOT>: Waiting for 2 byte(s): switch to binary
Thu Jul 16 08:00:18 EDT 2015<EOT>: Switched to binary protocol
Thu Jul 16 08:00:18 EDT 2015<EOT>: Waiting for 2 byte(s): switch to binary
Thu Jul 16 08:00:18 EDT 2015<EOT>: Switched to binary protocol
Thu Jul 16 08:00:18 EDT 2015<EOT>: Waiting for 2 byte(s): switch to binary
Thu Jul 16 08:00:18 EDT 2015<EOT>: Switched to binary protocol
Thu Jul 16 08:00:18 EDT 2015<EOT>: Waiting for 2 byte(s): switch to binary
Thu Jul 16 08:00:18 EDT 2015<EOT>: Switched to binary protocol
Thu Jul 16 08:00:18 EDT 2015<EOT>: Waiting for 2 byte(s): switch to binary
Thu Jul 16 08:00:18 EDT 2015<EOT>: Switched to binary protocol
Thu Jul 16 08:00:18 EDT 2015<EOT>: Waiting for 2 byte(s): switch to binary
Thu Jul 16 08:00:18 EDT 2015<EOT>: Switched to binary protocol
Thu Jul 16 08:00:18 EDT 2015<EOT>: Waiting for 2 byte(s): switch to binary
Thu Jul 16 08:00:18 EDT 2015<EOT>: Switched to binary protocol
Thu Jul 16 08:00:18 EDT 2015<EOT>: Waiting for 2 byte(s): switch to binary
Thu Jul 16 08:00:18 EDT 2015<EOT>: Switched to binary protocol
Thu Jul 16 08:00:18 EDT 2015<EOT>: Waiting for 2 byte(s): switch to binary
Thu Jul 16 08:00:18 EDT 2015<EOT>: Switched to binary protocol
Thu Jul 16 08:00:18 EDT 2015<EOT>: Waiting for 2 byte(s): switch to binary
Thu Jul 16 08:00:18 EDT 2015<EOT>: Switched to binary protocol
Thu Jul 16 08:00:18 EDT 2015<EOT>: Waiting for 2 byte(s): switch to binary
Thu Jul 16 08:00:18 EDT 2015<EOT>: Switched to binary protocol
Thu Jul 16 08:00:18 EDT 2015<EOT>: Waiting for 2 byte(s): switch to binary
Thu Jul 16 08:00:18 EDT 2015<EOT>: Switched to binary protocol
Thu Jul 16 08:00:18 EDT 2015<EOT>: Waiting for 2 byte(s): switch to binary
Thu Jul 16 08:00:18 EDT 2015<EOT>: Switched to binary protocol
Thu Jul 16 08:00:18 EDT 2015<EOT>: Reading from controller...
Thu Jul 16 08:00:18 EDT 2015<EOT>: Sending [0, 7, 82, 0, 0, 0, 0, 0, 1, 94, 33, 23, 118]
Thu Jul 16 08:00:18 EDT 2015<EOT>: Waiting for 2 byte(s): load image header
Thu Jul 16 08:00:18 EDT 2015<EOT>: Waiting for 261 byte(s): load image body
Thu Jul 16 08:00:18 EDT 2015<EOT>: Sending [0, 7, 82, 0, 0, 0, 1, 0, 1, 95, -29, 125, 65]
Thu Jul 16 08:00:18 EDT 2015<EOT>: Waiting for 2 byte(s): load image header
Thu Jul 16 08:00:18 EDT 2015<EOT>: Waiting for 261 byte(s): load image body
Thu Jul 16 08:00:18 EDT 2015<EOT>: Sending [0, 7, 82, 0, 0, 0, 2, 0, 1, 93, -91, -61, 24]
Thu Jul 16 08:00:18 EDT 2015<EOT>: Waiting for 2 byte(s): load image header
Thu Jul 16 08:00:18 EDT 2015<EOT>: Waiting for 261 byte(s): load image body
Thu Jul 16 08:00:18 EDT 2015<EOT>: Sending [0, 7, 82, 0, 0, 0, 3, 0, 1, 92, 103, -87, 47]
Thu Jul 16 08:00:18 EDT 2015<EOT>: Waiting for 2 byte(s): load image header
Thu Jul 16 08:00:18 EDT 2015<EOT>: Waiting for 261 byte(s): load image body
Thu Jul 16 08:00:18 EDT 2015<EOT>: Sending [0, 7, 82, 0, 0, 0, 4, 0, 1, 89, 40, -65, -86]
Thu Jul 16 08:00:18 EDT 2015<EOT>: Waiting for 2 byte(s): load image header
Thu Jul 16 08:00:18 EDT 2015<EOT>: Waiting for 261 byte(s): load image body
Thu Jul 16 08:00:18 EDT 2015<EOT>: Sending [0, 7, 82, 0, 0, 0, 5, 0, 1, 88, -22, -43, -99]
Thu Jul 16 08:00:18 EDT 2015<EOT>: Waiting for 2 byte(s): load image header
Thu Jul 16 08:00:18 EDT 2015<EOT>: Waiting for 261 byte(s): load image body
Thu Jul 16 08:00:18 EDT 2015<EOT>: Sending [0, 7, 82, 0, 0, 0, 6, 0, 1, 90, -84, 107, -60]
Thu Jul 16 08:00:18 EDT 2015<EOT>: Waiting for 2 byte(s): load image header
Thu Jul 16 08:00:18 EDT 2015<EOT>: Waiting for 261 byte(s): load image body
Thu Jul 16 08:00:18 EDT 2015<EOT>: Sending [0, 7, 82, 0, 0, 0, 7, 0, 1, 91, 110, 1, -13]
Thu Jul 16 08:00:18 EDT 2015<EOT>: Waiting for 2 byte(s): load image header
Thu Jul 16 08:00:18 EDT 2015<EOT>: Waiting for 261 byte(s): load image body
Thu Jul 16 08:00:18 EDT 2015<EOT>: Sending [0, 7, 82, 0, 0, 0, 8, 0, 1, 80, 50, 70, -50]
Thu Jul 16 08:00:18 EDT 2015<EOT>: Waiting for 2 byte(s): load image header
Thu Jul 16 08:00:18 EDT 2015<EOT>: Waiting for 261 byte(s): load image body
Thu Jul 16 08:00:18 EDT 2015<EOT>: Sending [0, 7, 82, 0, 0, 0, 9, 0, 1, 81, -16, 44, -7]
Thu Jul 16 08:00:18 EDT 2015<EOT>: Waiting for 2 byte(s): load image header
Thu Jul 16 08:00:18 EDT 2015<EOT>: Waiting for 261 byte(s): load image body
Thu Jul 16 08:00:18 EDT 2015<EOT>: Sending [0, 7, 82, 0, 0, 0, 10, 0, 1, 83, -74, -110, -96]
Thu Jul 16 08:00:18 EDT 2015<EOT>: Waiting for 2 byte(s): load image header
Thu Jul 16 08:00:18 EDT 2015<EOT>: Waiting for 261 byte(s): load image body
Thu Jul 16 08:00:18 EDT 2015<EOT>: Sending [0, 7, 82, 0, 0, 0, 11, 0, 1, 82, 116, -8, -105]
Thu Jul 16 08:00:18 EDT 2015<EOT>: Waiting for 2 byte(s): load image header
Thu Jul 16 08:00:18 EDT 2015<EOT>: Waiting for 261 byte(s): load image body
Thu Jul 16 08:00:18 EDT 2015<EOT>: Sending [0, 7, 82, 0, 0, 0, 12, 0, 1, 87, 59, -18, 18]
Thu Jul 16 08:00:18 EDT 2015<EOT>: Waiting for 2 byte(s): load image header
Thu Jul 16 08:00:18 EDT 2015<EOT>: Waiting for 261 byte(s): load image body
Thu Jul 16 08:00:18 EDT 2015<EOT>: Sending [0, 7, 82, 0, 0, 0, 13, 0, 1, 86, -7, -124, 37]
Thu Jul 16 08:00:18 EDT 2015<EOT>: Waiting for 2 byte(s): load image header
Thu Jul 16 08:00:18 EDT 2015<EOT>: Waiting for 261 byte(s): load image body
Thu Jul 16 08:00:18 EDT 2015<EOT>: Sending [0, 7, 82, 0, 0, 0, 14, 0, 1, 84, -65, 58, 124]
Thu Jul 16 08:00:18 EDT 2015<EOT>: Waiting for 2 byte(s): load image header
Thu Jul 16 08:00:18 EDT 2015<EOT>: Waiting for 261 byte(s): load image body
Thu Jul 16 08:00:18 EDT 2015<EOT>: Sending [0, 7, 82, 0, 0, 0, 15, 0, 1, 85, 125, 80, 75]
Thu Jul 16 08:00:18 EDT 2015<EOT>: Waiting for 2 byte(s): load image header
Thu Jul 16 08:00:18 EDT 2015<EOT>: Waiting for 261 byte(s): load image body
Thu Jul 16 08:00:18 EDT 2015<EOT>: Sending [0, 7, 82, 0, 0, 0, 16, 0, 1, 66, 7, -76, 6]
Thu Jul 16 08:00:18 EDT 2015<EOT>: Waiting for 2 byte(s): load image header
Thu Jul 16 08:00:18 EDT 2015<EOT>: Waiting for 261 byte(s): load image body
Thu Jul 16 08:00:18 EDT 2015<EOT>: Sending [0, 7, 82, 0, 0, 0, 17, 0, 1, 67, -59, -34, 49]
Thu Jul 16 08:00:18 EDT 2015<EOT>: Waiting for 2 byte(s): load image header
Thu Jul 16 08:00:18 EDT 2015<EOT>: Waiting for 261 byte(s): load image body
Thu Jul 16 08:00:18 EDT 2015<EOT>: Sending [0, 7, 82, 0, 0, 0, 18, 0, 1, 65, -125, 96, 104]
Thu Jul 16 08:00:18 EDT 2015<EOT>: Waiting for 2 byte(s): load image header
Thu Jul 16 08:00:18 EDT 2015<EOT>: Waiting for 261 byte(s): load image body
Thu Jul 16 08:00:18 EDT 2015<EOT>: Sending [0, 7, 82, 0, 0, 0, 19, 0, 1, 64, 65, 10, 95]
Thu Jul 16 08:00:18 EDT 2015<EOT>: Waiting for 2 byte(s): load image header
Thu Jul 16 08:00:18 EDT 2015<EOT>: Waiting for 261 byte(s): load image body
Thu Jul 16 08:00:18 EDT 2015<EOT>: Sending [0, 7, 82, 0, 0, 0, 20, 0, 1, 69, 14, 28, -38]
Thu Jul 16 08:00:18 EDT 2015<EOT>: Waiting for 2 byte(s): load image header
Thu Jul 16 08:00:18 EDT 2015<EOT>: Waiting for 261 byte(s): load image body
Thu Jul 16 08:00:18 EDT 2015<EOT>: Sending [0, 7, 82, 0, 0, 0, 21, 0, 1, 68, -52, 118, -19]
Thu Jul 16 08:00:18 EDT 2015<EOT>: Waiting for 2 byte(s): load image header
Thu Jul 16 08:00:18 EDT 2015<EOT>: Waiting for 261 byte(s): load image body
Thu Jul 16 08:00:18 EDT 2015<EOT>: Sending [0, 7, 82, 0, 0, 0, 22, 0, 1, 70, -118, -56, -76]
Thu Jul 16 08:00:18 EDT 2015<EOT>: Waiting for 2 byte(s): load image header
Thu Jul 16 08:00:18 EDT 2015<EOT>: Waiting for 261 byte(s): load image body
Thu Jul 16 08:00:18 EDT 2015<EOT>: Sending [0, 7, 82, 0, 0, 0, 23, 0, 1, 71, 72, -94, -125]
Thu Jul 16 08:00:18 EDT 2015<EOT>: Waiting for 2 byte(s): load image header
Thu Jul 16 08:00:18 EDT 2015<EOT>: Waiting for 261 byte(s): load image body
Thu Jul 16 08:00:18 EDT 2015<EOT>: Sending [0, 7, 82, 0, 0, 0, 24, 0, 1, 76, 20, -27, -66]
Thu Jul 16 08:00:18 EDT 2015<EOT>: Waiting for 2 byte(s): load image header
Thu Jul 16 08:00:18 EDT 2015<EOT>: Waiting for 261 byte(s): load image body
Thu Jul 16 08:00:18 EDT 2015<EOT>: Sending [0, 7, 82, 0, 0, 0, 25, 0, 1, 77, -42, -113, -119]
Thu Jul 16 08:00:18 EDT 2015<EOT>: Waiting for 2 byte(s): load image header
Thu Jul 16 08:00:18 EDT 2015<EOT>: Waiting for 261 byte(s): load image body
Thu Jul 16 08:00:18 EDT 2015<EOT>: Sending [0, 7, 82, 0, 0, 0, 26, 0, 1, 79, -112, 49, -48]
Thu Jul 16 08:00:18 EDT 2015<EOT>: Waiting for 2 byte(s): load image header
Thu Jul 16 08:00:18 EDT 2015<EOT>: Waiting for 261 byte(s): load image body
Thu Jul 16 08:00:18 EDT 2015<EOT>: Sending [0, 7, 82, 0, 0, 0, 27, 0, 1, 78, 82, 91, -25]
Thu Jul 16 08:00:18 EDT 2015<EOT>: Waiting for 2 byte(s): load image header
Thu Jul 16 08:00:18 EDT 2015<EOT>: Waiting for 261 byte(s): load image body
Thu Jul 16 08:00:18 EDT 2015<EOT>: Sending [0, 7, 82, 0, 0, 0, 28, 0, 1, 75, 29, 77, 98]
Thu Jul 16 08:00:18 EDT 2015<EOT>: Waiting for 2 byte(s): load image header
Thu Jul 16 08:00:18 EDT 2015<EOT>: Waiting for 261 byte(s): load image body
Thu Jul 16 08:00:18 EDT 2015<EOT>: Sending [0, 7, 82, 0, 0, 0, 29, 0, 1, 74, -33, 39, 85]
Thu Jul 16 08:00:18 EDT 2015<EOT>: Waiting for 2 byte(s): load image header
Thu Jul 16 08:00:18 EDT 2015<EOT>: Waiting for 261 byte(s): load image body
Thu Jul 16 08:00:18 EDT 2015<EOT>: Sending [0, 7, 82, 0, 0, 0, 30, 0, 1, 72, -103, -103, 12]
Thu Jul 16 08:00:18 EDT 2015<EOT>: Waiting for 2 byte(s): load image header
Thu Jul 16 08:00:18 EDT 2015<EOT>: Waiting for 261 byte(s): load image body
Thu Jul 16 08:00:18 EDT 2015<EOT>: Sending [0, 7, 82, 0, 0, 0, 31, 0, 1, 73, 91, -13, 59]
Thu Jul 16 08:00:18 EDT 2015<EOT>: Waiting for 2 byte(s): load image header
Thu Jul 16 08:00:18 EDT 2015<EOT>: Waiting for 261 byte(s): load image body
Thu Jul 16 08:00:18 EDT 2015<EOT>: Sending [0, 7, 82, 0, 0, 0, 32, 0, 1, 102, 108, 81, -106]
Thu Jul 16 08:00:18 EDT 2015<EOT>: Waiting for 2 byte(s): load image header
Thu Jul 16 08:00:18 EDT 2015<EOT>: Waiting for 261 byte(s): load image body
Thu Jul 16 08:00:18 EDT 2015<EOT>: Sending [0, 7, 82, 0, 0, 0, 33, 0, 1, 103, -82, 59, -95]
Thu Jul 16 08:00:18 EDT 2015<EOT>: Waiting for 2 byte(s): load image header
Thu Jul 16 08:00:18 EDT 2015<EOT>: Waiting for 261 byte(s): load image body
Thu Jul 16 08:00:18 EDT 2015<EOT>: Sending [0, 7, 82, 0, 0, 0, 34, 0, 1, 101, -24, -123, -8]
Thu Jul 16 08:00:18 EDT 2015<EOT>: Waiting for 2 byte(s): load image header
Thu Jul 16 08:00:18 EDT 2015<EOT>: Waiting for 261 byte(s): load image body
Thu Jul 16 08:00:18 EDT 2015<EOT>: Sending [0, 7, 82, 0, 0, 0, 35, 0, 1, 100, 42, -17, -49]
Thu Jul 16 08:00:18 EDT 2015<EOT>: Waiting for 2 byte(s): load image header
Thu Jul 16 08:00:18 EDT 2015<EOT>: Waiting for 261 byte(s): load image body
Thu Jul 16 08:00:18 EDT 2015<EOT>: Sending [0, 7, 82, 0, 0, 0, 36, 0, 1, 97, 101, -7, 74]
Thu Jul 16 08:00:18 EDT 2015<EOT>: Waiting for 2 byte(s): load image header
Thu Jul 16 08:00:18 EDT 2015<EOT>: Waiting for 261 byte(s): load image body
Thu Jul 16 08:00:18 EDT 2015<EOT>: Sending [0, 7, 82, 0, 0, 0, 37, 0, 1, 96, -89, -109, 125]
Thu Jul 16 08:00:18 EDT 2015<EOT>: Waiting for 2 byte(s): load image header
Thu Jul 16 08:00:18 EDT 2015<EOT>: Waiting for 261 byte(s): load image body
Thu Jul 16 08:00:18 EDT 2015<EOT>: Sending [0, 7, 82, 0, 0, 0, 38, 0, 1, 98, -31, 45, 36]
Thu Jul 16 08:00:18 EDT 2015<EOT>: Waiting for 2 byte(s): load image header
Thu Jul 16 08:00:18 EDT 2015<EOT>: Waiting for 261 byte(s): load image body
Thu Jul 16 08:00:18 EDT 2015<EOT>: Sending [0, 7, 82, 0, 0, 0, 39, 0, 1, 99, 35, 71, 19]
Thu Jul 16 08:00:18 EDT 2015<EOT>: Waiting for 2 byte(s): load image header
Thu Jul 16 08:00:18 EDT 2015<EOT>: Waiting for 261 byte(s): load image body
Thu Jul 16 08:00:18 EDT 2015<EOT>: Sending [0, 7, 82, 0, 0, 0, 40, 0, 1, 104, 127, 0, 46]
Thu Jul 16 08:00:18 EDT 2015<EOT>: Waiting for 2 byte(s): load image header
Thu Jul 16 08:00:18 EDT 2015<EOT>: Waiting for 261 byte(s): load image body
Thu Jul 16 08:00:18 EDT 2015<EOT>: Sending [0, 7, 82, 0, 0, 0, 41, 0, 1, 105, -67, 106, 25]
Thu Jul 16 08:00:18 EDT 2015<EOT>: Waiting for 2 byte(s): load image header
Thu Jul 16 08:00:18 EDT 2015<EOT>: Waiting for 261 byte(s): load image body
Thu Jul 16 08:00:18 EDT 2015<EOT>: Sending [0, 7, 82, 0, 0, 0, 42, 0, 1, 107, -5, -44, 64]
Thu Jul 16 08:00:18 EDT 2015<EOT>: Waiting for 2 byte(s): load image header
Thu Jul 16 08:00:18 EDT 2015<EOT>: Waiting for 261 byte(s): load image body
Thu Jul 16 08:00:18 EDT 2015<EOT>: Sending [0, 7, 82, 0, 0, 0, 43, 0, 1, 106, 57, -66, 119]
Thu Jul 16 08:00:18 EDT 2015<EOT>: Waiting for 2 byte(s): load image header
Thu Jul 16 08:00:18 EDT 2015<EOT>: Waiting for 261 byte(s): load image body
Thu Jul 16 08:00:18 EDT 2015<EOT>: Sending [0, 7, 82, 0, 0, 0, 44, 0, 1, 111, 118, -88, -14]
Thu Jul 16 08:00:18 EDT 2015<EOT>: Waiting for 2 byte(s): load image header
Thu Jul 16 08:00:18 EDT 2015<EOT>: Waiting for 261 byte(s): load image body
Thu Jul 16 08:00:18 EDT 2015<EOT>: Sending [0, 7, 82, 0, 0, 0, 45, 0, 1, 110, -76, -62, -59]
Thu Jul 16 08:00:18 EDT 2015<EOT>: Waiting for 2 byte(s): load image header
Thu Jul 16 08:00:18 EDT 2015<EOT>: Waiting for 261 byte(s): load image body
Thu Jul 16 08:00:18 EDT 2015<EOT>: Sending [0, 7, 82, 0, 0, 0, 46, 0, 1, 108, -14, 124, -100]
Thu Jul 16 08:00:18 EDT 2015<EOT>: Waiting for 2 byte(s): load image header
Thu Jul 16 08:00:18 EDT 2015<EOT>: Waiting for 261 byte(s): load image body
Thu Jul 16 08:00:18 EDT 2015<EOT>: Sending [0, 7, 82, 0, 0, 0, 47, 0, 1, 109, 48, 22, -85]
Thu Jul 16 08:00:18 EDT 2015<EOT>: Waiting for 2 byte(s): load image header
Thu Jul 16 08:00:18 EDT 2015<EOT>: Waiting for 261 byte(s): load image body
Thu Jul 16 08:00:18 EDT 2015<EOT>: Sending [0, 7, 82, 0, 0, 0, 48, 0, 1, 122, 74, -14, -26]
Thu Jul 16 08:00:18 EDT 2015<EOT>: Waiting for 2 byte(s): load image header
Thu Jul 16 08:00:18 EDT 2015<EOT>: Waiting for 261 byte(s): load image body
Thu Jul 16 08:00:18 EDT 2015<EOT>: Sending [0, 7, 82, 0, 0, 0, 49, 0, 1, 123, -120, -104, -47]
Thu Jul 16 08:00:18 EDT 2015<EOT>: Waiting for 2 byte(s): load image header
Thu Jul 16 08:00:18 EDT 2015<EOT>: Waiting for 261 byte(s): load image body
Thu Jul 16 08:00:18 EDT 2015<EOT>: Sending [0, 7, 82, 0, 0, 0, 50, 0, 1, 121, -50, 38, -120]
Thu Jul 16 08:00:18 EDT 2015<EOT>: Waiting for 2 byte(s): load image header
Thu Jul 16 08:00:18 EDT 2015<EOT>: Waiting for 261 byte(s): load image body
Thu Jul 16 08:00:18 EDT 2015<EOT>: Sending [0, 7, 82, 0, 0, 0, 51, 0, 1, 120, 12, 76, -65]
Thu Jul 16 08:00:18 EDT 2015<EOT>: Waiting for 2 byte(s): load image header
Thu Jul 16 08:00:18 EDT 2015<EOT>: Waiting for 261 byte(s): load image body
Thu Jul 16 08:00:18 EDT 2015<EOT>: Sending [0, 7, 82, 0, 0, 0, 52, 0, 1, 125, 67, 90, 58]
Thu Jul 16 08:00:18 EDT 2015<EOT>: Waiting for 2 byte(s): load image header
Thu Jul 16 08:00:18 EDT 2015<EOT>: Waiting for 261 byte(s): load image body
Thu Jul 16 08:00:18 EDT 2015<EOT>: Sending [0, 7, 82, 0, 0, 0, 53, 0, 1, 124, -127, 48, 13]
Thu Jul 16 08:00:18 EDT 2015<EOT>: Waiting for 2 byte(s): load image header
Thu Jul 16 08:00:18 EDT 2015<EOT>: Waiting for 261 byte(s): load image body
Thu Jul 16 08:00:18 EDT 2015<EOT>: Sending [0, 7, 82, 0, 0, 0, 54, 0, 1, 126, -57, -114, 84]
Thu Jul 16 08:00:18 EDT 2015<EOT>: Waiting for 2 byte(s): load image header
Thu Jul 16 08:00:18 EDT 2015<EOT>: Waiting for 261 byte(s): load image body
Thu Jul 16 08:00:18 EDT 2015<EOT>: Sending [0, 7, 82, 0, 0, 0, 55, 0, 1, 127, 5, -28, 99]
Thu Jul 16 08:00:18 EDT 2015<EOT>: Waiting for 2 byte(s): load image header
Thu Jul 16 08:00:18 EDT 2015<EOT>: Waiting for 261 byte(s): load image body
Thu Jul 16 08:00:18 EDT 2015<EOT>: Sending [0, 7, 82, 0, 0, 0, 56, 0, 1, 116, 89, -93, 94]
Thu Jul 16 08:00:18 EDT 2015<EOT>: Waiting for 2 byte(s): load image header
Thu Jul 16 08:00:18 EDT 2015<EOT>: Waiting for 261 byte(s): load image body
Thu Jul 16 08:00:18 EDT 2015<EOT>: Sending [0, 7, 82, 0, 0, 0, 57, 0, 1, 117, -101, -55, 105]
Thu Jul 16 08:00:18 EDT 2015<EOT>: Waiting for 2 byte(s): load image header
Thu Jul 16 08:00:18 EDT 2015<EOT>: Waiting for 261 byte(s): load image body
Thu Jul 16 08:00:18 EDT 2015<EOT>: Sending [0, 7, 82, 0, 0, 0, 58, 0, 1, 119, -35, 119, 48]
Thu Jul 16 08:00:18 EDT 2015<EOT>: Waiting for 2 byte(s): load image header
Thu Jul 16 08:00:18 EDT 2015<EOT>: Waiting for 261 byte(s): load image body
Thu Jul 16 08:00:18 EDT 2015<EOT>: Sending [0, 7, 82, 0, 0, 0, 59, -72, 0, 45, 4, 9, 33]
Thu Jul 16 08:00:18 EDT 2015<EOT>: Waiting for 2 byte(s): load image header
Thu Jul 16 08:00:18 EDT 2015<EOT>: Waiting for 189 byte(s): load image body
Thu Jul 16 08:00:18 EDT 2015<EOT>: Got configuration from controller.
Thu Jul 16 08:00:18 EDT 2015<EOT>: Sending [0, 1, 71, 58, -70, 59, -66]
Thu Jul 16 08:00:18 EDT 2015<EOT>: Waiting for 2 byte(s): text header
Thu Jul 16 08:00:18 EDT 2015<EOT>: Waiting for 6483 byte(s): text body
Thu Jul 16 08:00:18 EDT 2015<EOT>: time,65.387,rpm,0,ENGINE_LOAD,79.18,MAP,79.22,afr,10.00,vss,0.00,ks,0.00,kv,2.41,vbatt,3.18,TP,0.00,CLT,32.67,MAT,32.06,time,65.586,rpm,0,ENGINE_LOAD,79.14,MAP,79.14,afr,10.00,vss,0.00,ks,0.00,kv,2.41,vbatt,3.17,TP,0.00,CLT,32.64,MAT,32.03,time,65.787,rpm,0,ENGINE_LOAD,79.07,MAP,79.07,afr,10.00,vss,0.00,ks,0.00,kv,2.41,vbatt,3.18,TP,0.00,CLT,32.79,MAT,32.06,time,65.986,rpm,0,ENGINE_LOAD,79.25,MAP,79.03,afr,10.00,vss,0.00,ks,0.00,kv,2.41,vbatt,3.18,TP,0.00,CLT,32.79,MAT,32.03,time,66.186,rpm,0,ENGINE_LOAD,79.40,MAP,79.18,afr,10.00,vss,0.00,ks,0.00,kv,2.41,vbatt,3.18,TP,0.00,CLT,32.49,MAT,32.06,ckp_c,11598,fuel_base,9.74,fuel_lag,1.00,fuel,11.60,timing,20.00,duty0,NaN,dwell0,0.00,total_dwell0,0.00,period0,0.00,advance0,NaN,duty1,NaN,dwell1,0.00,total_dwell1,0.00,period1,0.00,advance1,NaN,time,66.388,rpm,0,ENGINE_LOAD,79.22,MAP,79.22,afr,10.00,vss,0.00,ks,0.00,kv,2.41,vbatt,3.18,TP,0.00,CLT,32.67,MAT,32.06,time,66.587,rpm,0,ENGINE_LOAD,79.47,MAP,79.47,afr,10.01,vss,0.00,ks,0.00,kv,2.41,vbatt,3.18,TP,0.00,CLT,32.67,MAT,32.00,time,66.788,rpm,0,ENGINE_LOAD,79.44,MAP,79.44,afr,10.00,vss,0.00,ks,0.00,kv,2.41,vbatt,3.17,TP,0.00,CLT,32.70,MAT,32.12,time,66.987,rpm,0,ENGINE_LOAD,79.07,MAP,79.07,afr,10.00,vss,0.00,ks,0.00,kv,2.41,vbatt,3.18,TP,0.00,CLT,32.79,MAT,32.06,time,67.188,rpm,0,ENGINE_LOAD,79.14,MAP,79.14,afr,10.00,vss,0.00,ks,0.00,kv,2.41,vbatt,3.18,TP,0.00,CLT,32.67,MAT,32.06,rusEfiVersion,20150713@8529 Neon03,outpin,t1@PA5,outpin,t2@PC6,outpin,input1@NONE,outpin,input2@NONE,outpin,c1@PC9,outpin,i1@PB8,outpin,c2@NONE,outpin,i2@PB9,outpin,c3@PE8,outpin,i3@PE2,outpin,c4@NONE,outpin,i4@PB7,ckp_c,11598,fuel_base,9.76,fuel_lag,1.00,fuel,11.58,timing,20.00,duty0,NaN,dwell0,0.00,total_dwell0,0.00,period0,0.00,advance0,NaN,duty1,NaN,dwell1,0.00,total_dwell1,0.00,period1,0.00,advance1,NaN,time,67.388,rpm,0,ENGINE_LOAD,79.25,MAP,79.25,afr,10.00,vss,0.00,ks,0.00,kv,2.41,vbatt,3.17,TP,0.00,CLT,32.64,MAT,32.06,time,67.588,rpm,0,ENGINE_LOAD,79.14,MAP,79.14,afr,10.00,vss,0.00,ks,0.00,kv,2.41,vbatt,3.17,TP,0.00,CLT,32.73,MAT,32.03,time,67.789,rpm,0,ENGINE_LOAD,79.29,MAP,79.29,afr,10.00,vss,0.00,ks,0.00,kv,2.41,vbatt,3.17,TP,0.00,CLT,32.67,MAT,32.03,time,67.988,rpm,0,ENGINE_LOAD,79.33,MAP,79.33,afr,10.00,vss,0.00,ks,0.00,kv,2.41,vbatt,3.18,TP,0.00,CLT,32.67,MAT,32.03,time,68.189,rpm,0,ENGINE_LOAD,79.22,MAP,79.22,afr,10.00,vss,0.00,ks,0.00,kv,2.41,vbatt,3.19,TP,0.00,CLT,32.79,MAT,32.06,ckp_c,11598,fuel_base,9.72,fuel_lag,1.00,fuel,11.58,timing,20.00,duty0,NaN,dwell0,0.00,total_dwell0,0.00,period0,0.00,advance0,NaN,duty1,NaN,dwell1,0.00,total_dwell1,0.00,period1,0.00,advance1,NaN,time,68.389,rpm,0,ENGINE_LOAD,79.47,MAP,79.47,afr,10.00,vss,0.00,ks,0.00,kv,2.41,vbatt,3.17,TP,0.00,CLT,32.79,MAT,32.03,time,68.589,rpm,0,ENGINE_LOAD,79.29,MAP,79.29,afr,10.00,vss,0.00,ks,0.00,kv,2.41,vbatt,3.18,TP,0.00,CLT,32.84,MAT,32.06,time,68.790,rpm,0,ENGINE_LOAD,79.18,MAP,79.18,afr,10.00,vss,0.00,ks,0.00,kv,2.41,vbatt,3.17,TP,0.00,CLT,32.73,MAT,32.03,time,68.989,rpm,0,ENGINE_LOAD,79.18,MAP,79.18,afr,10.00,vss,0.00,ks,0.00,kv,2.41,vbatt,3.17,TP,0.00,CLT,32.79,MAT,32.09,time,69.190,rpm,0,ENGINE_LOAD,79.47,MAP,79.44,afr,10.00,vss,0.00,ks,0.00,kv,2.41,vbatt,3.18,TP,0.00,CLT,32.82,MAT,31.94,ckp_c,11598,fuel_base,9.73,fuel_lag,1.00,fuel,11.60,timing,20.00,duty0,NaN,dwell0,0.00,total_dwell0,0.00,period0,0.00,advance0,NaN,duty1,NaN,dwell1,0.00,total_dwell1,0.00,period1,0.00,advance1,NaN,time,69.390,rpm,0,ENGINE_LOAD,79.14,MAP,79.14,afr,10.00,vss,0.00,ks,0.00,kv,2.41,vbatt,3.18,TP,0.00,CLT,32.90,MAT,32.06,time,69.591,rpm,0,ENGINE_LOAD,79.18,MAP,79.18,afr,10.00,vss,0.00,ks,0.00,kv,2.41,vbatt,3.18,TP,0.00,CLT,32.70,MAT,32.03,time,69.791,rpm,0,ENGINE_LOAD,79.11,MAP,79.11,afr,10.00,vss,0.00,ks,0.00,kv,2.41,vbatt,3.17,TP,0.00,CLT,32.73,MAT,32.03,time,69.990,rpm,0,ENGINE_LOAD,79.25,MAP,79.25,afr,10.00,vss,0.00,ks,0.00,kv,2.41,vbatt,3.18,TP,0.00,CLT,32.73,MAT,32.09,time,70.191,rpm,0,ENGINE_LOAD,79.18,MAP,79.18,afr,10.00,vss,0.00,ks,0.00,kv,2.41,vbatt,3.17,TP,0.00,CLT,32.73,MAT,32.06,ckp_c,11598,fuel_base,9.71,fuel_lag,1.00,fuel,11.58,timing,20.00,duty0,NaN,dwell0,0.00,total_dwell0,0.00,period0,0.00,advance0,NaN,duty1,NaN,dwell1,0.00,total_dwell1,0.00,period1,0.00,advance1,NaN,time,70.391,rpm,0,ENGINE_LOAD,104.45,MAP,104.45,afr,10.01,vss,0.00,ks,0.00,kv,2.41,vbatt,12.59,TP,0.00,CLT,20.23,MAT,19.61,ckp_c,11604,fuel_base,12.07,fuel_lag,1.00,fuel,14.53,timing,22.00,duty0,NaN,dwell0,0.00,total_dwell0,0.00,period0,0.00,advance0,NaN,duty1,NaN,dwell1,0.00,total_dwell1,0.00,period1,0.00,advance1,NaN,msg,engine has STOPPED,msg,templog engine has STOPPED [2][CD4278A6] [2][CA4CD9BF] 49651431,msg,Template Neon03 (23) trigger TT_DODGE_NEON_2003 (14) useRiseEdge=Yes onlyFront=No,msg,trigger#1 event counters up=576/down=575,msg,trigger#2 event counters up=5228/down=5229,msg,expected cycle events 14/128/0,msg,trigger type=14/need2ndChannel=Yes,msg,expected duty #0=0.47/#1=0.45,msg,synchronizationNeeded=Yes/isError=No/total errors=22 ord_err=2/total revolutions=81/self=No,msg,gap from 1.71 to 5.15,msg,primary trigger input: PA5,msg,primary trigger simulator: PD1 OM_DEFAULT freq=1200,msg,secondary trigger input: PC6,msg,secondary trigger simulator: PD2 OM_DEFAULT phase=124,msg,trigger error extra LED: NONE OM_DEFAULT,msg,primary logic input: NONE,msg,secondary logic input: NONE,msg,zeroTestTime=14 maxHowFarOff=169641740,msg,advanceLookupTime=1151 now=-851134305 fuelCalcTime=3210,msg,ignitionMathTime=119 ignitionSchTime=1238 injectonSchTime=2345,msg,mapTime=4395/hipTime=7955/rpmTime=1120/mainTriggerCallbackTime=8324,msg,maxLockTime=0 / maxTriggerReentraint=0,msg,maxEventQueueTime=6916,msg,hipLastExecutionCount=1,msg,hwSetTimerTime 415,msg,totalTriggerHandlerMaxTime=2886,time,77.400,rpm,0,ENGINE_LOAD,104.53,MAP,104.53,afr,10.00,vss,0.00,ks,0.00,kv,2.41,vbatt,12.64,TP,0.00,CLT,20.42,MAT,19.50,time,77.599,rpm,0,ENGINE_LOAD,104.67,MAP,104.67,afr,10.00,vss,0.00,ks,0.00,kv,2.41,vbatt,12.58,TP,0.00,CLT,20.00,MAT,19.42,time,77.800,rpm,0,ENGINE_LOAD,104.60,MAP,104.60,afr,10.00,vss,0.00,ks,0.00,kv,2.41,vbatt,12.63,TP,0.00,CLT,20.21,MAT,19.50,time,78.000,rpm,0,ENGINE_LOAD,104.78,MAP,104.78,afr,10.00,vss,0.00,ks,0.00,kv,2.41,vbatt,12.61,TP,0.00,CLT,20.42,MAT,19.34,ckp_c,11604,fuel_base,12.08,fuel_lag,1.00,fuel,14.52,timing,22.00,duty0,NaN,dwell0,0.00,total_dwell0,0.00,period0,0.00,advance0,NaN,duty1,NaN,dwell1,0.00,total_dwell1,0.00,period1,0.00,advance1,NaN,msg,READ mode=1 page=0 offset=0 size=256,msg,READ mode=1 page=0 offset=256 size=256,
Thu Jul 16 08:00:18 EDT 2015<EOT>: postMessage EngineState: engine has STOPPED
Thu Jul 16 08:00:18 EDT 2015<EOT>: postMessage EngineState: templog engine has STOPPED [2][CD4278A6] [2][CA4CD9BF] 49651431
Thu Jul 16 08:00:18 EDT 2015<EOT>: postMessage EngineState: Template Neon03 (23) trigger TT_DODGE_NEON_2003 (14) useRiseEdge=Yes onlyFront=No
Thu Jul 16 08:00:18 EDT 2015<EOT>: postMessage EngineState: trigger#1 event counters up=576/down=575
Thu Jul 16 08:00:18 EDT 2015<EOT>: postMessage EngineState: trigger#2 event counters up=5228/down=5229
Thu Jul 16 08:00:18 EDT 2015<EOT>: postMessage EngineState: expected cycle events 14/128/0
Thu Jul 16 08:00:18 EDT 2015<EOT>: postMessage EngineState: trigger type=14/need2ndChannel=Yes
Thu Jul 16 08:00:18 EDT 2015<EOT>: postMessage EngineState: expected duty #0=0.47/#1=0.45
Thu Jul 16 08:00:18 EDT 2015<EOT>: postMessage EngineState: synchronizationNeeded=Yes/isError=No/total errors=22 ord_err=2/total revolutions=81/self=No
Thu Jul 16 08:00:18 EDT 2015<EOT>: postMessage EngineState: gap from 1.71 to 5.15
Thu Jul 16 08:00:18 EDT 2015<EOT>: postMessage EngineState: primary trigger input: PA5
Thu Jul 16 08:00:18 EDT 2015<EOT>: postMessage EngineState: primary trigger simulator: PD1 OM_DEFAULT freq=1200
Thu Jul 16 08:00:18 EDT 2015<EOT>: postMessage EngineState: secondary trigger input: PC6
Thu Jul 16 08:00:18 EDT 2015<EOT>: postMessage EngineState: secondary trigger simulator: PD2 OM_DEFAULT phase=124
Thu Jul 16 08:00:18 EDT 2015<EOT>: postMessage EngineState: trigger error extra LED: NONE OM_DEFAULT
Thu Jul 16 08:00:18 EDT 2015<EOT>: postMessage EngineState: primary logic input: NONE
Thu Jul 16 08:00:18 EDT 2015<EOT>: postMessage EngineState: secondary logic input: NONE
Thu Jul 16 08:00:18 EDT 2015<EOT>: postMessage EngineState: zeroTestTime=14 maxHowFarOff=169641740
Thu Jul 16 08:00:18 EDT 2015<EOT>: postMessage EngineState: advanceLookupTime=1151 now=-851134305 fuelCalcTime=3210
Thu Jul 16 08:00:18 EDT 2015<EOT>: postMessage EngineState: ignitionMathTime=119 ignitionSchTime=1238 injectonSchTime=2345
Thu Jul 16 08:00:18 EDT 2015<EOT>: postMessage EngineState: mapTime=4395/hipTime=7955/rpmTime=1120/mainTriggerCallbackTime=8324
Thu Jul 16 08:00:18 EDT 2015<EOT>: postMessage EngineState: maxLockTime=0 / maxTriggerReentraint=0
Thu Jul 16 08:00:18 EDT 2015<EOT>: postMessage EngineState: maxEventQueueTime=6916
Thu Jul 16 08:00:18 EDT 2015<EOT>: postMessage EngineState: hipLastExecutionCount=1
Thu Jul 16 08:00:18 EDT 2015<EOT>: postMessage EngineState: hwSetTimerTime 415
Thu Jul 16 08:00:18 EDT 2015<EOT>: postMessage EngineState: totalTriggerHandlerMaxTime=2886
Thu Jul 16 08:00:18 EDT 2015<EOT>: postMessage EngineState: READ mode=1 page=0 offset=0 size=256
Thu Jul 16 08:00:18 EDT 2015<EOT>: postMessage EngineState: READ mode=1 page=0 offset=256 size=256
Thu Jul 16 08:00:18 EDT 2015<EOT>: Sending [0, 1, 71, 58, -70, 59, -66]
Thu Jul 16 08:00:18 EDT 2015<EOT>: Waiting for 2 byte(s): text header
Thu Jul 16 08:00:18 EDT 2015<EOT>: Waiting for 5 byte(s): text body
Thu Jul 16 08:00:19 EDT 2015<EOT>: Sending [0, 1, 71, 58, -70, 59, -66]
Thu Jul 16 08:00:19 EDT 2015<EOT>: Waiting for 2 byte(s): text header
Thu Jul 16 08:00:19 EDT 2015<EOT>: Waiting for 817 byte(s): text body
Thu Jul 16 08:00:19 EDT 2015<EOT>: time,83.206,rpm,0,ENGINE_LOAD,104.38,MAP,104.38,afr,10.00,vss,0.00,ks,0.00,kv,2.41,vbatt,12.62,TP,0.00,CLT,20.42,MAT,19.34,time,83.405,rpm,0,ENGINE_LOAD,104.31,MAP,104.31,afr,10.00,vss,0.00,ks,0.00,kv,2.41,vbatt,12.61,TP,0.00,CLT,20.34,MAT,19.61,time,83.606,rpm,0,ENGINE_LOAD,104.86,MAP,104.86,afr,10.00,vss,0.00,ks,0.00,kv,2.41,vbatt,12.43,TP,0.00,CLT,20.49,MAT,19.45,time,83.805,rpm,0,ENGINE_LOAD,104.56,MAP,104.56,afr,10.00,vss,0.00,ks,0.00,kv,2.41,vbatt,12.61,TP,0.00,CLT,20.26,MAT,19.27,time,84.005,rpm,0,ENGINE_LOAD,104.53,MAP,104.53,afr,9.99,vss,0.00,ks,0.00,kv,2.41,vbatt,12.44,TP,0.00,CLT,20.39,MAT,19.42,ckp_c,11604,fuel_base,12.08,fuel_lag,1.00,fuel,14.50,timing,22.00,duty0,NaN,dwell0,0.00,total_dwell0,0.00,period0,0.00,advance0,NaN,duty1,NaN,dwell1,0.00,total_dwell1,0.00,period1,0.00,advance1,NaN,
Thu Jul 16 08:00:19 EDT 2015<EOT>: Sending [0, 1, 71, 58, -70, 59, -66]
Thu Jul 16 08:00:19 EDT 2015<EOT>: Waiting for 2 byte(s): text header
Thu Jul 16 08:00:19 EDT 2015<EOT>: Waiting for 5 byte(s): text body
Thu Jul 16 08:00:19 EDT 2015<EOT>: Sending [0, 1, 71, 58, -70, 59, -66]
Thu Jul 16 08:00:19 EDT 2015<EOT>: Waiting for 2 byte(s): text header
Thu Jul 16 08:00:19 EDT 2015<EOT>: Waiting for 5 byte(s): text body
Thu Jul 16 08:00:19 EDT 2015<EOT>: Sending [0, 1, 71, 58, -70, 59, -66]
Thu Jul 16 08:00:19 EDT 2015<EOT>: Waiting for 2 byte(s): text header
Thu Jul 16 08:00:19 EDT 2015<EOT>: Waiting for 5 byte(s): text body
Thu Jul 16 08:00:19 EDT 2015<EOT>: Sending [0, 1, 71, 58, -70, 59, -66]
Thu Jul 16 08:00:19 EDT 2015<EOT>: Waiting for 2 byte(s): text header
Thu Jul 16 08:00:19 EDT 2015<EOT>: Waiting for 5 byte(s): text body
Thu Jul 16 08:00:19 EDT 2015<EOT>: Sending [0, 1, 71, 58, -70, 59, -66]
Thu Jul 16 08:00:19 EDT 2015<EOT>: Waiting for 2 byte(s): text header
Thu Jul 16 08:00:19 EDT 2015<EOT>: Waiting for 5 byte(s): text body
Thu Jul 16 08:00:20 EDT 2015<EOT>: Sending [0, 1, 71, 58, -70, 59, -66]
Thu Jul 16 08:00:20 EDT 2015<EOT>: Waiting for 2 byte(s): text header
Thu Jul 16 08:00:20 EDT 2015<EOT>: Waiting for 818 byte(s): text body
Thu Jul 16 08:00:20 EDT 2015<EOT>: time,84.207,rpm,0,ENGINE_LOAD,104.60,MAP,104.60,afr,10.00,vss,0.00,ks,0.00,kv,2.41,vbatt,12.61,TP,0.00,CLT,20.28,MAT,19.58,time,84.406,rpm,0,ENGINE_LOAD,104.45,MAP,104.45,afr,10.01,vss,0.00,ks,0.00,kv,2.41,vbatt,12.19,TP,0.00,CLT,20.52,MAT,19.27,time,84.607,rpm,0,ENGINE_LOAD,104.38,MAP,104.38,afr,10.00,vss,0.00,ks,0.00,kv,2.41,vbatt,12.34,TP,0.00,CLT,20.62,MAT,19.37,time,84.806,rpm,0,ENGINE_LOAD,104.45,MAP,104.45,afr,10.00,vss,0.00,ks,0.00,kv,2.41,vbatt,12.35,TP,0.00,CLT,20.62,MAT,19.40,time,85.007,rpm,0,ENGINE_LOAD,104.75,MAP,104.75,afr,10.00,vss,0.00,ks,0.00,kv,2.41,vbatt,12.36,TP,0.00,CLT,20.47,MAT,19.61,ckp_c,11604,fuel_base,12.07,fuel_lag,1.00,fuel,14.54,timing,22.00,duty0,NaN,dwell0,0.00,total_dwell0,0.00,period0,0.00,advance0,NaN,duty1,NaN,dwell1,0.00,total_dwell1,0.00,period1,0.00,advance1,NaN,
Thu Jul 16 08:00:20 EDT 2015<EOT>: Sending [0, 1, 71, 58, -70, 59, -66]
Thu Jul 16 08:00:20 EDT 2015<EOT>: Waiting for 2 byte(s): text header
Thu Jul 16 08:00:20 EDT 2015<EOT>: Waiting for 5 byte(s): text body
Thu Jul 16 08:00:20 EDT 2015<EOT>: Sending [0, 1, 71, 58, -70, 59, -66]
Thu Jul 16 08:00:20 EDT 2015<EOT>: Waiting for 2 byte(s): text header
Thu Jul 16 08:00:20 EDT 2015<EOT>: Waiting for 5 byte(s): text body
Thu Jul 16 08:00:20 EDT 2015<EOT>: Sending [0, 1, 71, 58, -70, 59, -66]
Thu Jul 16 08:00:20 EDT 2015<EOT>: Waiting for 2 byte(s): text header
Thu Jul 16 08:00:20 EDT 2015<EOT>: Waiting for 5 byte(s): text body
Thu Jul 16 08:00:21 EDT 2015<EOT>: Sending [0, 1, 71, 58, -70, 59, -66]
Thu Jul 16 08:00:21 EDT 2015<EOT>: Waiting for 2 byte(s): text header
Thu Jul 16 08:00:21 EDT 2015<EOT>: Waiting for 5 byte(s): text body
Thu Jul 16 08:00:21 EDT 2015<EOT>: Sending [0, 1, 71, 58, -70, 59, -66]
Thu Jul 16 08:00:21 EDT 2015<EOT>: Waiting for 2 byte(s): text header
Thu Jul 16 08:00:21 EDT 2015<EOT>: Waiting for 817 byte(s): text body
Thu Jul 16 08:00:21 EDT 2015<EOT>: time,85.208,rpm,0,ENGINE_LOAD,104.56,MAP,104.56,afr,10.00,vss,0.00,ks,0.00,kv,2.41,vbatt,12.34,TP,0.00,CLT,20.49,MAT,19.24,time,85.407,rpm,0,ENGINE_LOAD,104.56,MAP,104.56,afr,9.99,vss,0.00,ks,0.00,kv,2.41,vbatt,12.32,TP,0.00,CLT,20.47,MAT,18.74,time,85.608,rpm,0,ENGINE_LOAD,104.53,MAP,104.53,afr,10.14,vss,0.00,ks,0.00,kv,2.41,vbatt,12.22,TP,0.00,CLT,20.55,MAT,19.29,time,85.807,rpm,0,ENGINE_LOAD,104.67,MAP,104.67,afr,10.14,vss,0.00,ks,0.00,kv,2.41,vbatt,12.27,TP,0.00,CLT,20.47,MAT,19.29,time,86.008,rpm,0,ENGINE_LOAD,104.60,MAP,104.60,afr,10.12,vss,0.00,ks,0.00,kv,2.41,vbatt,12.14,TP,0.00,CLT,20.55,MAT,19.29,ckp_c,11604,fuel_base,12.09,fuel_lag,1.00,fuel,14.52,timing,22.00,duty0,NaN,dwell0,0.00,total_dwell0,0.00,period0,0.00,advance0,NaN,duty1,NaN,dwell1,0.00,total_dwell1,0.00,period1,0.00,advance1,NaN,
Thu Jul 16 08:00:22 EDT 2015<EOT>: Sending [0, 1, 71, 58, -70, 59, -66]
Thu Jul 16 08:00:22 EDT 2015<EOT>: Waiting for 2 byte(s): text header
Thu Jul 16 08:00:22 EDT 2015<EOT>: Waiting for 80 byte(s): text body
Thu Jul 16 08:00:22 EDT 2015<EOT>: wave_chart,t2!d_97!0!t1!d_98!2!t1!u_99!3!t1!d_100!5!t2!d_101!8!t2!u_102!9!,
Thu Jul 16 08:00:22 EDT 2015<EOT>: : t2!d_97!0!t1!d_98!2!t1!u_99!3!t1!d_100!5!t2!d_101!8!t2!u_102!9!
Thu Jul 16 08:00:22 EDT 2015<EOT>: Registering t2@-1
Thu Jul 16 08:00:22 EDT 2015<EOT>: Sending [0, 1, 71, 58, -70, 59, -66]
Thu Jul 16 08:00:22 EDT 2015<EOT>: Waiting for 2 byte(s): text header
Thu Jul 16 08:00:22 EDT 2015<EOT>: Waiting for 5 byte(s): text body
Thu Jul 16 08:00:22 EDT 2015<EOT>: Sending [0, 1, 71, 58, -70, 59, -66]
Thu Jul 16 08:00:22 EDT 2015<EOT>: Waiting for 2 byte(s): text header
Thu Jul 16 08:00:22 EDT 2015<EOT>: Waiting for 1033 byte(s): text body
Thu Jul 16 08:00:22 EDT 2015<EOT>: time,86.208,rpm,0,ENGINE_LOAD,104.38,MAP,104.38,afr,10.14,vss,0.00,ks,0.00,kv,2.41,vbatt,12.27,TP,0.00,CLT,20.44,MAT,19.24,time,86.408,rpm,0,ENGINE_LOAD,104.53,MAP,104.53,afr,10.14,vss,0.00,ks,0.00,kv,2.41,vbatt,12.28,TP,0.00,CLT,20.57,MAT,19.32,time,86.609,rpm,0,ENGINE_LOAD,104.38,MAP,104.38,afr,10.11,vss,0.00,ks,0.00,kv,2.41,vbatt,12.28,TP,0.00,CLT,20.47,MAT,19.24,time,86.808,rpm,0,ENGINE_LOAD,104.31,MAP,104.31,afr,10.05,vss,0.00,ks,0.00,kv,2.41,vbatt,12.11,TP,0.00,CLT,20.52,MAT,19.27,time,87.009,rpm,0,ENGINE_LOAD,104.86,MAP,104.86,afr,10.07,vss,0.00,ks,0.00,kv,2.41,vbatt,12.27,TP,0.00,CLT,20.60,MAT,19.45,rusEfiVersion,20150713@8529 Neon03,outpin,t1@PA5,outpin,t2@PC6,outpin,input1@NONE,outpin,input2@NONE,outpin,c1@PC9,outpin,i1@PB8,outpin,c2@NONE,outpin,i2@PB9,outpin,c3@PE8,outpin,i3@PE2,outpin,c4@NONE,outpin,i4@PB7,ckp_c,11604,fuel_base,12.07,fuel_lag,1.00,fuel,14.54,timing,22.00,duty0,NaN,dwell0,0.00,total_dwell0,0.00,period0,0.00,advance0,NaN,duty1,NaN,dwell1,0.00,total_dwell1,0.00,period1,0.00,advance1,NaN,
Thu Jul 16 08:00:22 EDT 2015<EOT>: Sending [0, 1, 71, 58, -70, 59, -66]
Thu Jul 16 08:00:22 EDT 2015<EOT>: Waiting for 2 byte(s): text header
Thu Jul 16 08:00:22 EDT 2015<EOT>: Waiting for 5 byte(s): text body
Thu Jul 16 08:00:22 EDT 2015<EOT>: Sending [0, 1, 71, 58, -70, 59, -66]
Thu Jul 16 08:00:22 EDT 2015<EOT>: Waiting for 2 byte(s): text header
Thu Jul 16 08:00:22 EDT 2015<EOT>: Waiting for 5 byte(s): text body
Thu Jul 16 08:00:23 EDT 2015<EOT>: Sending [0, 1, 71, 58, -70, 59, -66]
Thu Jul 16 08:00:23 EDT 2015<EOT>: Waiting for 2 byte(s): text header
Thu Jul 16 08:00:23 EDT 2015<EOT>: Waiting for 5 byte(s): text body
Thu Jul 16 08:00:23 EDT 2015<EOT>: Sending [0, 1, 71, 58, -70, 59, -66]
Thu Jul 16 08:00:23 EDT 2015<EOT>: Waiting for 2 byte(s): text header
Thu Jul 16 08:00:23 EDT 2015<EOT>: Waiting for 818 byte(s): text body
Thu Jul 16 08:00:23 EDT 2015<EOT>: time,87.209,rpm,0,ENGINE_LOAD,104.60,MAP,104.60,afr,10.04,vss,0.00,ks,0.00,kv,2.41,vbatt,12.26,TP,0.00,CLT,20.68,MAT,19.27,time,87.410,rpm,0,ENGINE_LOAD,104.53,MAP,104.02,afr,10.02,vss,0.00,ks,0.00,kv,2.41,vbatt,12.24,TP,0.00,CLT,20.49,MAT,19.40,time,87.610,rpm,0,ENGINE_LOAD,104.67,MAP,104.67,afr,10.02,vss,0.00,ks,0.00,kv,2.41,vbatt,12.18,TP,0.00,CLT,20.47,MAT,19.50,time,87.809,rpm,0,ENGINE_LOAD,104.38,MAP,104.38,afr,10.01,vss,0.00,ks,0.00,kv,2.41,vbatt,12.23,TP,0.00,CLT,20.62,MAT,19.11,time,88.010,rpm,0,ENGINE_LOAD,104.38,MAP,104.38,afr,10.01,vss,0.00,ks,0.00,kv,2.41,vbatt,12.22,TP,0.00,CLT,20.62,MAT,19.29,ckp_c,11604,fuel_base,12.06,fuel_lag,1.00,fuel,14.56,timing,22.00,duty0,NaN,dwell0,0.00,total_dwell0,0.00,period0,0.00,advance0,NaN,duty1,NaN,dwell1,0.00,total_dwell1,0.00,period1,0.00,advance1,NaN,
Thu Jul 16 08:00:23 EDT 2015<EOT>: Sending [0, 1, 71, 58, -70, 59, -66]
Thu Jul 16 08:00:23 EDT 2015<EOT>: Waiting for 2 byte(s): text header
Thu Jul 16 08:00:23 EDT 2015<EOT>: Waiting for 5 byte(s): text body
Thu Jul 16 08:00:23 EDT 2015<EOT>: Sending [0, 1, 71, 58, -70, 59, -66]
Thu Jul 16 08:00:23 EDT 2015<EOT>: Waiting for 2 byte(s): text header
Thu Jul 16 08:00:23 EDT 2015<EOT>: Waiting for 5 byte(s): text body
Thu Jul 16 08:00:23 EDT 2015<EOT>: Sending [0, 1, 71, 58, -70, 59, -66]
Thu Jul 16 08:00:23 EDT 2015<EOT>: Waiting for 2 byte(s): text header
Thu Jul 16 08:00:23 EDT 2015<EOT>: Waiting for 5 byte(s): text body
Thu Jul 16 08:00:23 EDT 2015<EOT>: Sending [0, 1, 71, 58, -70, 59, -66]
Thu Jul 16 08:00:23 EDT 2015<EOT>: Waiting for 2 byte(s): text header
Thu Jul 16 08:00:23 EDT 2015<EOT>: Waiting for 5 byte(s): text body
Thu Jul 16 08:00:24 EDT 2015<EOT>: Sending [0, 1, 71, 58, -70, 59, -66]
Thu Jul 16 08:00:24 EDT 2015<EOT>: Waiting for 2 byte(s): text header
Thu Jul 16 08:00:24 EDT 2015<EOT>: Waiting for 5 byte(s): text body
Thu Jul 16 08:00:24 EDT 2015<EOT>: Sending [0, 1, 71, 58, -70, 59, -66]
Thu Jul 16 08:00:24 EDT 2015<EOT>: Waiting for 2 byte(s): text header
Thu Jul 16 08:00:24 EDT 2015<EOT>: Waiting for 818 byte(s): text body
Thu Jul 16 08:00:24 EDT 2015<EOT>: time,88.210,rpm,0,ENGINE_LOAD,104.53,MAP,104.53,afr,10.01,vss,0.00,ks,0.00,kv,2.41,vbatt,12.22,TP,0.00,CLT,20.68,MAT,19.34,time,88.411,rpm,0,ENGINE_LOAD,104.60,MAP,104.60,afr,10.00,vss,0.00,ks,0.00,kv,2.41,vbatt,12.21,TP,0.00,CLT,20.65,MAT,19.32,time,88.611,rpm,0,ENGINE_LOAD,104.64,MAP,104.64,afr,10.00,vss,0.00,ks,0.00,kv,2.41,vbatt,12.22,TP,0.00,CLT,20.57,MAT,19.34,time,88.810,rpm,0,ENGINE_LOAD,104.38,MAP,104.38,afr,10.00,vss,0.00,ks,0.00,kv,2.41,vbatt,12.22,TP,0.00,CLT,20.49,MAT,19.24,time,89.011,rpm,0,ENGINE_LOAD,104.45,MAP,104.45,afr,10.00,vss,0.00,ks,0.00,kv,2.41,vbatt,12.08,TP,0.00,CLT,20.47,MAT,19.37,ckp_c,11604,fuel_base,12.07,fuel_lag,1.00,fuel,14.51,timing,22.00,duty0,NaN,dwell0,0.00,total_dwell0,0.00,period0,0.00,advance0,NaN,duty1,NaN,dwell1,0.00,total_dwell1,0.00,period1,0.00,advance1,NaN,
Thu Jul 16 08:00:24 EDT 2015<EOT>: Sending set_int 1408 1
Thu Jul 16 08:00:24 EDT 2015<EOT>: Sending [set_int 1408 1]
Thu Jul 16 08:00:24 EDT 2015<EOT>: postMessage BinaryProtocol: Sending [set_int 1408 1]
Thu Jul 16 08:00:24 EDT 2015<EOT>: Failed to read from http://rusefi.com/console/versions.txt
Thu Jul 16 08:00:24 EDT 2015<EOT>: Sending [0, 1, 71, 58, -70, 59, -66]
Thu Jul 16 08:00:24 EDT 2015<EOT>: Waiting for 2 byte(s): text header
Thu Jul 16 08:00:24 EDT 2015<EOT>: Waiting for 5 byte(s): text body
Thu Jul 16 08:00:24 EDT 2015<EOT>: Sending [0, 15, 69, 115, 101, 116, 95, 105, 110, 116, 32, 49, 52, 48, 56, 32, 49, -68, 13, -37, -114]
Thu Jul 16 08:00:24 EDT 2015<EOT>: Waiting for 2 byte(s): execute header
Thu Jul 16 08:00:24 EDT 2015<EOT>: Waiting for 5 byte(s): execute body
Thu Jul 16 08:00:24 EDT 2015<EOT>: postMessage PortHolder: confirmation_set_int 1408 1
Thu Jul 16 08:00:24 EDT 2015<EOT>: postMessage CommandQueue: got valid conf! set_int 1408 1, still pending: 0
Thu Jul 16 08:00:24 EDT 2015<EOT>: Sending [0, 1, 71, 58, -70, 59, -66]
Thu Jul 16 08:00:24 EDT 2015<EOT>: Waiting for 2 byte(s): text header
Thu Jul 16 08:00:24 EDT 2015<EOT>: Waiting for 59 byte(s): text body
Thu Jul 16 08:00:24 EDT 2015<EOT>: msg,confirmation_set_int 1408 1:14,msg,int @1408 is 1,
Thu Jul 16 08:00:24 EDT 2015<EOT>: postMessage EngineState: confirmation_set_int 1408 1:14
Thu Jul 16 08:00:24 EDT 2015<EOT>: postMessage EngineState: int @1408 is 1
Thu Jul 16 08:00:24 EDT 2015<EOT>: postMessage CommandQueue: got valid conf! set_int 1408 1:14, still pending: 0
Thu Jul 16 08:00:25 EDT 2015<EOT>: Sending [0, 1, 71, 58, -70, 59, -66]
Thu Jul 16 08:00:25 EDT 2015<EOT>: Waiting for 2 byte(s): text header
Thu Jul 16 08:00:25 EDT 2015<EOT>: Waiting for 5 byte(s): text body
Thu Jul 16 08:00:25 EDT 2015<EOT>: Sending [0, 1, 71, 58, -70, 59, -66]
Thu Jul 16 08:00:25 EDT 2015<EOT>: Waiting for 2 byte(s): text header
Thu Jul 16 08:00:25 EDT 2015<EOT>: Waiting for 818 byte(s): text body
Thu Jul 16 08:00:25 EDT 2015<EOT>: time,89.211,rpm,0,ENGINE_LOAD,104.60,MAP,104.60,afr,10.00,vss,0.00,ks,0.00,kv,2.41,vbatt,12.20,TP,0.00,CLT,20.55,MAT,19.55,time,89.412,rpm,0,ENGINE_LOAD,104.53,MAP,104.60,afr,10.00,vss,0.00,ks,0.00,kv,2.41,vbatt,12.17,TP,0.00,CLT,20.70,MAT,19.37,time,89.611,rpm,0,ENGINE_LOAD,104.38,MAP,104.38,afr,10.00,vss,0.00,ks,0.00,kv,2.41,vbatt,12.19,TP,0.00,CLT,20.55,MAT,19.42,time,89.811,rpm,0,ENGINE_LOAD,104.71,MAP,104.71,afr,10.00,vss,0.00,ks,0.00,kv,2.41,vbatt,12.16,TP,0.00,CLT,20.62,MAT,19.40,time,90.012,rpm,0,ENGINE_LOAD,104.71,MAP,104.71,afr,10.00,vss,0.00,ks,0.00,kv,2.41,vbatt,12.05,TP,0.00,CLT,20.65,MAT,19.40,ckp_c,11604,fuel_base,12.09,fuel_lag,1.00,fuel,14.52,timing,22.00,duty0,NaN,dwell0,0.00,total_dwell0,0.00,period0,0.00,advance0,NaN,duty1,NaN,dwell1,0.00,total_dwell1,0.00,period1,0.00,advance1,NaN,
Thu Jul 16 08:00:25 EDT 2015<EOT>: Sending [0, 1, 71, 58, -70, 59, -66]
Thu Jul 16 08:00:25 EDT 2015<EOT>: Waiting for 2 byte(s): text header
Thu Jul 16 08:00:25 EDT 2015<EOT>: Waiting for 5 byte(s): text body
Thu Jul 16 08:00:25 EDT 2015<EOT>: Sending [0, 1, 71, 58, -70, 59, -66]
Thu Jul 16 08:00:25 EDT 2015<EOT>: Waiting for 2 byte(s): text header
Thu Jul 16 08:00:25 EDT 2015<EOT>: Waiting for 5 byte(s): text body
Thu Jul 16 08:00:25 EDT 2015<EOT>: Sending [0, 1, 71, 58, -70, 59, -66]
Thu Jul 16 08:00:25 EDT 2015<EOT>: Waiting for 2 byte(s): text header
Thu Jul 16 08:00:25 EDT 2015<EOT>: Waiting for 5 byte(s): text body
Thu Jul 16 08:00:25 EDT 2015<EOT>: Sending [0, 1, 71, 58, -70, 59, -66]
Thu Jul 16 08:00:25 EDT 2015<EOT>: Waiting for 2 byte(s): text header
Thu Jul 16 08:00:25 EDT 2015<EOT>: Waiting for 5 byte(s): text body
Thu Jul 16 08:00:25 EDT 2015<EOT>: Sending [0, 1, 71, 58, -70, 59, -66]
Thu Jul 16 08:00:25 EDT 2015<EOT>: Waiting for 2 byte(s): text header
Thu Jul 16 08:00:25 EDT 2015<EOT>: Waiting for 5 byte(s): text body
Thu Jul 16 08:00:25 EDT 2015<EOT>: Sending [0, 1, 71, 58, -70, 59, -66]
Thu Jul 16 08:00:25 EDT 2015<EOT>: Waiting for 2 byte(s): text header
Thu Jul 16 08:00:25 EDT 2015<EOT>: Waiting for 5 byte(s): text body
Thu Jul 16 08:00:26 EDT 2015<EOT>: Sending [0, 1, 71, 58, -70, 59, -66]
Thu Jul 16 08:00:26 EDT 2015<EOT>: Waiting for 2 byte(s): text header
Thu Jul 16 08:00:26 EDT 2015<EOT>: Waiting for 5 byte(s): text body
Thu Jul 16 08:00:26 EDT 2015<EOT>: Sending [0, 1, 71, 58, -70, 59, -66]
Thu Jul 16 08:00:26 EDT 2015<EOT>: Waiting for 2 byte(s): text header
Thu Jul 16 08:00:26 EDT 2015<EOT>: Waiting for 1033 byte(s): text body
Thu Jul 16 08:00:26 EDT 2015<EOT>: time,90.212,rpm,0,ENGINE_LOAD,104.60,MAP,104.38,afr,10.00,vss,0.00,ks,0.00,kv,2.41,vbatt,12.16,TP,0.00,CLT,20.73,MAT,19.58,time,90.413,rpm,0,ENGINE_LOAD,104.60,MAP,104.60,afr,10.00,vss,0.00,ks,0.00,kv,2.41,vbatt,12.15,TP,0.00,CLT,20.76,MAT,19.27,time,90.612,rpm,0,ENGINE_LOAD,104.23,MAP,104.23,afr,10.00,vss,0.00,ks,0.00,kv,2.41,vbatt,12.13,TP,0.00,CLT,20.78,MAT,19.32,time,90.813,rpm,0,ENGINE_LOAD,104.67,MAP,104.31,afr,10.00,vss,0.00,ks,0.00,kv,2.41,vbatt,12.11,TP,0.00,CLT,20.70,MAT,19.40,time,91.013,rpm,0,ENGINE_LOAD,104.45,MAP,104.45,afr,10.00,vss,0.00,ks,0.00,kv,2.41,vbatt,12.14,TP,0.00,CLT,20.73,MAT,19.42,rusEfiVersion,20150713@8529 Neon03,outpin,t1@PA5,outpin,t2@PC6,outpin,input1@NONE,outpin,input2@NONE,outpin,c1@PC9,outpin,i1@PB8,outpin,c2@NONE,outpin,i2@PB9,outpin,c3@PE8,outpin,i3@PE2,outpin,c4@NONE,outpin,i4@PB7,ckp_c,11604,fuel_base,12.07,fuel_lag,1.00,fuel,14.51,timing,22.00,duty0,NaN,dwell0,0.00,total_dwell0,0.00,period0,0.00,advance0,NaN,duty1,NaN,dwell1,0.00,total_dwell1,0.00,period1,0.00,advance1,NaN,
Thu Jul 16 08:00:26 EDT 2015<EOT>: Sending [0, 1, 71, 58, -70, 59, -66]
Thu Jul 16 08:00:26 EDT 2015<EOT>: Waiting for 2 byte(s): text header
Thu Jul 16 08:00:26 EDT 2015<EOT>: Waiting for 5 byte(s): text body
Thu Jul 16 08:00:26 EDT 2015<EOT>: Sending [0, 1, 71, 58, -70, 59, -66]
Thu Jul 16 08:00:26 EDT 2015<EOT>: Waiting for 2 byte(s): text header
Thu Jul 16 08:00:26 EDT 2015<EOT>: Waiting for 5 byte(s): text body
Thu Jul 16 08:00:26 EDT 2015<EOT>: Sending [0, 1, 71, 58, -70, 59, -66]
Thu Jul 16 08:00:26 EDT 2015<EOT>: Waiting for 2 byte(s): text header
Thu Jul 16 08:00:26 EDT 2015<EOT>: Waiting for 5 byte(s): text body
Thu Jul 16 08:00:26 EDT 2015<EOT>: Sending [0, 1, 71, 58, -70, 59, -66]
Thu Jul 16 08:00:26 EDT 2015<EOT>: Waiting for 2 byte(s): text header
Thu Jul 16 08:00:26 EDT 2015<EOT>: Waiting for 5 byte(s): text body
Thu Jul 16 08:00:26 EDT 2015<EOT>: Sending [0, 1, 71, 58, -70, 59, -66]
Thu Jul 16 08:00:26 EDT 2015<EOT>: Waiting for 2 byte(s): text header
Thu Jul 16 08:00:26 EDT 2015<EOT>: Waiting for 5 byte(s): text body
Thu Jul 16 08:00:27 EDT 2015<EOT>: Sending [0, 1, 71, 58, -70, 59, -66]
Thu Jul 16 08:00:27 EDT 2015<EOT>: Waiting for 2 byte(s): text header
Thu Jul 16 08:00:27 EDT 2015<EOT>: Waiting for 5 byte(s): text body
Thu Jul 16 08:00:27 EDT 2015<EOT>: Sending [0, 1, 71, 58, -70, 59, -66]
Thu Jul 16 08:00:27 EDT 2015<EOT>: Waiting for 2 byte(s): text header
Thu Jul 16 08:00:27 EDT 2015<EOT>: Waiting for 818 byte(s): text body
Thu Jul 16 08:00:27 EDT 2015<EOT>: time,91.213,rpm,0,ENGINE_LOAD,104.56,MAP,104.56,afr,10.00,vss,0.00,ks,0.00,kv,2.41,vbatt,12.16,TP,0.00,CLT,20.76,MAT,19.47,time,91.414,rpm,0,ENGINE_LOAD,104.38,MAP,104.38,afr,10.00,vss,0.00,ks,0.00,kv,2.41,vbatt,11.97,TP,0.00,CLT,20.76,MAT,19.40,time,91.613,rpm,0,ENGINE_LOAD,104.38,MAP,104.38,afr,10.00,vss,0.00,ks,0.00,kv,2.41,vbatt,12.10,TP,0.00,CLT,20.76,MAT,19.40,time,91.814,rpm,0,ENGINE_LOAD,104.56,MAP,104.56,afr,10.00,vss,0.00,ks,0.00,kv,2.41,vbatt,12.13,TP,0.00,CLT,20.68,MAT,19.40,time,92.013,rpm,0,ENGINE_LOAD,104.38,MAP,104.38,afr,10.00,vss,0.00,ks,0.00,kv,2.41,vbatt,12.12,TP,0.00,CLT,20.81,MAT,19.32,ckp_c,11604,fuel_base,12.09,fuel_lag,1.00,fuel,14.55,timing,22.00,duty0,NaN,dwell0,0.00,total_dwell0,0.00,period0,0.00,advance0,NaN,duty1,NaN,dwell1,0.00,total_dwell1,0.00,period1,0.00,advance1,NaN,
Thu Jul 16 08:00:27 EDT 2015<EOT>: Sending [0, 1, 71, 58, -70, 59, -66]
Thu Jul 16 08:00:27 EDT 2015<EOT>: Waiting for 2 byte(s): text header
Thu Jul 16 08:00:27 EDT 2015<EOT>: Waiting for 5 byte(s): text body
Thu Jul 16 08:00:27 EDT 2015<EOT>: Sending [0, 1, 71, 58, -70, 59, -66]
Thu Jul 16 08:00:27 EDT 2015<EOT>: Waiting for 2 byte(s): text header
Thu Jul 16 08:00:27 EDT 2015<EOT>: Waiting for 5 byte(s): text body
Thu Jul 16 08:00:27 EDT 2015<EOT>: Sending [0, 1, 71, 58, -70, 59, -66]
Thu Jul 16 08:00:27 EDT 2015<EOT>: Waiting for 2 byte(s): text header
Thu Jul 16 08:00:27 EDT 2015<EOT>: Waiting for 5 byte(s): text body
Thu Jul 16 08:00:27 EDT 2015<EOT>: Sending [0, 1, 71, 58, -70, 59, -66]
Thu Jul 16 08:00:27 EDT 2015<EOT>: Waiting for 2 byte(s): text header
Thu Jul 16 08:00:27 EDT 2015<EOT>: Waiting for 5 byte(s): text body
Thu Jul 16 08:00:27 EDT 2015<EOT>: Sending [0, 1, 71, 58, -70, 59, -66]
Thu Jul 16 08:00:27 EDT 2015<EOT>: Waiting for 2 byte(s): text header
Thu Jul 16 08:00:27 EDT 2015<EOT>: Waiting for 5 byte(s): text body
Thu Jul 16 08:00:28 EDT 2015<EOT>: Sending [0, 1, 71, 58, -70, 59, -66]
Thu Jul 16 08:00:28 EDT 2015<EOT>: Waiting for 2 byte(s): text header
Thu Jul 16 08:00:28 EDT 2015<EOT>: Waiting for 5 byte(s): text body
Thu Jul 16 08:00:28 EDT 2015<EOT>: Sending [0, 1, 71, 58, -70, 59, -66]
Thu Jul 16 08:00:28 EDT 2015<EOT>: Waiting for 2 byte(s): text header
Thu Jul 16 08:00:28 EDT 2015<EOT>: Waiting for 818 byte(s): text body
Thu Jul 16 08:00:28 EDT 2015<EOT>: time,92.214,rpm,0,ENGINE_LOAD,104.78,MAP,104.78,afr,10.00,vss,0.00,ks,0.00,kv,2.41,vbatt,12.12,TP,0.00,CLT,20.76,MAT,19.53,time,92.415,rpm,0,ENGINE_LOAD,104.64,MAP,104.64,afr,10.00,vss,0.00,ks,0.00,kv,2.41,vbatt,12.13,TP,0.00,CLT,20.83,MAT,19.32,time,92.614,rpm,0,ENGINE_LOAD,104.53,MAP,104.53,afr,10.00,vss,0.00,ks,0.00,kv,2.41,vbatt,12.02,TP,0.00,CLT,20.76,MAT,19.42,time,92.815,rpm,0,ENGINE_LOAD,104.34,MAP,104.34,afr,10.00,vss,0.00,ks,0.00,kv,2.41,vbatt,12.11,TP,0.00,CLT,20.81,MAT,19.55,time,93.014,rpm,0,ENGINE_LOAD,104.56,MAP,104.56,afr,10.00,vss,0.00,ks,0.00,kv,2.41,vbatt,12.12,TP,0.00,CLT,20.78,MAT,19.19,ckp_c,11604,fuel_base,12.07,fuel_lag,1.00,fuel,14.47,timing,22.00,duty0,NaN,dwell0,0.00,total_dwell0,0.00,period0,0.00,advance0,NaN,duty1,NaN,dwell1,0.00,total_dwell1,0.00,period1,0.00,advance1,NaN,
Thu Jul 16 08:00:28 EDT 2015<EOT>: Sending [0, 1, 71, 58, -70, 59, -66]
Thu Jul 16 08:00:28 EDT 2015<EOT>: Waiting for 2 byte(s): text header
Thu Jul 16 08:00:28 EDT 2015<EOT>: Waiting for 5 byte(s): text body
Thu Jul 16 08:00:28 EDT 2015<EOT>: Sending [0, 1, 71, 58, -70, 59, -66]
Thu Jul 16 08:00:28 EDT 2015<EOT>: Waiting for 2 byte(s): text header
Thu Jul 16 08:00:28 EDT 2015<EOT>: Waiting for 5 byte(s): text body
Thu Jul 16 08:00:28 EDT 2015<EOT>: Sending [0, 1, 71, 58, -70, 59, -66]
Thu Jul 16 08:00:28 EDT 2015<EOT>: Waiting for 2 byte(s): text header
Thu Jul 16 08:00:28 EDT 2015<EOT>: Waiting for 5 byte(s): text body
Thu Jul 16 08:00:28 EDT 2015<EOT>: Sending [0, 1, 71, 58, -70, 59, -66]
Thu Jul 16 08:00:28 EDT 2015<EOT>: Waiting for 2 byte(s): text header
Thu Jul 16 08:00:28 EDT 2015<EOT>: Waiting for 5 byte(s): text body
Thu Jul 16 08:00:28 EDT 2015<EOT>: Sending [0, 1, 71, 58, -70, 59, -66]
Thu Jul 16 08:00:28 EDT 2015<EOT>: Waiting for 2 byte(s): text header
Thu Jul 16 08:00:28 EDT 2015<EOT>: Waiting for 5 byte(s): text body
Thu Jul 16 08:00:29 EDT 2015<EOT>: Sending [0, 1, 71, 58, -70, 59, -66]
Thu Jul 16 08:00:29 EDT 2015<EOT>: Waiting for 2 byte(s): text header
Thu Jul 16 08:00:29 EDT 2015<EOT>: Waiting for 5 byte(s): text body
Thu Jul 16 08:00:29 EDT 2015<EOT>: Sending [0, 1, 71, 58, -70, 59, -66]
Thu Jul 16 08:00:29 EDT 2015<EOT>: Waiting for 2 byte(s): text header
Thu Jul 16 08:00:29 EDT 2015<EOT>: Waiting for 818 byte(s): text body
Thu Jul 16 08:00:29 EDT 2015<EOT>: time,93.216,rpm,0,ENGINE_LOAD,104.56,MAP,104.56,afr,10.00,vss,0.00,ks,0.00,kv,2.41,vbatt,12.11,TP,0.00,CLT,20.86,MAT,19.37,time,93.416,rpm,0,ENGINE_LOAD,104.27,MAP,104.27,afr,10.00,vss,0.00,ks,0.00,kv,2.41,vbatt,12.12,TP,0.00,CLT,20.81,MAT,19.58,time,93.615,rpm,0,ENGINE_LOAD,104.45,MAP,104.45,afr,10.00,vss,0.00,ks,0.00,kv,2.41,vbatt,12.12,TP,0.00,CLT,20.81,MAT,19.16,time,93.816,rpm,0,ENGINE_LOAD,104.38,MAP,104.38,afr,10.00,vss,0.00,ks,0.00,kv,2.41,vbatt,12.12,TP,0.00,CLT,20.89,MAT,19.34,time,94.015,rpm,0,ENGINE_LOAD,104.38,MAP,104.38,afr,10.00,vss,0.00,ks,0.00,kv,2.41,vbatt,12.11,TP,0.00,CLT,20.86,MAT,19.32,ckp_c,11604,fuel_base,12.03,fuel_lag,1.00,fuel,14.48,timing,22.00,duty0,NaN,dwell0,0.00,total_dwell0,0.00,period0,0.00,advance0,NaN,duty1,NaN,dwell1,0.00,total_dwell1,0.00,period1,0.00,advance1,NaN,
Thu Jul 16 08:00:29 EDT 2015<EOT>: Sending [0, 1, 71, 58, -70, 59, -66]
Thu Jul 16 08:00:29 EDT 2015<EOT>: Waiting for 2 byte(s): text header
Thu Jul 16 08:00:29 EDT 2015<EOT>: Waiting for 5 byte(s): text body
Thu Jul 16 08:00:29 EDT 2015<EOT>: Sending [0, 1, 71, 58, -70, 59, -66]
Thu Jul 16 08:00:29 EDT 2015<EOT>: Waiting for 2 byte(s): text header
Thu Jul 16 08:00:29 EDT 2015<EOT>: Waiting for 5 byte(s): text body
Thu Jul 16 08:00:29 EDT 2015<EOT>: Sending [0, 1, 71, 58, -70, 59, -66]
Thu Jul 16 08:00:29 EDT 2015<EOT>: Waiting for 2 byte(s): text header
Thu Jul 16 08:00:29 EDT 2015<EOT>: Waiting for 5 byte(s): text body
Thu Jul 16 08:00:29 EDT 2015<EOT>: Sending [0, 1, 71, 58, -70, 59, -66]
Thu Jul 16 08:00:29 EDT 2015<EOT>: Waiting for 2 byte(s): text header
Thu Jul 16 08:00:29 EDT 2015<EOT>: Waiting for 5 byte(s): text body
Thu Jul 16 08:00:29 EDT 2015<EOT>: Sending [0, 1, 71, 58, -70, 59, -66]
Thu Jul 16 08:00:29 EDT 2015<EOT>: Waiting for 2 byte(s): text header
Thu Jul 16 08:00:29 EDT 2015<EOT>: Waiting for 5 byte(s): text body
Thu Jul 16 08:00:30 EDT 2015<EOT>: Sending [0, 1, 71, 58, -70, 59, -66]
Thu Jul 16 08:00:30 EDT 2015<EOT>: Waiting for 2 byte(s): text header
Thu Jul 16 08:00:30 EDT 2015<EOT>: Waiting for 5 byte(s): text body
Thu Jul 16 08:00:30 EDT 2015<EOT>: Sending [0, 1, 71, 58, -70, 59, -66]
Thu Jul 16 08:00:30 EDT 2015<EOT>: Waiting for 2 byte(s): text header
Thu Jul 16 08:00:30 EDT 2015<EOT>: Waiting for 1033 byte(s): text body
Thu Jul 16 08:00:30 EDT 2015<EOT>: time,94.217,rpm,0,ENGINE_LOAD,104.75,MAP,104.75,afr,10.00,vss,0.00,ks,0.00,kv,2.41,vbatt,12.11,TP,0.00,CLT,20.83,MAT,19.55,time,94.416,rpm,0,ENGINE_LOAD,104.67,MAP,104.67,afr,10.00,vss,0.00,ks,0.00,kv,2.41,vbatt,11.96,TP,0.00,CLT,20.83,MAT,19.42,time,94.616,rpm,0,ENGINE_LOAD,104.49,MAP,104.49,afr,10.00,vss,0.00,ks,0.00,kv,2.41,vbatt,12.05,TP,0.00,CLT,20.81,MAT,19.45,time,94.817,rpm,0,ENGINE_LOAD,104.71,MAP,104.71,afr,10.00,vss,0.00,ks,0.00,kv,2.41,vbatt,12.10,TP,0.00,CLT,20.89,MAT,19.29,time,95.016,rpm,0,ENGINE_LOAD,104.56,MAP,104.56,afr,10.00,vss,0.00,ks,0.00,kv,2.41,vbatt,12.05,TP,0.00,CLT,20.83,MAT,19.45,rusEfiVersion,20150713@8529 Neon03,outpin,t1@PA5,outpin,t2@PC6,outpin,input1@NONE,outpin,input2@NONE,outpin,c1@PC9,outpin,i1@PB8,outpin,c2@NONE,outpin,i2@PB9,outpin,c3@PE8,outpin,i3@PE2,outpin,c4@NONE,outpin,i4@PB7,ckp_c,11604,fuel_base,12.06,fuel_lag,1.00,fuel,14.50,timing,22.00,duty0,NaN,dwell0,0.00,total_dwell0,0.00,period0,0.00,advance0,NaN,duty1,NaN,dwell1,0.00,total_dwell1,0.00,period1,0.00,advance1,NaN,
Thu Jul 16 08:00:30 EDT 2015<EOT>: Sending [0, 1, 71, 58, -70, 59, -66]
Thu Jul 16 08:00:30 EDT 2015<EOT>: Waiting for 2 byte(s): text header
Thu Jul 16 08:00:30 EDT 2015<EOT>: Waiting for 5 byte(s): text body
Thu Jul 16 08:00:30 EDT 2015<EOT>: Sending [0, 1, 71, 58, -70, 59, -66]
Thu Jul 16 08:00:30 EDT 2015<EOT>: Waiting for 2 byte(s): text header
Thu Jul 16 08:00:30 EDT 2015<EOT>: Waiting for 5 byte(s): text body
Thu Jul 16 08:00:30 EDT 2015<EOT>: Sending [0, 1, 71, 58, -70, 59, -66]
Thu Jul 16 08:00:30 EDT 2015<EOT>: Waiting for 2 byte(s): text header
Thu Jul 16 08:00:30 EDT 2015<EOT>: Waiting for 5 byte(s): text body
Thu Jul 16 08:00:30 EDT 2015<EOT>: Sending [0, 1, 71, 58, -70, 59, -66]
Thu Jul 16 08:00:30 EDT 2015<EOT>: Waiting for 2 byte(s): text header
Thu Jul 16 08:00:30 EDT 2015<EOT>: Waiting for 5 byte(s): text body
Thu Jul 16 08:00:30 EDT 2015<EOT>: Sending [0, 1, 71, 58, -70, 59, -66]
Thu Jul 16 08:00:30 EDT 2015<EOT>: Waiting for 2 byte(s): text header
Thu Jul 16 08:00:30 EDT 2015<EOT>: Waiting for 5 byte(s): text body
Thu Jul 16 08:00:31 EDT 2015<EOT>: Sending [0, 1, 71, 58, -70, 59, -66]
Thu Jul 16 08:00:31 EDT 2015<EOT>: Waiting for 2 byte(s): text header
Thu Jul 16 08:00:31 EDT 2015<EOT>: Waiting for 5 byte(s): text body
Thu Jul 16 08:00:31 EDT 2015<EOT>: Sending [0, 1, 71, 58, -70, 59, -66]
Thu Jul 16 08:00:31 EDT 2015<EOT>: Waiting for 2 byte(s): text header
Thu Jul 16 08:00:31 EDT 2015<EOT>: Waiting for 5 byte(s): text body
Thu Jul 16 08:00:31 EDT 2015<EOT>: Sending [0, 1, 71, 58, -70, 59, -66]
Thu Jul 16 08:00:31 EDT 2015<EOT>: Waiting for 2 byte(s): text header
Thu Jul 16 08:00:31 EDT 2015<EOT>: Waiting for 818 byte(s): text body
Thu Jul 16 08:00:31 EDT 2015<EOT>: time,95.218,rpm,0,ENGINE_LOAD,104.64,MAP,104.56,afr,10.00,vss,0.00,ks,0.00,kv,2.41,vbatt,12.11,TP,0.00,CLT,20.91,MAT,19.53,time,95.417,rpm,0,ENGINE_LOAD,104.56,MAP,104.34,afr,10.00,vss,0.00,ks,0.00,kv,2.41,vbatt,12.09,TP,0.00,CLT,20.86,MAT,19.34,time,95.617,rpm,0,ENGINE_LOAD,104.53,MAP,104.38,afr,10.00,vss,0.00,ks,0.00,kv,2.41,vbatt,12.09,TP,0.00,CLT,20.91,MAT,19.34,time,95.818,rpm,0,ENGINE_LOAD,104.64,MAP,104.38,afr,10.00,vss,0.00,ks,0.00,kv,2.41,vbatt,12.07,TP,0.00,CLT,20.94,MAT,19.37,time,96.017,rpm,0,ENGINE_LOAD,104.71,MAP,104.60,afr,10.00,vss,0.00,ks,0.00,kv,2.41,vbatt,12.05,TP,0.00,CLT,20.94,MAT,19.37,ckp_c,11604,fuel_base,12.07,fuel_lag,1.00,fuel,14.51,timing,22.00,duty0,NaN,dwell0,0.00,total_dwell0,0.00,period0,0.00,advance0,NaN,duty1,NaN,dwell1,0.00,total_dwell1,0.00,period1,0.00,advance1,NaN,
Thu Jul 16 08:00:31 EDT 2015<EOT>: Sending [writeconfig]
Thu Jul 16 08:00:31 EDT 2015<EOT>: postMessage BinaryProtocol: Sending [writeconfig]
Thu Jul 16 08:00:31 EDT 2015<EOT>: Sending [0, 1, 71, 58, -70, 59, -66]
Thu Jul 16 08:00:31 EDT 2015<EOT>: Waiting for 2 byte(s): text header
Thu Jul 16 08:00:31 EDT 2015<EOT>: Waiting for 5 byte(s): text body
Thu Jul 16 08:00:31 EDT 2015<EOT>: Sending [0, 12, 69, 119, 114, 105, 116, 101, 99, 111, 110, 102, 105, 103, -110, -84, 81, 82]
Thu Jul 16 08:00:31 EDT 2015<EOT>: Waiting for 2 byte(s): execute header
Thu Jul 16 08:00:32 EDT 2015<EOT>: Waiting for 5 byte(s): execute body
Thu Jul 16 08:00:32 EDT 2015<EOT>: postMessage PortHolder: confirmation_writeconfig
Thu Jul 16 08:00:32 EDT 2015<EOT>: Sending [0, 1, 71, 58, -70, 59, -66]
Thu Jul 16 08:00:32 EDT 2015<EOT>: postMessage CommandQueue: got valid conf! writeconfig, still pending: 0
Thu Jul 16 08:00:32 EDT 2015<EOT>: Waiting for 2 byte(s): text header
Thu Jul 16 08:00:32 EDT 2015<EOT>: Waiting for 253 byte(s): text body
Thu Jul 16 08:00:32 EDT 2015<EOT>: msg,confirmation_writeconfig:11,msg, !!!!!!!!!!!!!!!!!!!! BE SURE NOT WRITE WITH IGNITION ON !!!!!!!!!!!!!!!!!!!!,msg,flash compatible with 8400,msg,Reseting flash: size=15300,msg,Flashing with CRC=136,msg,Flash programmed in 72ms,msg,FLASH_SUCESS,
Thu Jul 16 08:00:32 EDT 2015<EOT>: postMessage EngineState: confirmation_writeconfig:11
Thu Jul 16 08:00:32 EDT 2015<EOT>: postMessage EngineState:  !!!!!!!!!!!!!!!!!!!! BE SURE NOT WRITE WITH IGNITION ON !!!!!!!!!!!!!!!!!!!!
Thu Jul 16 08:00:32 EDT 2015<EOT>: postMessage EngineState: flash compatible with 8400
Thu Jul 16 08:00:32 EDT 2015<EOT>: postMessage EngineState: Reseting flash: size=15300
Thu Jul 16 08:00:32 EDT 2015<EOT>: postMessage EngineState: Flashing with CRC=136
Thu Jul 16 08:00:32 EDT 2015<EOT>: postMessage EngineState: Flash programmed in 72ms
Thu Jul 16 08:00:32 EDT 2015<EOT>: postMessage EngineState: FLASH_SUCESS
Thu Jul 16 08:00:32 EDT 2015<EOT>: postMessage CommandQueue: got valid conf! writeconfig:11, still pending: 0
Thu Jul 16 08:00:32 EDT 2015<EOT>: Sending [0, 1, 71, 58, -70, 59, -66]
Thu Jul 16 08:00:32 EDT 2015<EOT>: Waiting for 2 byte(s): text header
Thu Jul 16 08:00:32 EDT 2015<EOT>: Waiting for 5 byte(s): text body
Thu Jul 16 08:00:33 EDT 2015<EOT>: Sending [0, 1, 71, 58, -70, 59, -66]
Thu Jul 16 08:00:33 EDT 2015<EOT>: Waiting for 2 byte(s): text header
Thu Jul 16 08:00:33 EDT 2015<EOT>: Waiting for 5 byte(s): text body
Thu Jul 16 08:00:33 EDT 2015<EOT>: Sending [0, 1, 71, 58, -70, 59, -66]
Thu Jul 16 08:00:33 EDT 2015<EOT>: Waiting for 2 byte(s): text header
Thu Jul 16 08:00:33 EDT 2015<EOT>: Waiting for 5 byte(s): text body
Thu Jul 16 08:00:33 EDT 2015<EOT>: Sending [0, 1, 71, 58, -70, 59, -66]
Thu Jul 16 08:00:33 EDT 2015<EOT>: Waiting for 2 byte(s): text header
Thu Jul 16 08:00:33 EDT 2015<EOT>: Waiting for 817 byte(s): text body
Thu Jul 16 08:00:33 EDT 2015<EOT>: time,96.219,rpm,0,ENGINE_LOAD,104.56,MAP,104.56,afr,10.00,vss,0.00,ks,0.00,kv,2.41,vbatt,12.08,TP,0.00,CLT,20.99,MAT,19.40,time,96.418,rpm,0,ENGINE_LOAD,104.60,MAP,104.60,afr,10.00,vss,0.00,ks,0.00,kv,2.41,vbatt,12.06,TP,0.00,CLT,20.83,MAT,19.45,time,96.625,rpm,0,ENGINE_LOAD,104.82,MAP,104.82,afr,10.01,vss,0.00,ks,0.00,kv,2.41,vbatt,12.33,TP,0.00,CLT,20.78,MAT,19.40,time,96.825,rpm,0,ENGINE_LOAD,104.67,MAP,104.67,afr,10.00,vss,0.00,ks,0.00,kv,2.41,vbatt,12.50,TP,0.00,CLT,20.97,MAT,19.53,time,97.026,rpm,0,ENGINE_LOAD,104.67,MAP,104.67,afr,9.99,vss,0.00,ks,0.00,kv,2.41,vbatt,12.52,TP,0.00,CLT,20.97,MAT,19.71,ckp_c,11604,fuel_base,12.07,fuel_lag,1.00,fuel,14.49,timing,22.00,duty0,NaN,dwell0,0.00,total_dwell0,0.00,period0,0.00,advance0,NaN,duty1,NaN,dwell1,0.00,total_dwell1,0.00,period1,0.00,advance1,NaN,
Thu Jul 16 08:00:33 EDT 2015<EOT>: Sending [0, 1, 71, 58, -70, 59, -66]
Thu Jul 16 08:00:33 EDT 2015<EOT>: Waiting for 2 byte(s): text header
Thu Jul 16 08:00:33 EDT 2015<EOT>: Waiting for 5 byte(s): text body
Thu Jul 16 08:00:33 EDT 2015<EOT>: Sending [0, 1, 71, 58, -70, 59, -66]
Thu Jul 16 08:00:33 EDT 2015<EOT>: Waiting for 2 byte(s): text header
Thu Jul 16 08:00:33 EDT 2015<EOT>: Waiting for 5 byte(s): text body
Thu Jul 16 08:00:33 EDT 2015<EOT>: Sending [0, 1, 71, 58, -70, 59, -66]
Thu Jul 16 08:00:33 EDT 2015<EOT>: Waiting for 2 byte(s): text header
Thu Jul 16 08:00:33 EDT 2015<EOT>: Waiting for 5 byte(s): text body
Thu Jul 16 08:00:33 EDT 2015<EOT>: Sending [0, 1, 71, 58, -70, 59, -66]
Thu Jul 16 08:00:33 EDT 2015<EOT>: Waiting for 2 byte(s): text header
Thu Jul 16 08:00:33 EDT 2015<EOT>: Waiting for 5 byte(s): text body
Thu Jul 16 08:00:33 EDT 2015<EOT>: Sending [0, 1, 71, 58, -70, 59, -66]
Thu Jul 16 08:00:33 EDT 2015<EOT>: Waiting for 2 byte(s): text header
Thu Jul 16 08:00:33 EDT 2015<EOT>: Waiting for 5 byte(s): text body
Thu Jul 16 08:00:34 EDT 2015<EOT>: Sending [0, 1, 71, 58, -70, 59, -66]
Thu Jul 16 08:00:34 EDT 2015<EOT>: Waiting for 2 byte(s): text header
Thu Jul 16 08:00:34 EDT 2015<EOT>: Waiting for 5 byte(s): text body
Thu Jul 16 08:00:34 EDT 2015<EOT>: Sending [0, 1, 71, 58, -70, 59, -66]
Thu Jul 16 08:00:34 EDT 2015<EOT>: Waiting for 2 byte(s): text header
Thu Jul 16 08:00:34 EDT 2015<EOT>: Waiting for 5 byte(s): text body
Thu Jul 16 08:00:34 EDT 2015<EOT>: Sending [0, 1, 71, 58, -70, 59, -66]
Thu Jul 16 08:00:34 EDT 2015<EOT>: Waiting for 2 byte(s): text header
Thu Jul 16 08:00:34 EDT 2015<EOT>: Waiting for 818 byte(s): text body
Thu Jul 16 08:00:34 EDT 2015<EOT>: time,97.226,rpm,0,ENGINE_LOAD,105.00,MAP,105.00,afr,10.00,vss,0.00,ks,0.00,kv,2.41,vbatt,12.44,TP,0.00,CLT,20.91,MAT,19.61,time,97.427,rpm,0,ENGINE_LOAD,105.00,MAP,105.00,afr,10.00,vss,0.00,ks,0.00,kv,2.41,vbatt,12.50,TP,0.00,CLT,20.91,MAT,19.61,time,97.626,rpm,0,ENGINE_LOAD,104.60,MAP,104.60,afr,10.00,vss,0.00,ks,0.00,kv,2.41,vbatt,12.52,TP,0.00,CLT,21.04,MAT,19.58,time,97.827,rpm,0,ENGINE_LOAD,104.60,MAP,104.60,afr,10.00,vss,0.00,ks,0.00,kv,2.41,vbatt,12.53,TP,0.00,CLT,20.99,MAT,19.45,time,98.027,rpm,0,ENGINE_LOAD,104.56,MAP,104.56,afr,10.00,vss,0.00,ks,0.00,kv,2.41,vbatt,12.52,TP,0.00,CLT,20.97,MAT,19.66,ckp_c,11604,fuel_base,12.10,fuel_lag,1.00,fuel,14.51,timing,22.00,duty0,NaN,dwell0,0.00,total_dwell0,0.00,period0,0.00,advance0,NaN,duty1,NaN,dwell1,0.00,total_dwell1,0.00,period1,0.00,advance1,NaN,
Thu Jul 16 08:00:34 EDT 2015<EOT>: Sending [0, 1, 71, 58, -70, 59, -66]
Thu Jul 16 08:00:34 EDT 2015<EOT>: Waiting for 2 byte(s): text header
Thu Jul 16 08:00:34 EDT 2015<EOT>: Waiting for 5 byte(s): text body
Thu Jul 16 08:00:34 EDT 2015<EOT>: Sending [0, 1, 71, 58, -70, 59, -66]
Thu Jul 16 08:00:34 EDT 2015<EOT>: Waiting for 2 byte(s): text header
Thu Jul 16 08:00:34 EDT 2015<EOT>: Waiting for 5 byte(s): text body
Thu Jul 16 08:00:34 EDT 2015<EOT>: Sending [0, 1, 71, 58, -70, 59, -66]
Thu Jul 16 08:00:34 EDT 2015<EOT>: Waiting for 2 byte(s): text header
Thu Jul 16 08:00:34 EDT 2015<EOT>: Waiting for 5 byte(s): text body
Thu Jul 16 08:00:34 EDT 2015<EOT>: Sending [0, 1, 71, 58, -70, 59, -66]
Thu Jul 16 08:00:34 EDT 2015<EOT>: Waiting for 2 byte(s): text header
Thu Jul 16 08:00:34 EDT 2015<EOT>: Waiting for 5 byte(s): text body
Thu Jul 16 08:00:34 EDT 2015<EOT>: Sending [0, 1, 71, 58, -70, 59, -66]
Thu Jul 16 08:00:34 EDT 2015<EOT>: Waiting for 2 byte(s): text header
Thu Jul 16 08:00:34 EDT 2015<EOT>: Waiting for 5 byte(s): text body
Thu Jul 16 08:00:34 EDT 2015<EOT>: Sending [0, 1, 71, 58, -70, 59, -66]
Thu Jul 16 08:00:34 EDT 2015<EOT>: Waiting for 2 byte(s): text header
Thu Jul 16 08:00:34 EDT 2015<EOT>: Waiting for 5 byte(s): text body
Thu Jul 16 08:00:35 EDT 2015<EOT>: Sending [0, 1, 71, 58, -70, 59, -66]
Thu Jul 16 08:00:35 EDT 2015<EOT>: Waiting for 2 byte(s): text header
Thu Jul 16 08:00:35 EDT 2015<EOT>: Waiting for 5 byte(s): text body
Thu Jul 16 08:00:35 EDT 2015<EOT>: Sending [0, 1, 71, 58, -70, 59, -66]
Thu Jul 16 08:00:35 EDT 2015<EOT>: Waiting for 2 byte(s): text header
Thu Jul 16 08:00:35 EDT 2015<EOT>: Waiting for 5 byte(s): text body
Thu Jul 16 08:00:35 EDT 2015<EOT>: Sending [0, 1, 71, 58, -70, 59, -66]
Thu Jul 16 08:00:35 EDT 2015<EOT>: Waiting for 2 byte(s): text header
Thu Jul 16 08:00:35 EDT 2015<EOT>: Waiting for 1031 byte(s): text body
Thu Jul 16 08:00:35 EDT 2015<EOT>: time,98.227,rpm,0,ENGINE_LOAD,104.49,MAP,104.49,afr,9.99,vss,0.00,ks,0.00,kv,2.41,vbatt,12.54,TP,0.00,CLT,20.99,MAT,19.40,time,98.428,rpm,0,ENGINE_LOAD,104.53,MAP,104.53,afr,10.00,vss,0.00,ks,0.00,kv,2.41,vbatt,12.53,TP,0.00,CLT,21.04,MAT,19.47,time,98.627,rpm,0,ENGINE_LOAD,104.53,MAP,104.53,afr,9.99,vss,0.00,ks,0.00,kv,2.41,vbatt,12.55,TP,0.00,CLT,21.02,MAT,19.32,time,98.828,rpm,0,ENGINE_LOAD,104.60,MAP,104.60,afr,10.00,vss,0.00,ks,0.00,kv,2.41,vbatt,12.56,TP,0.00,CLT,21.02,MAT,19.63,time,99.027,rpm,0,ENGINE_LOAD,104.67,MAP,104.67,afr,10.00,vss,0.00,ks,0.00,kv,2.41,vbatt,12.51,TP,0.00,CLT,20.94,MAT,19.61,rusEfiVersion,20150713@8529 Neon03,outpin,t1@PA5,outpin,t2@PC6,outpin,input1@NONE,outpin,input2@NONE,outpin,c1@PC9,outpin,i1@PB8,outpin,c2@NONE,outpin,i2@PB9,outpin,c3@PE8,outpin,i3@PE2,outpin,c4@NONE,outpin,i4@PB7,ckp_c,11604,fuel_base,12.09,fuel_lag,1.00,fuel,14.52,timing,22.00,duty0,NaN,dwell0,0.00,total_dwell0,0.00,period0,0.00,advance0,NaN,duty1,NaN,dwell1,0.00,total_dwell1,0.00,period1,0.00,advance1,NaN,
Thu Jul 16 08:00:35 EDT 2015<EOT>: Sending [0, 1, 71, 58, -70, 59, -66]
Thu Jul 16 08:00:35 EDT 2015<EOT>: Waiting for 2 byte(s): text header
Thu Jul 16 08:00:35 EDT 2015<EOT>: Waiting for 5 byte(s): text body
Thu Jul 16 08:00:35 EDT 2015<EOT>: Sending [0, 1, 71, 58, -70, 59, -66]
Thu Jul 16 08:00:35 EDT 2015<EOT>: Waiting for 2 byte(s): text header
Thu Jul 16 08:00:35 EDT 2015<EOT>: Waiting for 448 byte(s): text body
Thu Jul 16 08:00:35 EDT 2015<EOT>: time,99.228,rpm,0,ENGINE_LOAD,104.71,MAP,104.71,afr,10.00,vss,0.00,ks,0.00,kv,2.41,vbatt,12.53,TP,0.00,CLT,21.02,MAT,19.55,time,99.429,rpm,0,ENGINE_LOAD,103.83,MAP,103.83,afr,10.00,vss,0.00,ks,0.00,kv,2.41,vbatt,7.70,TP,0.00,CLT,21.31,MAT,19.68,ckp_c,11605,fuel_base,11.99,fuel_lag,1.00,fuel,14.38,timing,22.00,duty0,NaN,dwell0,0.00,total_dwell0,0.00,period0,0.00,advance0,NaN,duty1,NaN,dwell1,0.00,total_dwell1,0.00,period1,0.00,advance1,NaN,
Thu Jul 16 08:00:35 EDT 2015<EOT>: Sending [0, 1, 71, 58, -70, 59, -66]
Thu Jul 16 08:00:35 EDT 2015<EOT>: Waiting for 2 byte(s): text header
Thu Jul 16 08:00:35 EDT 2015<EOT>: Waiting for 5 byte(s): text body
Thu Jul 16 08:00:35 EDT 2015<EOT>: Sending [0, 1, 71, 58, -70, 59, -66]
Thu Jul 16 08:00:35 EDT 2015<EOT>: Waiting for 2 byte(s): text header
Thu Jul 16 08:00:35 EDT 2015<EOT>: Waiting for 323 byte(s): text body
Thu Jul 16 08:00:35 EDT 2015<EOT>: time,99.629,rpm,0,ENGINE_LOAD,95.44,MAP,95.30,afr,10.00,vss,0.00,ks,0.00,kv,2.41,vbatt,9.63,TP,0.00,CLT,21.12,MAT,19.53,ckp_c,11635,fuel_base,11.94,fuel_lag,1.00,fuel,14.39,timing,22.00,duty0,NaN,dwell0,0.00,total_dwell0,0.00,period0,0.00,advance0,NaN,duty1,NaN,dwell1,0.00,total_dwell1,0.00,period1,0.00,advance1,NaN,
Thu Jul 16 08:00:35 EDT 2015<EOT>: Sending [0, 1, 71, 58, -70, 59, -66]
Thu Jul 16 08:00:35 EDT 2015<EOT>: Waiting for 2 byte(s): text header
Thu Jul 16 08:00:35 EDT 2015<EOT>: Waiting for 5 byte(s): text body
Thu Jul 16 08:00:36 EDT 2015<EOT>: Sending [0, 1, 71, 58, -70, 59, -66]
Thu Jul 16 08:00:36 EDT 2015<EOT>: Waiting for 2 byte(s): text header
Thu Jul 16 08:00:36 EDT 2015<EOT>: Waiting for 323 byte(s): text body
Thu Jul 16 08:00:36 EDT 2015<EOT>: time,99.831,rpm,0,ENGINE_LOAD,90.35,MAP,90.35,afr,10.00,vss,0.00,ks,0.00,kv,2.41,vbatt,9.96,TP,0.00,CLT,21.07,MAT,19.61,ckp_c,11685,fuel_base,11.45,fuel_lag,1.00,fuel,13.82,timing,22.00,duty0,NaN,dwell0,0.00,total_dwell0,0.00,period0,0.00,advance0,NaN,duty1,NaN,dwell1,0.00,total_dwell1,0.00,period1,0.00,advance1,NaN,
Thu Jul 16 08:00:36 EDT 2015<EOT>: Sending [0, 1, 71, 58, -70, 59, -66]
Thu Jul 16 08:00:36 EDT 2015<EOT>: Waiting for 2 byte(s): text header
Thu Jul 16 08:00:36 EDT 2015<EOT>: Waiting for 5 byte(s): text body
Thu Jul 16 08:00:36 EDT 2015<EOT>: Sending [0, 1, 71, 58, -70, 59, -66]
Thu Jul 16 08:00:36 EDT 2015<EOT>: Waiting for 2 byte(s): text header
Thu Jul 16 08:00:36 EDT 2015<EOT>: Waiting for 323 byte(s): text body
Thu Jul 16 08:00:36 EDT 2015<EOT>: time,100.031,rpm,0,ENGINE_LOAD,88.78,MAP,88.78,afr,9.99,vss,0.00,ks,0.00,kv,2.41,vbatt,9.95,TP,0.00,CLT,21.18,MAT,19.92,ckp_c,11735,fuel_base,11.15,fuel_lag,1.00,fuel,13.47,timing,22.00,duty0,NaN,dwell0,0.00,total_dwell0,0.00,period0,0.00,advance0,NaN,duty1,NaN,dwell1,0.00,total_dwell1,0.00,period1,0.00,advance1,NaN,
Thu Jul 16 08:00:36 EDT 2015<EOT>: Sending [0, 1, 71, 58, -70, 59, -66]
Thu Jul 16 08:00:36 EDT 2015<EOT>: Waiting for 2 byte(s): text header
Thu Jul 16 08:00:36 EDT 2015<EOT>: Waiting for 5 byte(s): text body
Thu Jul 16 08:00:36 EDT 2015<EOT>: Sending [0, 1, 71, 58, -70, 59, -66]
Thu Jul 16 08:00:36 EDT 2015<EOT>: Waiting for 2 byte(s): text header
Thu Jul 16 08:00:36 EDT 2015<EOT>: Waiting for 612 byte(s): text body
Thu Jul 16 08:00:36 EDT 2015<EOT>: msg,WARNING: dwell is zero?,msg,calc 0: action 103 value 100.00,msg,calc 1: action 1 value 4.00,msg,calc 2: action 2 value 0.00,msg,calc 3: action RPM value 216.00,msg,calc 4: action 1 value 0.00,msg,calc 5: action 3 value 1.00,msg,calc 6: action 7 value 1.00,msg,setPin pump on,time,100.233,rpm,216,ENGINE_LOAD,26.09,MAP,26.09,afr,10.00,vss,0.00,ks,0.00,kv,2.41,vbatt,10.15,TP,0.00,CLT,21.18,MAT,19.79,ckp_c,11790,fuel_base,2.85,fuel_lag,1.00,fuel,6.94,timing,10.00,duty0,NaN,dwell0,0.00,total_dwell0,0.00,period0,0.00,advance0,682.000,duty1,NaN,dwell1,0.00,total_dwell1,0.00,period1,0.00,advance1,682.000,
Thu Jul 16 08:00:36 EDT 2015<EOT>: postMessage EngineState: WARNING: dwell is zero?
Thu Jul 16 08:00:36 EDT 2015<EOT>: postMessage EngineState: calc 0: action 103 value 100.00
Thu Jul 16 08:00:36 EDT 2015<EOT>: postMessage EngineState: calc 1: action 1 value 4.00
Thu Jul 16 08:00:36 EDT 2015<EOT>: postMessage EngineState: calc 2: action 2 value 0.00
Thu Jul 16 08:00:36 EDT 2015<EOT>: postMessage EngineState: calc 3: action RPM value 216.00
Thu Jul 16 08:00:36 EDT 2015<EOT>: postMessage EngineState: calc 4: action 1 value 0.00
Thu Jul 16 08:00:36 EDT 2015<EOT>: postMessage EngineState: calc 5: action 3 value 1.00
Thu Jul 16 08:00:36 EDT 2015<EOT>: postMessage EngineState: calc 6: action 7 value 1.00
Thu Jul 16 08:00:36 EDT 2015<EOT>: postMessage EngineState: setPin pump on
Thu Jul 16 08:00:36 EDT 2015<EOT>: Sending [0, 1, 71, 58, -70, 59, -66]
Thu Jul 16 08:00:36 EDT 2015<EOT>: Waiting for 2 byte(s): text header
Thu Jul 16 08:00:36 EDT 2015<EOT>: Waiting for 5 byte(s): text body
Thu Jul 16 08:00:36 EDT 2015<EOT>: Sending [0, 1, 71, 58, -70, 59, -66]
Thu Jul 16 08:00:36 EDT 2015<EOT>: Waiting for 2 byte(s): text header
Thu Jul 16 08:00:36 EDT 2015<EOT>: Waiting for 332 byte(s): text body
Thu Jul 16 08:00:36 EDT 2015<EOT>: time,100.433,rpm,216,ENGINE_LOAD,26.09,MAP,26.09,afr,10.00,vss,0.00,ks,0.00,kv,2.41,vbatt,9.65,TP,0.00,CLT,21.20,MAT,19.87,ckp_c,11842,fuel_base,2.85,fuel_lag,1.00,fuel,6.93,timing,10.00,duty0,NaN,dwell0,0.00,total_dwell0,0.00,period0,0.00,advance0,682.000,duty1,NaN,dwell1,0.00,total_dwell1,0.00,period1,0.00,advance1,682.000,
Thu Jul 16 08:00:36 EDT 2015<EOT>: Sending [0, 1, 71, 58, -70, 59, -66]
Thu Jul 16 08:00:36 EDT 2015<EOT>: Waiting for 2 byte(s): text header
Thu Jul 16 08:00:36 EDT 2015<EOT>: Waiting for 5 byte(s): text body
Thu Jul 16 08:00:36 EDT 2015<EOT>: Sending [0, 1, 71, 58, -70, 59, -66]
Thu Jul 16 08:00:36 EDT 2015<EOT>: Waiting for 2 byte(s): text header
Thu Jul 16 08:00:36 EDT 2015<EOT>: Waiting for 332 byte(s): text body
Thu Jul 16 08:00:36 EDT 2015<EOT>: time,100.635,rpm,216,ENGINE_LOAD,26.09,MAP,26.09,afr,10.00,vss,0.00,ks,0.00,kv,2.41,vbatt,9.82,TP,0.00,CLT,20.99,MAT,19.92,ckp_c,11898,fuel_base,2.85,fuel_lag,1.00,fuel,6.95,timing,10.00,duty0,NaN,dwell0,0.00,total_dwell0,0.00,period0,0.00,advance0,682.000,duty1,NaN,dwell1,0.00,total_dwell1,0.00,period1,0.00,advance1,682.000,
Thu Jul 16 08:00:36 EDT 2015<EOT>: Sending [0, 1, 71, 58, -70, 59, -66]
Thu Jul 16 08:00:36 EDT 2015<EOT>: Waiting for 2 byte(s): text header
Thu Jul 16 08:00:36 EDT 2015<EOT>: Waiting for 5 byte(s): text body
Thu Jul 16 08:00:37 EDT 2015<EOT>: Sending [0, 1, 71, 58, -70, 59, -66]
Thu Jul 16 08:00:37 EDT 2015<EOT>: Waiting for 2 byte(s): text header
Thu Jul 16 08:00:37 EDT 2015<EOT>: Waiting for 332 byte(s): text body
Thu Jul 16 08:00:37 EDT 2015<EOT>: time,100.835,rpm,225,ENGINE_LOAD,26.09,MAP,26.09,afr,10.00,vss,0.00,ks,0.00,kv,2.41,vbatt,9.61,TP,0.00,CLT,21.12,MAT,19.84,ckp_c,11951,fuel_base,2.85,fuel_lag,1.00,fuel,6.94,timing,10.00,duty0,NaN,dwell0,0.00,total_dwell0,0.00,period0,0.00,advance0,682.000,duty1,NaN,dwell1,0.00,total_dwell1,0.00,period1,0.00,advance1,682.000,
Thu Jul 16 08:00:37 EDT 2015<EOT>: Sending [0, 1, 71, 58, -70, 59, -66]
Thu Jul 16 08:00:37 EDT 2015<EOT>: Waiting for 2 byte(s): text header
Thu Jul 16 08:00:37 EDT 2015<EOT>: Waiting for 5 byte(s): text body
Thu Jul 16 08:00:37 EDT 2015<EOT>: Sending [0, 1, 71, 58, -70, 59, -66]
Thu Jul 16 08:00:37 EDT 2015<EOT>: Waiting for 2 byte(s): text header
Thu Jul 16 08:00:37 EDT 2015<EOT>: Waiting for 336 byte(s): text body
Thu Jul 16 08:00:37 EDT 2015<EOT>: time,101.037,rpm,225,ENGINE_LOAD,100.04,MAP,100.04,afr,10.00,vss,0.00,ks,1.00,kv,4.74,vbatt,10.26,TP,0.00,CLT,21.33,MAT,20.39,ckp_c,12046,fuel_base,11.54,fuel_lag,1.00,fuel,6.93,timing,10.00,duty0,NaN,dwell0,0.00,total_dwell0,0.00,period0,0.00,advance0,682.000,duty1,NaN,dwell1,0.00,total_dwell1,0.00,period1,0.00,advance1,682.000,
Thu Jul 16 08:00:37 EDT 2015<EOT>: Sending [0, 1, 71, 58, -70, 59, -66]
Thu Jul 16 08:00:37 EDT 2015<EOT>: Waiting for 2 byte(s): text header
Thu Jul 16 08:00:37 EDT 2015<EOT>: Waiting for 4219 byte(s): text body
Thu Jul 16 08:00:37 EDT 2015<EOT>: wave_chart,t2!u_103!0!t2!d_104!1711!t2!u_105!2706!t1!u_106!3652!t2!d_107!3822!t2!u_108!4717!t2!d_109!5539!t2!u_110!6202!t2!d_111!7066!t2!u_112!7672!t2!d_113!8457!t2!u_114!9042!t1!d_115!9223!t2!d_116!12096!t2!u_117!12632!t2!d_118!13208!t2!u_119!13664!t2!d_120!14268!t2!u_121!14720!t2!d_122!15323!t2!u_123!15774!t2!d_124!16352!t2!u_125!16839!t2!d_126!17376!t2!u_127!17850!t2!d_128!18398!t2!u_129!18851!t2!d_130!19413!t2!u_131!19870!t2!d_132!20440!t2!u_133!20940!t2!d_134!21473!t2!u_135!21938!t2!d_136!22524!t2!u_137!23037!t2!d_138!23605!t2!u_139!24079!t1!u_0!24296!t2!d_1!24716!t2!u_2!25212!t2!d_3!25881!t2!u_4!26412!t2!d_5!27095!t2!u_6!27679!t2!d_7!28321!t2!u_8!28841!t1!d_9!29326!t2!d_10!29389!t2!u_11!31557!t2!d_12!31993!t1!u_13!32061!t2!u_14!32287!t2!d_15!32631!t2!u_16!32951!t2!d_17!33239!t2!u_18!33535!t2!d_19!33834!t2!u_20!34089!t2!d_21!34427!t1!d_22!34536!t2!u_23!34698!t2!d_24!35025!t2!u_25!35327!t2!d_26!35639!t2!u_27!35913!t2!d_28!36273!t1!u_29!36478!t2!u_30!36586!t2!d_31!36942!t2!u_32!37332!t2!d_33!37668!t2!u_34!38013!t2!d_35!38496!t2!u_36!38906!t2!d_37!39495!t1!d_38!39710!t2!u_39!39880!t2!d_40!40377!t2!u_41!40830!t2!d_42!41352!t2!u_43!41770!t2!d_44!42318!t2!u_45!42716!t1!u_46!42905!t2!d_47!44863!t2!u_48!45204!t2!d_49!45539!t2!u_50!45899!t2!d_51!46174!t2!u_52!46462!t2!d_53!46788!t2!u_54!47049!t2!d_55!47396!t2!u_56!47664!t2!d_57!48010!t2!u_58!48290!t2!d_59!48632!t2!u_60!48905!t2!d_61!49276!t2!u_62!49578!t2!d_63!49944!t2!u_64!50268!t2!d_65!50657!t2!u_66!50985!t2!d_67!51438!t2!u_68!51819!t2!d_69!52345!t2!u_70!52743!t2!d_71!53199!t1!d_72!53543!t2!u_73!53576!t2!d_74!54093!t2!u_75!54491!t2!d_76!55008!t2!u_77!55410!t2!d_78!55923!t2!u_79!56371!t2!d_80!56760!t1!u_81!56934!t2!u_82!58677!t2!d_83!59052!t2!u_84!59360!t1!d_85!59536!t2!d_86!59680!t2!u_87!59999!t2!d_88!60292!t2!u_89!60616!t2!d_90!60901!t2!u_91!61197!t2!d_92!61515!t1!u_93!61631!t2!u_94!61871!t2!d_95!62143!t2!u_96!62497!t2!d_97!62790!t2!u_98!63075!t2!d_99!63466!t2!u_100!63814!t1!d_101!63977!t2!d_102!64187!t2!u_103!64513!t2!d_104!64982!t2!u_105!65358!t2!d_106!65888!t2!u_107!66314!t1!u_108!66551!t2!d_109!66709!t2!u_110!67089!t2!d_111!67596!t2!u_112!67990!t2!d_113!68492!t2!u_114!68883!t2!d_115!69396!t1!d_116!69779!t2!u_117!69810!t2!d_118!71829!t2!u_119!72119!t2!d_120!72487!t2!u_121!72763!t2!d_122!73110!t2!u_123!73377!t2!d_124!73716!t2!u_125!73978!t2!d_126!74320!t2!u_127!74586!t2!d_128!74929!t2!u_129!75208!t2!d_130!75550!t2!u_131!75835!t2!d_132!76190!t2!u_133!76471!t2!d_134!76859!t2!u_135!77282!t2!d_136!77572!t2!u_137!77896!t2!d_138!78353!t2!u_139!78740!t2!d_140!79247!t2!u_141!79646!t1!u_0!79776!t2!d_1!80079!t2!u_2!80462!t2!d_3!80952!c1!u!81089!c1!d!81090!t2!u_4!81347!t2!d_5!81848!i1!u!82127!i2!u!82128!i3!u!82129!i4!u!82130!t2!u_6!82376!t2!d_7!82740!i1!d!82822!i2!d!82823!i3!d!82824!i4!d!82825!t2!u_8!83196!t1!d_9!83487!t2!d_10!83568!t2!u_11!85460!t2!d_12!85850!t1!u_13!85881!t2!u_14!86226!t2!d_15!86478!t2!u_16!86740!t2!d_17!87089!t2!u_18!87351!t2!d_19!87696!t2!u_20!87957!t2!d_21!88309!t1!d_22!88388!t2!u_23!88583!t2!d_24!88934!t2!u_25!89361!t2!d_26!89578!t2!u_27!89914!t2!d_28!90250!t1!u_29!90472!t2!u_30!90633!t2!d_31!90966!t2!u_32!91360!t2!d_33!91752!t2!u_34!92191!t2!d_35!92649!t2!u_36!93023!t2!d_37!93466!t1!d_38!93638!t2!u_39!93920!t2!d_40!94345!c3!u!94499!c3!d!94500!t2!u_41!94735!t2!d_42!95238!i1!u!95548!i2!u!95549!i3!u!95550!i4!u!95551!t2!u_43!95631!t2!d_44!96141!i1!d!96243!i2!d!96244!i3!d!96245!i4!d!96246!t2!u_45!96604!t1!u_46!96721!t2!d_47!98569!t2!u_48!98983!t2!d_49!99226!t2!u_50!99620!t2!d_51!99848!t2!u_52!100122!t2!d_53!100456!t2!u_54!100734!t2!d_55!101059!t2!u_56!101320!t2!d_57!101668!t2!u_58!101937!t2!d_59!102289!t2!u_60!102591!t2!d_61!102929!t2!u_62!103374!t2!d_63!103605!t2!u_64!103992!t2!d_65!104322!t2!u_66!104707!t2!d_67!105119!t2!u_68!105656!t2!d_69!106028!t2!u_70!106404!t2!d_71!106844!t1!d_72!107177!t2!u_73!107302!t2!d_74!107741!c1!u!107847!c1!d!107848!t2!u_75!108126!t2!d_76!108643!i1!u!108905!i2!u!108906!i3!u!108907!i4!u!108908!t2!u_77!109043!t2!d_78!109568!i1!d!109600!i2!d!109601!i3!d!109602!i4!d!109603!t2!u_79!109983!t2!d_80!110388!t1!u_81!110528!t2!u_82!112303!t2!d_83!112638!t2!u_84!113001!t1!d_85!113082!t2!d_86!113254!t2!u_87!113618!t2!d_88!113846!t2!u_89!114266!t2!d_90!114435!,
Thu Jul 16 08:00:37 EDT 2015<EOT>: : t2!u_103!0!t2!d_104!1711!t2!u_105!2706!t1!u_106!3652!t2!d_107!3822!t2!u_108!4717!t2!d_109!5539!t2!u_110!6202!t2!d_111!7066!t2!u_112!7672!t2!d_113!8457!t2!u_114!9042!t1!d_115!9223!t2!d_116!12096!t2!u_117!12632!t2!d_118!13208!t2!u_119!13664!t2!d_120!14268!t2!u_121!14720!t2!d_122!15323!t2!u_123!15774!t2!d_124!16352!t2!u_125!16839!t2!d_126!17376!t2!u_127!17850!t2!d_128!18398!t2!u_129!18851!t2!d_130!19413!t2!u_131!19870!t2!d_132!20440!t2!u_133!20940!t2!d_134!21473!t2!u_135!21938!t2!d_136!22524!t2!u_137!23037!t2!d_138!23605!t2!u_139!24079!t1!u_0!24296!t2!d_1!24716!t2!u_2!25212!t2!d_3!25881!t2!u_4!26412!t2!d_5!27095!t2!u_6!27679!t2!d_7!28321!t2!u_8!28841!t1!d_9!29326!t2!d_10!29389!t2!u_11!31557!t2!d_12!31993!t1!u_13!32061!t2!u_14!32287!t2!d_15!32631!t2!u_16!32951!t2!d_17!33239!t2!u_18!33535!t2!d_19!33834!t2!u_20!34089!t2!d_21!34427!t1!d_22!34536!t2!u_23!34698!t2!d_24!35025!t2!u_25!35327!t2!d_26!35639!t2!u_27!35913!t2!d_28!36273!t1!u_29!36478!t2!u_30!36586!t2!d_31!36942!t2!u_32!37332!t2!d_33!37668!t2!u_34!38013!t2!d_35!38496!t2!u_36!38906!t2!d_37!39495!t1!d_38!39710!t2!u_39!39880!t2!d_40!40377!t2!u_41!40830!t2!d_42!41352!t2!u_43!41770!t2!d_44!42318!t2!u_45!42716!t1!u_46!42905!t2!d_47!44863!t2!u_48!45204!t2!d_49!45539!t2!u_50!45899!t2!d_51!46174!t2!u_52!46462!t2!d_53!46788!t2!u_54!47049!t2!d_55!47396!t2!u_56!47664!t2!d_57!48010!t2!u_58!48290!t2!d_59!48632!t2!u_60!48905!t2!d_61!49276!t2!u_62!49578!t2!d_63!49944!t2!u_64!50268!t2!d_65!50657!t2!u_66!50985!t2!d_67!51438!t2!u_68!51819!t2!d_69!52345!t2!u_70!52743!t2!d_71!53199!t1!d_72!53543!t2!u_73!53576!t2!d_74!54093!t2!u_75!54491!t2!d_76!55008!t2!u_77!55410!t2!d_78!55923!t2!u_79!56371!t2!d_80!56760!t1!u_81!56934!t2!u_82!58677!t2!d_83!59052!t2!u_84!59360!t1!d_85!59536!t2!d_86!59680!t2!u_87!59999!t2!d_88!60292!t2!u_89!60616!t2!d_90!60901!t2!u_91!61197!t2!d_92!61515!t1!u_93!61631!t2!u_94!61871!t2!d_95!62143!t2!u_96!62497!t2!d_97!62790!t2!u_98!63075!t2!d_99!63466!t2!u_100!63814!t1!d_101!63977!t2!d_102!64187!t2!u_103!64513!t2!d_104!64982!t2!u_105!65358!t2!d_106!65888!t2!u_107!66314!t1!u_108!66551!t2!d_109!66709!t2!u_110!67089!t2!d_111!67596!t2!u_112!67990!t2!d_113!68492!t2!u_114!68883!t2!d_115!69396!t1!d_116!69779!t2!u_117!69810!t2!d_118!71829!t2!u_119!72119!t2!d_120!72487!t2!u_121!72763!t2!d_122!73110!t2!u_123!73377!t2!d_124!73716!t2!u_125!73978!t2!d_126!74320!t2!u_127!74586!t2!d_128!74929!t2!u_129!75208!t2!d_130!75550!t2!u_131!75835!t2!d_132!76190!t2!u_133!76471!t2!d_134!76859!t2!u_135!77282!t2!d_136!77572!t2!u_137!77896!t2!d_138!78353!t2!u_139!78740!t2!d_140!79247!t2!u_141!79646!t1!u_0!79776!t2!d_1!80079!t2!u_2!80462!t2!d_3!80952!c1!u!81089!c1!d!81090!t2!u_4!81347!t2!d_5!81848!i1!u!82127!i2!u!82128!i3!u!82129!i4!u!82130!t2!u_6!82376!t2!d_7!82740!i1!d!82822!i2!d!82823!i3!d!82824!i4!d!82825!t2!u_8!83196!t1!d_9!83487!t2!d_10!83568!t2!u_11!85460!t2!d_12!85850!t1!u_13!85881!t2!u_14!86226!t2!d_15!86478!t2!u_16!86740!t2!d_17!87089!t2!u_18!87351!t2!d_19!87696!t2!u_20!87957!t2!d_21!88309!t1!d_22!88388!t2!u_23!88583!t2!d_24!88934!t2!u_25!89361!t2!d_26!89578!t2!u_27!89914!t2!d_28!90250!t1!u_29!90472!t2!u_30!90633!t2!d_31!90966!t2!u_32!91360!t2!d_33!91752!t2!u_34!92191!t2!d_35!92649!t2!u_36!93023!t2!d_37!93466!t1!d_38!93638!t2!u_39!93920!t2!d_40!94345!c3!u!94499!c3!d!94500!t2!u_41!94735!t2!d_42!95238!i1!u!95548!i2!u!95549!i3!u!95550!i4!u!95551!t2!u_43!95631!t2!d_44!96141!i1!d!96243!i2!d!96244!i3!d!96245!i4!d!96246!t2!u_45!96604!t1!u_46!96721!t2!d_47!98569!t2!u_48!98983!t2!d_49!99226!t2!u_50!99620!t2!d_51!99848!t2!u_52!100122!t2!d_53!100456!t2!u_54!100734!t2!d_55!101059!t2!u_56!101320!t2!d_57!101668!t2!u_58!101937!t2!d_59!102289!t2!u_60!102591!t2!d_61!102929!t2!u_62!103374!t2!d_63!103605!t2!u_64!103992!t2!d_65!104322!t2!u_66!104707!t2!d_67!105119!t2!u_68!105656!t2!d_69!106028!t2!u_70!106404!t2!d_71!106844!t1!d_72!107177!t2!u_73!107302!t2!d_74!107741!c1!u!107847!c1!d!107848!t2!u_75!108126!t2!d_76!108643!i1!u!108905!i2!u!108906!i3!u!108907!i4!u!108908!t2!u_77!109043!t2!d_78!109568!i1!d!109600!i2!d!109601!i3!d!109602!i4!d!109603!t2!u_79!109983!t2!d_80!110388!t1!u_81!110528!t2!u_82!112303!t2!d_83!112638!t2!u_84!113001!t1!d_85!113082!t2!d_86!113254!t2!u_87!113618!t2!d_88!113846!t2!u_89!114266!t2!d_90!114435!
Thu Jul 16 08:00:37 EDT 2015<EOT>: Registering c3@-1
Thu Jul 16 08:00:37 EDT 2015<EOT>: Registering i1@-1
Thu Jul 16 08:00:37 EDT 2015<EOT>: Registering i2@-1
Thu Jul 16 08:00:37 EDT 2015<EOT>: Registering i3@-1
Thu Jul 16 08:00:37 EDT 2015<EOT>: Registering i4@-1
Thu Jul 16 08:00:37 EDT 2015<EOT>: Registering c1@2
Thu Jul 16 08:00:37 EDT 2015<EOT>: Sending [0, 1, 71, 58, -70, 59, -66]
Thu Jul 16 08:00:37 EDT 2015<EOT>: Waiting for 2 byte(s): text header
Thu Jul 16 08:00:37 EDT 2015<EOT>: Waiting for 334 byte(s): text body
Thu Jul 16 08:00:37 EDT 2015<EOT>: time,101.237,rpm,1044,ENGINE_LOAD,62.97,MAP,62.97,afr,10.00,vss,0.00,ks,1.00,kv,4.74,vbatt,11.39,TP,0.00,CLT,21.18,MAT,19.68,ckp_c,12311,fuel_base,7.71,fuel_lag,1.00,fuel,9.61,timing,21.76,duty0,NaN,dwell0,0.00,total_dwell0,0.00,period0,0.00,advance0,682.000,duty1,NaN,dwell1,0.00,total_dwell1,0.00,period1,0.00,advance1,682.000,
Thu Jul 16 08:00:37 EDT 2015<EOT>: Sending [0, 1, 71, 58, -70, 59, -66]
Thu Jul 16 08:00:37 EDT 2015<EOT>: Waiting for 2 byte(s): text header
Thu Jul 16 08:00:37 EDT 2015<EOT>: Waiting for 5 byte(s): text body
Thu Jul 16 08:00:37 EDT 2015<EOT>: Sending [0, 1, 71, 58, -70, 59, -66]
Thu Jul 16 08:00:37 EDT 2015<EOT>: Waiting for 2 byte(s): text header
Thu Jul 16 08:00:37 EDT 2015<EOT>: Waiting for 333 byte(s): text body
Thu Jul 16 08:00:37 EDT 2015<EOT>: time,101.439,rpm,1633,ENGINE_LOAD,35.64,MAP,35.64,afr,9.99,vss,0.00,ks,4.00,kv,4.00,vbatt,13.00,TP,0.00,CLT,21.12,MAT,20.83,ckp_c,12685,fuel_base,3.80,fuel_lag,1.00,fuel,5.25,timing,21.77,duty0,NaN,dwell0,0.00,total_dwell0,0.00,period0,0.00,advance0,682.000,duty1,NaN,dwell1,0.00,total_dwell1,0.00,period1,0.00,advance1,682.000,
Thu Jul 16 08:00:37 EDT 2015<EOT>: Sending [0, 1, 71, 58, -70, 59, -66]
Thu Jul 16 08:00:37 EDT 2015<EOT>: Waiting for 2 byte(s): text header
Thu Jul 16 08:00:37 EDT 2015<EOT>: Waiting for 5 byte(s): text body
Thu Jul 16 08:00:37 EDT 2015<EOT>: Sending [0, 1, 71, 58, -70, 59, -66]
Thu Jul 16 08:00:37 EDT 2015<EOT>: Waiting for 2 byte(s): text header
Thu Jul 16 08:00:37 EDT 2015<EOT>: Waiting for 334 byte(s): text body
Thu Jul 16 08:00:37 EDT 2015<EOT>: time,101.639,rpm,1762,ENGINE_LOAD,26.32,MAP,26.32,afr,10.00,vss,0.00,ks,1.00,kv,3.11,vbatt,12.44,TP,0.00,CLT,21.15,MAT,19.97,ckp_c,13105,fuel_base,2.97,fuel_lag,1.00,fuel,4.32,timing,21.76,duty0,NaN,dwell0,0.00,total_dwell0,0.00,period0,0.00,advance0,682.000,duty1,NaN,dwell1,0.00,total_dwell1,0.00,period1,0.00,advance1,682.000,
Thu Jul 16 08:00:37 EDT 2015<EOT>: Sending [0, 1, 71, 58, -70, 59, -66]
Thu Jul 16 08:00:37 EDT 2015<EOT>: Waiting for 2 byte(s): text header
Thu Jul 16 08:00:37 EDT 2015<EOT>: Waiting for 5 byte(s): text body
Thu Jul 16 08:00:38 EDT 2015<EOT>: Sending [0, 1, 71, 58, -70, 59, -66]
Thu Jul 16 08:00:38 EDT 2015<EOT>: Waiting for 2 byte(s): text header
Thu Jul 16 08:00:38 EDT 2015<EOT>: Waiting for 334 byte(s): text body
Thu Jul 16 08:00:38 EDT 2015<EOT>: time,101.841,rpm,1665,ENGINE_LOAD,24.16,MAP,24.16,afr,10.00,vss,0.00,ks,0.00,kv,3.61,vbatt,12.02,TP,0.00,CLT,21.12,MAT,22.20,ckp_c,13508,fuel_base,2.73,fuel_lag,1.00,fuel,4.06,timing,21.77,duty0,NaN,dwell0,0.00,total_dwell0,0.00,period0,0.00,advance0,682.000,duty1,NaN,dwell1,0.00,total_dwell1,0.00,period1,0.00,advance1,682.000,
Thu Jul 16 08:00:38 EDT 2015<EOT>: Sending [0, 1, 71, 58, -70, 59, -66]
Thu Jul 16 08:00:38 EDT 2015<EOT>: Waiting for 2 byte(s): text header
Thu Jul 16 08:00:38 EDT 2015<EOT>: Waiting for 5 byte(s): text body
Thu Jul 16 08:00:38 EDT 2015<EOT>: Sending [0, 1, 71, 58, -70, 59, -66]
Thu Jul 16 08:00:38 EDT 2015<EOT>: Waiting for 2 byte(s): text header
Thu Jul 16 08:00:38 EDT 2015<EOT>: Waiting for 334 byte(s): text body
Thu Jul 16 08:00:38 EDT 2015<EOT>: time,102.041,rpm,1625,ENGINE_LOAD,23.91,MAP,23.91,afr,10.00,vss,0.00,ks,0.00,kv,3.07,vbatt,12.60,TP,0.00,CLT,21.12,MAT,20.89,ckp_c,13895,fuel_base,2.69,fuel_lag,1.00,fuel,4.01,timing,21.77,duty0,NaN,dwell0,0.00,total_dwell0,0.00,period0,0.00,advance0,682.000,duty1,NaN,dwell1,0.00,total_dwell1,0.00,period1,0.00,advance1,682.000,
Thu Jul 16 08:00:38 EDT 2015<EOT>: Sending [0, 1, 71, 58, -70, 59, -66]
Thu Jul 16 08:00:38 EDT 2015<EOT>: Waiting for 2 byte(s): text header
Thu Jul 16 08:00:38 EDT 2015<EOT>: Waiting for 3962 byte(s): text body
Thu Jul 16 08:00:38 EDT 2015<EOT>: wave_chart,t2!u_90!0!t2!d_91!75!t2!u_92!163!t2!d_93!216!t1!u_94!256!t2!u_95!274!t2!d_96!356!t2!u_97!448!t2!d_98!496!t2!u_99!583!c3!u!603!t2!d_100!635!t1!d_101!734!t2!u_102!738!t2!d_103!774!t2!u_104!859!t2!d_105!914!t2!u_106!1046!t2!d_107!1053!t2!u_108!1187!t1!u_109!1191!t2!d_110!1195!t2!u_111!1328!t2!d_112!1335!i1!u!1449!i2!u!1450!i3!u!1451!i4!u!1452!t2!u_113!1471!t2!d_114!1476!c3!d!1575!t2!u_115!1579!t2!d_116!1620!t1!d_117!1676!t2!u_118!1802!t2!d_119!2050!i1!d!2145!i2!d!2146!i3!d!2147!i4!d!2148!t2!u_120!2187!t2!d_121!2192!t2!u_122!2247!t2!d_123!2332!t2!u_124!2397!t2!d_125!2465!t2!u_126!2525!t2!d_127!2599!t2!u_128!2654!t2!d_129!2732!t2!u_130!2790!t2!d_131!2863!t2!u_132!2928!t2!d_133!2994!t2!u_134!3083!c1!u!3113!t2!d_135!3125!t2!u_136!3192!t2!d_137!3255!t2!u_138!3312!t2!d_139!3386!t2!u_140!3447!t2!d_141!3516!t2!u_142!3578!t1!u_0!3611!t2!d_1!3647!t2!u_2!3772!t2!d_3!3778!t2!u_4!3859!t2!d_5!3911!c1!d!3955!t2!u_6!3990!t2!d_7!4045!t2!u_8!4125!t1!d_9!4136!t2!d_10!4163!t2!u_11!4492!t2!d_12!4571!t1!u_13!4603!t2!u_14!4640!t2!d_15!4699!t2!u_16!4771!t2!d_17!4827!t2!u_18!4880!t2!d_19!4952!t2!u_20!5009!t2!d_21!5077!t1!d_22!5082!t2!u_23!5144!t2!d_24!5201!map!u!5215!r!1044!5269!t2!u_25!5273!t2!d_26!5325!t2!u_27!5373!c3!u!5427!t2!d_28!5447!i4!u!5464!t1!u_29!5508!t2!u_30!5512!t2!d_31!5570!t2!u_32!5687!t2!d_33!5694!t2!u_34!5811!t2!d_35!5817!t2!u_36!5912!t2!d_37!5940!t1!d_38!5948!map!d!6014!t2!u_39!6058!t2!d_40!6064!t2!u_41!6149!t2!d_42!6189!c3!d!6239!t2!u_43!6245!t2!d_44!6314!t2!u_45!6365!t1!u_46!6402!t2!d_47!6688!i4!d!6692!t2!u_48!6758!t2!d_49!6811!t2!u_50!6889!t2!d_51!6934!t2!u_52!6983!t2!d_53!7054!t2!u_54!7108!t2!d_55!7174!t2!u_56!7237!t2!d_57!7293!t2!u_58!7370!t2!d_59!7411!t2!u_60!7482!t2!d_61!7529!t2!u_62!7579!c1!u!7608!i2!u!7645!t2!d_63!7647!t2!u_64!7761!t2!d_65!7765!t2!u_66!7816!t2!d_67!7882!t2!u_68!7994!t2!d_69!8000!HIP!u!8047!t2!u_70!8113!t2!d_71!8118!t1!d_72!8157!t2!u_73!8232!t2!d_74!8237!t2!u_75!8350!t2!d_76!8356!c1!d!8396!t2!u_77!8406!t2!d_78!8476!t2!u_79!8530!t2!d_80!8582!t1!u_81!8622!i2!d!8633!t2!u_82!8897!t2!d_83!8949!t2!u_84!9023!t1!d_85!9037!t2!d_86!9065!t2!u_87!9114!t2!d_88!9181!t2!u_89!9235!t2!d_90!9296!t2!u_91!9361!t2!d_92!9410!t1!u_93!9449!t2!u_94!9482!t2!d_95!9524!t2!u_96!9579!t2!d_97!9638!t2!u_98!9687!c3!u!9733!t2!d_99!9752!i1!u!9771!t2!u_100!9807!t1!d_101!9844!t2!d_102!9865!t2!u_103!9912!t2!d_104!9978!t2!u_105!10086!t2!d_106!10092!t2!u_107!10149!t2!d_108!10205!t1!u_109!10210!t2!u_110!10313!t2!d_111!10319!t2!u_112!10427!t2!d_113!10433!c3!d!10473!t2!u_114!10481!t2!d_115!10549!t2!u_116!10599!t1!d_117!10603!i1!d!10733!t2!d_118!10891!t2!u_119!10950!t2!d_120!11005!t2!u_121!11075!t2!d_122!11119!t2!u_123!11195!t2!d_124!11233!t2!u_125!11285!t2!d_126!11346!t2!u_127!11395!t2!d_128!11459!t2!u_129!11519!t2!d_130!11571!t2!u_131!11634!t2!d_132!11683!t2!u_133!11752!t2!d_134!11795!c1!u!11804!i3!u!11840!t2!u_135!11873!t2!d_136!11907!t2!u_137!11953!t2!d_138!12018!t2!u_139!12109!t2!d_140!12130!t1!u_0!12217!t2!u_1!12232!t2!d_2!12244!t2!u_3!12347!t2!d_4!12353!t2!u_5!12459!t2!d_6!12465!c1!d!12493!t2!u_7!12537!t2!d_8!12579!t2!u_9!12653!t1!d_10!12664!t2!d_11!12679!i3!d!12802!r!1394!12829!t2!u_12!12970!t2!d_13!13029!t1!u_14!13055!t2!u_15!13081!t2!d_16!13139!t2!u_17!13207!t2!d_18!13251!t2!u_19!13318!t2!d_20!13363!t2!u_21!13427!map!u!13433!t2!d_22!13476!t1!d_23!13489!t2!u_24!13520!t2!d_25!13587!t2!u_26!13636!t2!d_27!13698!i4!u!13733!t2!u_28!13753!t2!d_29!13810!t2!u_30!13870!t1!u_31!13874!t2!d_32!13920!t2!u_33!14025!t2!d_34!14031!map!d!14036!c3!u!14086!t2!u_35!14136!t2!d_36!14143!t2!u_37!14245!t2!d_38!14255!t1!d_39!14270!t2!u_40!14359!t2!d_41!14365!c3!d!14388!t2!u_42!14417!t2!d_43!14477!t2!u_44!14528!t2!d_45!14588!t2!u_46!14649!t1!u_47!14670!i4!d!14695!t2!d_48!14924!t2!u_49!14996!t2!d_50!15036!t2!u_51!15115!t2!d_52!15148!t2!u_53!15198!t2!d_54!15259!t2!u_55!15311!t2!d_56!15371!t2!u_57!15427!HIP!d!15456!t2!d_58!15483!t2!u_59!15546!t2!d_60!15594!HIP!u!15652!t2!u_61!15664!t2!d_62!15706!i2!u!15722!t2!u_63!15774!,
Thu Jul 16 08:00:38 EDT 2015<EOT>: : t2!u_90!0!t2!d_91!75!t2!u_92!163!t2!d_93!216!t1!u_94!256!t2!u_95!274!t2!d_96!356!t2!u_97!448!t2!d_98!496!t2!u_99!583!c3!u!603!t2!d_100!635!t1!d_101!734!t2!u_102!738!t2!d_103!774!t2!u_104!859!t2!d_105!914!t2!u_106!1046!t2!d_107!1053!t2!u_108!1187!t1!u_109!1191!t2!d_110!1195!t2!u_111!1328!t2!d_112!1335!i1!u!1449!i2!u!1450!i3!u!1451!i4!u!1452!t2!u_113!1471!t2!d_114!1476!c3!d!1575!t2!u_115!1579!t2!d_116!1620!t1!d_117!1676!t2!u_118!1802!t2!d_119!2050!i1!d!2145!i2!d!2146!i3!d!2147!i4!d!2148!t2!u_120!2187!t2!d_121!2192!t2!u_122!2247!t2!d_123!2332!t2!u_124!2397!t2!d_125!2465!t2!u_126!2525!t2!d_127!2599!t2!u_128!2654!t2!d_129!2732!t2!u_130!2790!t2!d_131!2863!t2!u_132!2928!t2!d_133!2994!t2!u_134!3083!c1!u!3113!t2!d_135!3125!t2!u_136!3192!t2!d_137!3255!t2!u_138!3312!t2!d_139!3386!t2!u_140!3447!t2!d_141!3516!t2!u_142!3578!t1!u_0!3611!t2!d_1!3647!t2!u_2!3772!t2!d_3!3778!t2!u_4!3859!t2!d_5!3911!c1!d!3955!t2!u_6!3990!t2!d_7!4045!t2!u_8!4125!t1!d_9!4136!t2!d_10!4163!t2!u_11!4492!t2!d_12!4571!t1!u_13!4603!t2!u_14!4640!t2!d_15!4699!t2!u_16!4771!t2!d_17!4827!t2!u_18!4880!t2!d_19!4952!t2!u_20!5009!t2!d_21!5077!t1!d_22!5082!t2!u_23!5144!t2!d_24!5201!map!u!5215!r!1044!5269!t2!u_25!5273!t2!d_26!5325!t2!u_27!5373!c3!u!5427!t2!d_28!5447!i4!u!5464!t1!u_29!5508!t2!u_30!5512!t2!d_31!5570!t2!u_32!5687!t2!d_33!5694!t2!u_34!5811!t2!d_35!5817!t2!u_36!5912!t2!d_37!5940!t1!d_38!5948!map!d!6014!t2!u_39!6058!t2!d_40!6064!t2!u_41!6149!t2!d_42!6189!c3!d!6239!t2!u_43!6245!t2!d_44!6314!t2!u_45!6365!t1!u_46!6402!t2!d_47!6688!i4!d!6692!t2!u_48!6758!t2!d_49!6811!t2!u_50!6889!t2!d_51!6934!t2!u_52!6983!t2!d_53!7054!t2!u_54!7108!t2!d_55!7174!t2!u_56!7237!t2!d_57!7293!t2!u_58!7370!t2!d_59!7411!t2!u_60!7482!t2!d_61!7529!t2!u_62!7579!c1!u!7608!i2!u!7645!t2!d_63!7647!t2!u_64!7761!t2!d_65!7765!t2!u_66!7816!t2!d_67!7882!t2!u_68!7994!t2!d_69!8000!HIP!u!8047!t2!u_70!8113!t2!d_71!8118!t1!d_72!8157!t2!u_73!8232!t2!d_74!8237!t2!u_75!8350!t2!d_76!8356!c1!d!8396!t2!u_77!8406!t2!d_78!8476!t2!u_79!8530!t2!d_80!8582!t1!u_81!8622!i2!d!8633!t2!u_82!8897!t2!d_83!8949!t2!u_84!9023!t1!d_85!9037!t2!d_86!9065!t2!u_87!9114!t2!d_88!9181!t2!u_89!9235!t2!d_90!9296!t2!u_91!9361!t2!d_92!9410!t1!u_93!9449!t2!u_94!9482!t2!d_95!9524!t2!u_96!9579!t2!d_97!9638!t2!u_98!9687!c3!u!9733!t2!d_99!9752!i1!u!9771!t2!u_100!9807!t1!d_101!9844!t2!d_102!9865!t2!u_103!9912!t2!d_104!9978!t2!u_105!10086!t2!d_106!10092!t2!u_107!10149!t2!d_108!10205!t1!u_109!10210!t2!u_110!10313!t2!d_111!10319!t2!u_112!10427!t2!d_113!10433!c3!d!10473!t2!u_114!10481!t2!d_115!10549!t2!u_116!10599!t1!d_117!10603!i1!d!10733!t2!d_118!10891!t2!u_119!10950!t2!d_120!11005!t2!u_121!11075!t2!d_122!11119!t2!u_123!11195!t2!d_124!11233!t2!u_125!11285!t2!d_126!11346!t2!u_127!11395!t2!d_128!11459!t2!u_129!11519!t2!d_130!11571!t2!u_131!11634!t2!d_132!11683!t2!u_133!11752!t2!d_134!11795!c1!u!11804!i3!u!11840!t2!u_135!11873!t2!d_136!11907!t2!u_137!11953!t2!d_138!12018!t2!u_139!12109!t2!d_140!12130!t1!u_0!12217!t2!u_1!12232!t2!d_2!12244!t2!u_3!12347!t2!d_4!12353!t2!u_5!12459!t2!d_6!12465!c1!d!12493!t2!u_7!12537!t2!d_8!12579!t2!u_9!12653!t1!d_10!12664!t2!d_11!12679!i3!d!12802!r!1394!12829!t2!u_12!12970!t2!d_13!13029!t1!u_14!13055!t2!u_15!13081!t2!d_16!13139!t2!u_17!13207!t2!d_18!13251!t2!u_19!13318!t2!d_20!13363!t2!u_21!13427!map!u!13433!t2!d_22!13476!t1!d_23!13489!t2!u_24!13520!t2!d_25!13587!t2!u_26!13636!t2!d_27!13698!i4!u!13733!t2!u_28!13753!t2!d_29!13810!t2!u_30!13870!t1!u_31!13874!t2!d_32!13920!t2!u_33!14025!t2!d_34!14031!map!d!14036!c3!u!14086!t2!u_35!14136!t2!d_36!14143!t2!u_37!14245!t2!d_38!14255!t1!d_39!14270!t2!u_40!14359!t2!d_41!14365!c3!d!14388!t2!u_42!14417!t2!d_43!14477!t2!u_44!14528!t2!d_45!14588!t2!u_46!14649!t1!u_47!14670!i4!d!14695!t2!d_48!14924!t2!u_49!14996!t2!d_50!15036!t2!u_51!15115!t2!d_52!15148!t2!u_53!15198!t2!d_54!15259!t2!u_55!15311!t2!d_56!15371!t2!u_57!15427!HIP!d!15456!t2!d_58!15483!t2!u_59!15546!t2!d_60!15594!HIP!u!15652!t2!u_61!15664!t2!d_62!15706!i2!u!15722!t2!u_63!15774!
Thu Jul 16 08:00:38 EDT 2015<EOT>: Registering map@-1
Thu Jul 16 08:00:38 EDT 2015<EOT>: Registering HIP@-1
Thu Jul 16 08:00:38 EDT 2015<EOT>: Sending [0, 1, 71, 58, -70, 59, -66]
Thu Jul 16 08:00:38 EDT 2015<EOT>: Waiting for 2 byte(s): text header
Thu Jul 16 08:00:38 EDT 2015<EOT>: Waiting for 2427 byte(s): text body
Thu Jul 16 08:00:38 EDT 2015<EOT>: time,102.242,rpm,1589,ENGINE_LOAD,24.56,MAP,24.56,afr,10.00,vss,0.00,ks,0.00,kv,2.85,vbatt,12.81,TP,0.00,CLT,21.10,MAT,19.87,ckp_c,14274,fuel_base,2.75,fuel_lag,1.00,fuel,4.07,timing,21.77,duty0,NaN,dwell0,0.00,total_dwell0,0.00,period0,0.00,advance0,682.000,duty1,NaN,dwell1,0.00,total_dwell1,0.00,period1,0.00,advance1,682.000,analog_chart,0.00|0.00|2.12|2001.00|11.52|3002.00|12.14|2003.00|21.54|3004.00|22.25|2005.00|30.69|3006.00|32.13|2007.00|40.34|8.00|40.95|3009.00|41.58|2010.00|71.64|3011.00|72.28|2012.00|74.16|1013.00|80.38|3014.00|82.27|2015.00|88.10|3016.00|92.26|2017.00|101.68|3018.00|102.31|2019.00|109.03|3020.00|112.28|2021.00|113.57|22.00|118.80|3023.00|122.29|2024.00|131.71|3025.00|132.35|2026.00|136.81|3027.00|142.32|2028.00|146.95|1029.00|147.59|3030.00|152.31|2031.00|157.79|3032.00|162.27|2033.00|171.04|3034.00|172.26|2035.00|181.92|3036.00|183.11|2037.00|184.48|38.00|189.58|3039.00|192.23|2040.00|199.57|3041.00|202.30|2042.00|209.71|3043.00|212.31|2044.00|219.46|1045.00|220.10|3046.00|242.34|2047.00|248.82|3048.00|252.46|2049.00|261.80|3050.00|262.44|2051.00|269.31|3052.00|272.43|2053.00|276.72|3054.00|282.43|2055.00|291.87|3056.00|292.51|2057.00|296.71|3058.00|302.49|2059.00|307.11|3060.00|312.50|2061.00|316.69|3062.00|322.50|2063.00|331.95|3064.00|332.59|2065.00|339.70|3066.00|342.55|2067.00|348.46|3068.00|352.57|2069.00|362.00|3070.00|363.11|2071.00|366.51|72.00|367.15|3073.00|372.61|2074.00|380.28|3075.00|382.71|2076.00|390.24|3077.00|392.61|2078.00|401.06|3079.00|401.70|2080.00|404.35|1081.00|429.86|3082.00|432.73|2083.00|441.23|84.00|441.87|3085.00|442.68|2086.00|451.38|3087.00|452.83|2088.00|462.13|3089.00|462.78|2090.00|467.78|3091.00|472.79|2092.00|475.87|1093.00|482.23|3094.00|482.88|2095.00|489.67|3096.00|492.84|2097.00|497.38|3098.00|502.84|2099.00|507.34|3100.00|511.52|101.00|512.86|2102.00|517.35|3103.00|522.87|2104.00|531.34|3105.00|532.84|2106.00|539.13|3107.00|542.31|1108.00|542.96|2109.00|552.28|3110.00|552.94|2111.00|562.30|3112.00|562.95|2113.00|570.90|3114.00|572.87|2115.00|576.83|116.00|577.48|3117.00|602.99|2118.00|608.06|3119.00|613.00|2120.00|622.16|3121.00|623.05|2122.00|632.51|3123.00|633.17|2124.00|642.55|3125.00|643.20|2126.00|652.56|3127.00|653.21|2128.00|661.15|3129.00|663.17|2130.00|671.67|3131.00|673.22|2132.00|682.66|3133.00|683.32|2134.00|692.69|3135.00|693.35|2136.00|698.00|3137.00|703.29|2138.00|708.01|3139.00|713.34|2140.00|,
Thu Jul 16 08:00:38 EDT 2015<EOT>: Analog chart from 0.0 to 713.34
Thu Jul 16 08:00:38 EDT 2015<EOT>: Sending [0, 1, 71, 58, -70, 59, -66]
Thu Jul 16 08:00:38 EDT 2015<EOT>: Waiting for 2 byte(s): text header
Thu Jul 16 08:00:38 EDT 2015<EOT>: Waiting for 5 byte(s): text body
Thu Jul 16 08:00:38 EDT 2015<EOT>: Sending [0, 1, 71, 58, -70, 59, -66]
Thu Jul 16 08:00:38 EDT 2015<EOT>: Waiting for 2 byte(s): text header
Thu Jul 16 08:00:38 EDT 2015<EOT>: Waiting for 334 byte(s): text body
Thu Jul 16 08:00:38 EDT 2015<EOT>: time,102.444,rpm,1592,ENGINE_LOAD,24.22,MAP,24.22,afr,10.00,vss,0.00,ks,0.00,kv,2.54,vbatt,12.58,TP,0.00,CLT,21.28,MAT,20.26,ckp_c,14653,fuel_base,2.72,fuel_lag,1.00,fuel,4.04,timing,21.74,duty0,NaN,dwell0,0.00,total_dwell0,0.00,period0,0.00,advance0,682.000,duty1,NaN,dwell1,0.00,total_dwell1,0.00,period1,0.00,advance1,682.000,
Thu Jul 16 08:00:38 EDT 2015<EOT>: Sending [0, 1, 71, 58, -70, 59, -66]
Thu Jul 16 08:00:38 EDT 2015<EOT>: Waiting for 2 byte(s): text header
Thu Jul 16 08:00:38 EDT 2015<EOT>: Waiting for 5 byte(s): text body
Thu Jul 16 08:00:38 EDT 2015<EOT>: Sending [0, 1, 71, 58, -70, 59, -66]
Thu Jul 16 08:00:38 EDT 2015<EOT>: Waiting for 2 byte(s): text header
Thu Jul 16 08:00:38 EDT 2015<EOT>: Waiting for 334 byte(s): text body
Thu Jul 16 08:00:38 EDT 2015<EOT>: time,102.644,rpm,1583,ENGINE_LOAD,24.18,MAP,24.18,afr,10.00,vss,0.00,ks,0.00,kv,2.42,vbatt,12.83,TP,0.00,CLT,21.12,MAT,19.87,ckp_c,15029,fuel_base,2.72,fuel_lag,1.00,fuel,4.04,timing,21.77,duty0,NaN,dwell0,0.00,total_dwell0,0.00,period0,0.00,advance0,682.000,duty1,NaN,dwell1,0.00,total_dwell1,0.00,period1,0.00,advance1,682.000,
Thu Jul 16 08:00:38 EDT 2015<EOT>: Sending [0, 1, 71, 58, -70, 59, -66]
Thu Jul 16 08:00:38 EDT 2015<EOT>: Waiting for 2 byte(s): text header
Thu Jul 16 08:00:38 EDT 2015<EOT>: Waiting for 5 byte(s): text body
Thu Jul 16 08:00:39 EDT 2015<EOT>: Sending [0, 1, 71, 58, -70, 59, -66]
Thu Jul 16 08:00:39 EDT 2015<EOT>: Waiting for 2 byte(s): text header
Thu Jul 16 08:00:39 EDT 2015<EOT>: Waiting for 334 byte(s): text body
Thu Jul 16 08:00:39 EDT 2015<EOT>: time,102.846,rpm,1543,ENGINE_LOAD,24.48,MAP,24.48,afr,10.00,vss,0.00,ks,0.00,kv,2.45,vbatt,12.69,TP,0.00,CLT,21.25,MAT,20.21,ckp_c,15398,fuel_base,2.74,fuel_lag,1.00,fuel,4.06,timing,21.74,duty0,NaN,dwell0,0.00,total_dwell0,0.00,period0,0.00,advance0,682.000,duty1,NaN,dwell1,0.00,total_dwell1,0.00,period1,0.00,advance1,682.000,
Thu Jul 16 08:00:39 EDT 2015<EOT>: Sending [0, 1, 71, 58, -70, 59, -66]
Thu Jul 16 08:00:39 EDT 2015<EOT>: Waiting for 2 byte(s): text header
Thu Jul 16 08:00:39 EDT 2015<EOT>: Waiting for 5 byte(s): text body
Thu Jul 16 08:00:39 EDT 2015<EOT>: Sending [0, 1, 71, 58, -70, 59, -66]
Thu Jul 16 08:00:39 EDT 2015<EOT>: Waiting for 2 byte(s): text header
Thu Jul 16 08:00:39 EDT 2015<EOT>: Waiting for 549 byte(s): text body
Thu Jul 16 08:00:39 EDT 2015<EOT>: time,103.046,rpm,1531,ENGINE_LOAD,24.87,MAP,24.87,afr,10.00,vss,0.00,ks,0.00,kv,2.35,vbatt,12.79,TP,0.00,CLT,21.07,MAT,19.84,rusEfiVersion,20150713@8529 Neon03,outpin,t1@PA5,outpin,t2@PC6,outpin,input1@NONE,outpin,input2@NONE,outpin,c1@PC9,outpin,i1@PB8,outpin,c2@NONE,outpin,i2@PB9,outpin,c3@PE8,outpin,i3@PE2,outpin,c4@NONE,outpin,i4@PB7,ckp_c,15764,fuel_base,2.77,fuel_lag,1.00,fuel,4.10,timing,21.78,duty0,NaN,dwell0,0.00,total_dwell0,0.00,period0,0.00,advance0,682.000,duty1,NaN,dwell1,0.00,total_dwell1,0.00,period1,0.00,advance1,682.000,
Thu Jul 16 08:00:39 EDT 2015<EOT>: Sending [0, 1, 71, 58, -70, 59, -66]
Thu Jul 16 08:00:39 EDT 2015<EOT>: Waiting for 2 byte(s): text header
Thu Jul 16 08:00:39 EDT 2015<EOT>: Waiting for 3938 byte(s): text body
Thu Jul 16 08:00:39 EDT 2015<EOT>: wave_chart,t2!d_21!0!t1!d_22!7!t2!u_23!52!t2!d_24!104!t2!u_25!158!t2!d_26!209!t2!u_27!260!t2!d_28!314!t1!u_29!358!t2!u_30!362!t2!d_31!419!map!d!422!t2!u_32!489!c3!u!502!t2!d_33!524!t2!u_34!605!t2!d_35!628!t2!u_36!719!t2!d_37!732!i4!u!741!t1!d_38!747!t2!u_39!831!t2!d_40!837!c3!d!863!t2!u_41!886!t2!d_42!944!t2!u_43!1037!HIP!u!1042!t2!d_44!1047!t1!u_45!1118!t2!u_46!1121!i4!d!1146!t2!d_47!1363!t2!u_48!1458!t2!d_49!1467!t2!u_50!1509!t2!d_51!1571!t2!u_52!1620!t2!d_53!1676!t2!u_54!1719!t2!d_55!1781!t2!u_56!1877!t2!d_57!1885!t2!u_58!1984!t2!d_59!1990!t2!u_60!2052!HIP!d!2082!t2!d_61!2095!t2!u_62!2173!t2!d_63!2200!t2!u_64!2243!t2!d_65!2306!t2!u_66!2385!c1!u!2400!t2!d_67!2409!t2!u_68!2459!t2!d_69!2513!t2!u_70!2613!t2!d_71!2622!i2!u!2630!t1!d_72!2650!t2!u_73!2717!t2!d_74!2722!c1!d!2742!t2!u_75!2791!t2!d_76!2828!t2!u_77!2926!t2!d_78!2932!t2!u_79!3020!t2!d_80!3026!i2!d!3035!t1!u_81!3050!t2!u_82!3342!t2!d_83!3351!t1!d_84!3431!t2!u_85!3434!t2!d_86!3455!t2!u_87!3524!t2!d_88!3559!t2!u_89!3656!t2!d_90!3664!t2!u_91!3719!t2!d_92!3768!t1!u_93!3791!t2!u_94!3853!t2!d_95!3873!t2!u_96!3922!t2!d_97!3977!t2!u_98!4052!t2!d_99!4081!t1!d_100!4165!t2!u_101!4169!t2!d_102!4185!t2!u_103!4277!t2!d_104!4290!c3!u!4295!t2!u_105!4361!t2!d_106!4394!t2!u_107!4458!i1!u!4477!t1!u_108!4491!t2!d_109!4498!t2!u_110!4596!t2!d_111!4604!c3!d!4623!t2!u_112!4701!t2!d_113!4707!t2!u_114!4791!t2!d_115!4811!t1!d_116!4858!t2!u_117!4862!i1!d!4882!t2!d_118!5124!t2!u_119!5201!t2!d_120!5230!t2!u_121!5278!t2!d_122!5335!t2!u_123!5434!t2!d_124!5440!t2!u_125!5519!t2!d_126!5545!t2!u_127!5604!t2!d_128!5650!t2!u_129!5743!t2!d_130!5755!t2!u_131!5816!t2!d_132!5860!t2!u_133!5925!t2!d_134!5966!t2!u_135!6019!t2!d_136!6071!t2!u_137!6124!c1!u!6137!t2!d_138!6176!t2!u_139!6276!t2!d_140!6282!t2!u_141!6353!t1!u_0!6357!i3!u!6359!t2!d_1!6386!t2!u_2!6485!t2!d_3!6491!c1!d!6518!t2!u_4!6590!t2!d_5!6597!t2!u_6!6686!t2!d_7!6701!i3!d!6759!r!1589!6761!t1!d_8!6787!t2!u_9!6793!t2!d_10!6800!t2!u_11!7115!t2!d_12!7122!t1!u_13!7142!t2!u_14!7207!t2!d_15!7227!t2!u_16!7288!t2!d_17!7332!t2!u_18!7430!t2!d_19!7437!map!u!7458!t2!u_20!7507!t2!d_21!7542!t1!d_22!7555!t2!u_23!7610!t2!d_24!7646!t2!u_25!7745!t2!d_26!7752!t2!u_27!7799!t2!d_28!7857!t1!u_29!7905!t2!u_30!7912!t2!d_31!7961!map!d!7984!t2!u_32!8019!c3!u!8037!t2!d_33!8066!t2!u_34!8158!t2!d_35!8171!t2!u_36!8272!t2!d_37!8284!t1!d_38!8299!i4!u!8305!t2!u_39!8352!t2!d_40!8380!c3!d!8409!t2!u_41!8457!t2!d_42!8486!t2!u_43!8563!t2!d_44!8591!HIP!u!8600!t1!u_45!8666!t2!u_46!8672!i4!d!8707!t2!d_47!8906!t2!u_48!8974!t2!d_49!9012!t2!u_50!9110!t2!d_51!9117!t2!u_52!9189!t2!d_53!9221!t2!u_54!9266!t2!d_55!9326!t2!u_56!9425!t2!d_57!9432!t2!u_58!9476!t2!d_59!9537!t2!u_60!9585!t2!d_61!9642!HIP!d!9648!t2!u_62!9686!t2!d_63!9746!t2!u_64!9846!t2!d_65!9852!t2!u_66!9927!c1!u!9946!t2!d_67!9957!t2!u_68!10019!t2!d_69!10062!t2!u_70!10161!t2!d_71!10172!i2!u!10182!t1!d_72!10208!t2!u_73!10215!t2!d_74!10272!c1!d!10295!t2!u_75!10352!t2!d_76!10378!t2!u_77!10457!t2!d_78!10482!t2!u_79!10570!t2!d_80!10577!i2!d!10590!t1!u_81!10605!t2!u_82!10872!t2!d_83!10903!t1!d_84!10992!t2!u_85!10998!t2!d_86!11007!t2!u_87!11098!t2!d_88!11113!t2!u_89!11211!t2!d_90!11218!t2!u_91!11270!t2!d_92!11323!t1!u_93!11355!t2!u_94!11422!t2!d_95!11429!t2!u_96!11500!t2!d_97!11533!t2!u_98!11581!t2!d_99!11638!t2!u_100!11685!t1!d_101!11729!t2!d_102!11743!t2!u_103!11790!c3!u!11807!t2!d_104!11848!t2!u_105!11937!t2!d_106!11953!t2!u_107!12019!i1!u!12043!t1!u_108!12052!t2!d_109!12059!t2!u_110!12157!t2!d_111!12163!c3!d!12186!t2!u_112!12262!t2!d_113!12268!t2!u_114!12352!t2!d_115!12372!t1!d_116!12414!t2!u_117!12421!i1!d!12451!t2!d_118!12688!t2!u_119!12742!t2!d_120!12793!t2!u_121!12890!t2!d_122!12899!t2!u_123!12998!t2!d_124!13005!t2!u_125!13103!t2!d_126!13110!t2!u_127!13208!t2!d_128!13215!t2!u_129!13298!t2!d_130!13320!t2!u_131!13409!t2!d_132!13425!t2!u_133!13524!t2!d_134!13531!t2!u_135!13629!t2!d_136!13636!t2!u_137!13685!c1!u!13703!t2!d_138!13740!t2!u_139!13790!t2!d_140!13846!t1!u_0!13919!,
Thu Jul 16 08:00:39 EDT 2015<EOT>: : t2!d_21!0!t1!d_22!7!t2!u_23!52!t2!d_24!104!t2!u_25!158!t2!d_26!209!t2!u_27!260!t2!d_28!314!t1!u_29!358!t2!u_30!362!t2!d_31!419!map!d!422!t2!u_32!489!c3!u!502!t2!d_33!524!t2!u_34!605!t2!d_35!628!t2!u_36!719!t2!d_37!732!i4!u!741!t1!d_38!747!t2!u_39!831!t2!d_40!837!c3!d!863!t2!u_41!886!t2!d_42!944!t2!u_43!1037!HIP!u!1042!t2!d_44!1047!t1!u_45!1118!t2!u_46!1121!i4!d!1146!t2!d_47!1363!t2!u_48!1458!t2!d_49!1467!t2!u_50!1509!t2!d_51!1571!t2!u_52!1620!t2!d_53!1676!t2!u_54!1719!t2!d_55!1781!t2!u_56!1877!t2!d_57!1885!t2!u_58!1984!t2!d_59!1990!t2!u_60!2052!HIP!d!2082!t2!d_61!2095!t2!u_62!2173!t2!d_63!2200!t2!u_64!2243!t2!d_65!2306!t2!u_66!2385!c1!u!2400!t2!d_67!2409!t2!u_68!2459!t2!d_69!2513!t2!u_70!2613!t2!d_71!2622!i2!u!2630!t1!d_72!2650!t2!u_73!2717!t2!d_74!2722!c1!d!2742!t2!u_75!2791!t2!d_76!2828!t2!u_77!2926!t2!d_78!2932!t2!u_79!3020!t2!d_80!3026!i2!d!3035!t1!u_81!3050!t2!u_82!3342!t2!d_83!3351!t1!d_84!3431!t2!u_85!3434!t2!d_86!3455!t2!u_87!3524!t2!d_88!3559!t2!u_89!3656!t2!d_90!3664!t2!u_91!3719!t2!d_92!3768!t1!u_93!3791!t2!u_94!3853!t2!d_95!3873!t2!u_96!3922!t2!d_97!3977!t2!u_98!4052!t2!d_99!4081!t1!d_100!4165!t2!u_101!4169!t2!d_102!4185!t2!u_103!4277!t2!d_104!4290!c3!u!4295!t2!u_105!4361!t2!d_106!4394!t2!u_107!4458!i1!u!4477!t1!u_108!4491!t2!d_109!4498!t2!u_110!4596!t2!d_111!4604!c3!d!4623!t2!u_112!4701!t2!d_113!4707!t2!u_114!4791!t2!d_115!4811!t1!d_116!4858!t2!u_117!4862!i1!d!4882!t2!d_118!5124!t2!u_119!5201!t2!d_120!5230!t2!u_121!5278!t2!d_122!5335!t2!u_123!5434!t2!d_124!5440!t2!u_125!5519!t2!d_126!5545!t2!u_127!5604!t2!d_128!5650!t2!u_129!5743!t2!d_130!5755!t2!u_131!5816!t2!d_132!5860!t2!u_133!5925!t2!d_134!5966!t2!u_135!6019!t2!d_136!6071!t2!u_137!6124!c1!u!6137!t2!d_138!6176!t2!u_139!6276!t2!d_140!6282!t2!u_141!6353!t1!u_0!6357!i3!u!6359!t2!d_1!6386!t2!u_2!6485!t2!d_3!6491!c1!d!6518!t2!u_4!6590!t2!d_5!6597!t2!u_6!6686!t2!d_7!6701!i3!d!6759!r!1589!6761!t1!d_8!6787!t2!u_9!6793!t2!d_10!6800!t2!u_11!7115!t2!d_12!7122!t1!u_13!7142!t2!u_14!7207!t2!d_15!7227!t2!u_16!7288!t2!d_17!7332!t2!u_18!7430!t2!d_19!7437!map!u!7458!t2!u_20!7507!t2!d_21!7542!t1!d_22!7555!t2!u_23!7610!t2!d_24!7646!t2!u_25!7745!t2!d_26!7752!t2!u_27!7799!t2!d_28!7857!t1!u_29!7905!t2!u_30!7912!t2!d_31!7961!map!d!7984!t2!u_32!8019!c3!u!8037!t2!d_33!8066!t2!u_34!8158!t2!d_35!8171!t2!u_36!8272!t2!d_37!8284!t1!d_38!8299!i4!u!8305!t2!u_39!8352!t2!d_40!8380!c3!d!8409!t2!u_41!8457!t2!d_42!8486!t2!u_43!8563!t2!d_44!8591!HIP!u!8600!t1!u_45!8666!t2!u_46!8672!i4!d!8707!t2!d_47!8906!t2!u_48!8974!t2!d_49!9012!t2!u_50!9110!t2!d_51!9117!t2!u_52!9189!t2!d_53!9221!t2!u_54!9266!t2!d_55!9326!t2!u_56!9425!t2!d_57!9432!t2!u_58!9476!t2!d_59!9537!t2!u_60!9585!t2!d_61!9642!HIP!d!9648!t2!u_62!9686!t2!d_63!9746!t2!u_64!9846!t2!d_65!9852!t2!u_66!9927!c1!u!9946!t2!d_67!9957!t2!u_68!10019!t2!d_69!10062!t2!u_70!10161!t2!d_71!10172!i2!u!10182!t1!d_72!10208!t2!u_73!10215!t2!d_74!10272!c1!d!10295!t2!u_75!10352!t2!d_76!10378!t2!u_77!10457!t2!d_78!10482!t2!u_79!10570!t2!d_80!10577!i2!d!10590!t1!u_81!10605!t2!u_82!10872!t2!d_83!10903!t1!d_84!10992!t2!u_85!10998!t2!d_86!11007!t2!u_87!11098!t2!d_88!11113!t2!u_89!11211!t2!d_90!11218!t2!u_91!11270!t2!d_92!11323!t1!u_93!11355!t2!u_94!11422!t2!d_95!11429!t2!u_96!11500!t2!d_97!11533!t2!u_98!11581!t2!d_99!11638!t2!u_100!11685!t1!d_101!11729!t2!d_102!11743!t2!u_103!11790!c3!u!11807!t2!d_104!11848!t2!u_105!11937!t2!d_106!11953!t2!u_107!12019!i1!u!12043!t1!u_108!12052!t2!d_109!12059!t2!u_110!12157!t2!d_111!12163!c3!d!12186!t2!u_112!12262!t2!d_113!12268!t2!u_114!12352!t2!d_115!12372!t1!d_116!12414!t2!u_117!12421!i1!d!12451!t2!d_118!12688!t2!u_119!12742!t2!d_120!12793!t2!u_121!12890!t2!d_122!12899!t2!u_123!12998!t2!d_124!13005!t2!u_125!13103!t2!d_126!13110!t2!u_127!13208!t2!d_128!13215!t2!u_129!13298!t2!d_130!13320!t2!u_131!13409!t2!d_132!13425!t2!u_133!13524!t2!d_134!13531!t2!u_135!13629!t2!d_136!13636!t2!u_137!13685!c1!u!13703!t2!d_138!13740!t2!u_139!13790!t2!d_140!13846!t1!u_0!13919!
Thu Jul 16 08:00:39 EDT 2015<EOT>: Sending [0, 1, 71, 58, -70, 59, -66]
Thu Jul 16 08:00:39 EDT 2015<EOT>: Waiting for 2 byte(s): text header
Thu Jul 16 08:00:39 EDT 2015<EOT>: Waiting for 509 byte(s): text body
Thu Jul 16 08:00:39 EDT 2015<EOT>: msg,TunerStudio: invalid size: 0,msg,ERROR: CRC header size,msg,TunerStudio size=196 / total=654 / errors=4 / H=0 / O=0 / P=120 / B=0,msg,TunerStudio W=0 / C=0 / P=0 / page=0,time,103.249,rpm,1519,ENGINE_LOAD,25.24,MAP,25.24,afr,10.00,vss,0.00,ks,0.00,kv,2.37,vbatt,12.80,TP,0.00,CLT,21.20,MAT,19.61,ckp_c,16125,fuel_base,2.80,fuel_lag,1.00,fuel,4.13,timing,21.75,duty0,NaN,dwell0,0.00,total_dwell0,0.00,period0,0.00,advance0,682.000,duty1,NaN,dwell1,0.00,total_dwell1,0.00,period1,0.00,advance1,682.000,
Thu Jul 16 08:00:39 EDT 2015<EOT>: postMessage EngineState: TunerStudio: invalid size: 0
Thu Jul 16 08:00:39 EDT 2015<EOT>: postMessage EngineState: ERROR: CRC header size
Thu Jul 16 08:00:39 EDT 2015<EOT>: postMessage EngineState: TunerStudio size=196 / total=654 / errors=4 / H=0 / O=0 / P=120 / B=0
Thu Jul 16 08:00:39 EDT 2015<EOT>: postMessage EngineState: TunerStudio W=0 / C=0 / P=0 / page=0
Thu Jul 16 08:00:39 EDT 2015<EOT>: Sending [0, 1, 71, 58, -70, 59, -66]
Thu Jul 16 08:00:39 EDT 2015<EOT>: Waiting for 2 byte(s): text header
Thu Jul 16 08:00:39 EDT 2015<EOT>: Waiting for 5 byte(s): text body
Thu Jul 16 08:00:39 EDT 2015<EOT>: Sending [0, 1, 71, 58, -70, 59, -66]
Thu Jul 16 08:00:39 EDT 2015<EOT>: Waiting for 2 byte(s): text header
Thu Jul 16 08:00:39 EDT 2015<EOT>: Waiting for 334 byte(s): text body
Thu Jul 16 08:00:39 EDT 2015<EOT>: time,103.449,rpm,1489,ENGINE_LOAD,25.68,MAP,25.68,afr,10.00,vss,0.00,ks,0.00,kv,2.30,vbatt,12.68,TP,0.00,CLT,20.89,MAT,19.61,ckp_c,16480,fuel_base,2.84,fuel_lag,1.00,fuel,4.17,timing,21.82,duty0,NaN,dwell0,0.00,total_dwell0,0.00,period0,0.00,advance0,682.000,duty1,NaN,dwell1,0.00,total_dwell1,0.00,period1,0.00,advance1,682.000,
Thu Jul 16 08:00:39 EDT 2015<EOT>: Sending [0, 1, 71, 58, -70, 59, -66]
Thu Jul 16 08:00:39 EDT 2015<EOT>: Waiting for 2 byte(s): text header
Thu Jul 16 08:00:39 EDT 2015<EOT>: Waiting for 5 byte(s): text body
Thu Jul 16 08:00:39 EDT 2015<EOT>: Sending [0, 1, 71, 58, -70, 59, -66]
Thu Jul 16 08:00:39 EDT 2015<EOT>: Waiting for 2 byte(s): text header
Thu Jul 16 08:00:39 EDT 2015<EOT>: Waiting for 334 byte(s): text body
Thu Jul 16 08:00:39 EDT 2015<EOT>: time,103.651,rpm,1493,ENGINE_LOAD,26.03,MAP,26.03,afr,10.91,vss,0.00,ks,0.00,kv,2.28,vbatt,12.86,TP,0.00,CLT,21.12,MAT,19.66,ckp_c,16835,fuel_base,2.86,fuel_lag,1.00,fuel,4.20,timing,21.77,duty0,NaN,dwell0,0.00,total_dwell0,0.00,period0,0.00,advance0,682.000,duty1,NaN,dwell1,0.00,total_dwell1,0.00,period1,0.00,advance1,682.000,
Thu Jul 16 08:00:39 EDT 2015<EOT>: Sending [0, 1, 71, 58, -70, 59, -66]
Thu Jul 16 08:00:39 EDT 2015<EOT>: Waiting for 2 byte(s): text header
Thu Jul 16 08:00:39 EDT 2015<EOT>: Waiting for 5 byte(s): text body
Thu Jul 16 08:00:40 EDT 2015<EOT>: Sending [0, 1, 71, 58, -70, 59, -66]
Thu Jul 16 08:00:40 EDT 2015<EOT>: Waiting for 2 byte(s): text header
Thu Jul 16 08:00:40 EDT 2015<EOT>: Waiting for 2440 byte(s): text body
Thu Jul 16 08:00:40 EDT 2015<EOT>: analog_chart,0.00|0.00|1.80|3001.00|2.76|2002.00|12.25|3003.00|12.86|2004.00|22.35|3005.00|22.97|2006.00|32.41|3007.00|32.93|2008.00|39.99|9.00|40.49|3010.00|42.05|2011.00|68.18|3012.00|73.31|2013.00|74.41|1014.00|82.81|3015.00|83.33|2016.00|91.38|3017.00|93.45|2018.00|103.01|3019.00|103.74|2020.00|108.09|3021.00|113.66|2022.00|114.39|23.00|121.51|3024.00|123.78|2025.00|133.35|3026.00|133.90|2027.00|141.49|3028.00|144.00|2029.00|148.03|1030.00|148.54|3031.00|154.10|2032.00|162.92|3033.00|164.17|2034.00|173.74|3035.00|174.29|2036.00|183.83|3037.00|184.65|2038.00|185.31|39.00|192.47|3040.00|194.47|2041.00|200.66|3042.00|204.59|2043.00|213.58|3044.00|214.70|2045.00|220.88|1046.00|221.39|3047.00|245.18|2048.00|251.63|3049.00|255.40|2050.00|264.51|3051.00|265.42|2052.00|273.26|3053.00|275.57|2054.00|281.15|3055.00|285.69|2056.00|295.30|3057.00|295.87|2058.00|305.45|3059.00|306.02|2060.00|310.71|3061.00|316.13|2062.00|325.75|3063.00|326.28|2064.00|336.02|3065.00|336.53|2066.00|346.01|3067.00|346.57|2068.00|356.26|3069.00|356.76|2070.00|366.27|3071.00|366.78|2072.00|370.22|73.00|376.40|3074.00|377.02|2075.00|386.54|3076.00|387.18|2077.00|396.66|3078.00|397.21|2079.00|405.82|3080.00|406.36|2081.00|408.53|1082.00|431.55|3083.00|437.82|2084.00|446.07|85.00|446.57|3086.00|447.91|2087.00|454.01|3088.00|458.06|2089.00|466.39|3090.00|468.18|2091.00|473.40|3092.00|478.29|2093.00|480.85|1094.00|487.90|3095.00|488.43|2096.00|496.49|3097.00|498.58|2098.00|508.15|3099.00|508.71|2100.00|515.70|3101.00|517.23|102.00|518.86|2103.00|525.62|3104.00|528.94|2105.00|538.45|3106.00|539.19|2107.00|547.01|3108.00|547.98|1109.00|549.18|2110.00|555.01|3111.00|559.28|2112.00|567.37|3113.00|569.40|2114.00|576.55|3115.00|579.53|2116.00|584.02|117.00|584.53|3118.00|609.95|2119.00|614.20|3120.00|620.10|2121.00|627.09|3122.00|630.22|2123.00|635.62|3124.00|640.29|2125.00|645.41|3126.00|650.38|2127.00|656.63|3128.00|660.44|2129.00|665.15|3130.00|670.50|2131.00|680.02|3132.00|680.76|2133.00|686.17|3134.00|690.66|2135.00|694.69|3136.00|700.72|2137.00|705.21|3138.00|710.79|2139.00|720.30|3140.00|721.03|2141.00|,time,103.851,rpm,1461,ENGINE_LOAD,26.37,MAP,26.37,afr,10.33,vss,0.00,ks,0.00,kv,2.36,vbatt,12.78,TP,0.00,CLT,21.18,MAT,19.68,ckp_c,17184,fuel_base,2.89,fuel_lag,1.00,fuel,4.23,timing,21.76,duty0,NaN,dwell0,0.00,total_dwell0,0.00,period0,0.00,advance0,682.000,duty1,NaN,dwell1,0.00,total_dwell1,0.00,period1,0.00,advance1,682.000,
Thu Jul 16 08:00:40 EDT 2015<EOT>: Analog chart from 0.0 to 721.03
Thu Jul 16 08:00:40 EDT 2015<EOT>: Sending [0, 1, 71, 58, -70, 59, -66]
Thu Jul 16 08:00:40 EDT 2015<EOT>: Waiting for 2 byte(s): text header
Thu Jul 16 08:00:40 EDT 2015<EOT>: Waiting for 5 byte(s): text body
Thu Jul 16 08:00:40 EDT 2015<EOT>: Sending [0, 1, 71, 58, -70, 59, -66]
Thu Jul 16 08:00:40 EDT 2015<EOT>: Waiting for 2 byte(s): text header
Thu Jul 16 08:00:40 EDT 2015<EOT>: Waiting for 334 byte(s): text body
Thu Jul 16 08:00:40 EDT 2015<EOT>: time,104.053,rpm,1470,ENGINE_LOAD,26.76,MAP,26.76,afr,10.38,vss,0.00,ks,0.00,kv,2.40,vbatt,12.55,TP,0.00,CLT,21.18,MAT,21.25,ckp_c,17533,fuel_base,2.92,fuel_lag,1.00,fuel,4.26,timing,21.76,duty0,NaN,dwell0,0.00,total_dwell0,0.00,period0,0.00,advance0,682.000,duty1,NaN,dwell1,0.00,total_dwell1,0.00,period1,0.00,advance1,682.000,
Thu Jul 16 08:00:40 EDT 2015<EOT>: Sending [0, 1, 71, 58, -70, 59, -66]
Thu Jul 16 08:00:40 EDT 2015<EOT>: Waiting for 2 byte(s): text header
Thu Jul 16 08:00:40 EDT 2015<EOT>: Waiting for 3942 byte(s): text body
Thu Jul 16 08:00:40 EDT 2015<EOT>: wave_chart,t2!u_26!0!t2!d_27!38!t2!u_28!87!t2!d_29!147!t1!u_30!190!t2!u_31!194!t2!d_32!256!map!d!276!c3!u!295!t2!u_33!333!t2!d_34!365!t2!u_35!468!t2!d_36!475!i4!u!513!t2!u_37!578!t2!d_38!586!t1!d_39!595!t2!u_40!666!t2!d_41!693!c3!d!698!t2!u_42!796!t2!d_43!802!t2!u_44!899!t2!d_45!911!i4!d!926!HIP!u!955!t1!u_46!978!t2!u_47!982!t2!d_48!1241!t2!u_49!1333!t2!d_50!1350!t2!u_51!1419!t2!d_52!1460!t2!u_53!1535!t2!d_54!1571!t2!u_55!1666!t2!d_56!1680!t2!u_57!1752!t2!d_58!1789!t2!u_59!1867!t2!d_60!1899!t2!u_61!1999!t2!d_62!2008!HIP!d!2060!t2!u_63!2087!t2!d_64!2118!t2!u_65!2185!t2!d_66!2227!c1!u!2268!t2!u_67!2331!t2!d_68!2337!t2!u_69!2419!t2!d_70!2448!i2!u!2481!t2!u_71!2550!t2!d_72!2556!t1!d_73!2591!t2!u_74!2659!t2!d_75!2666!c1!d!2680!t2!u_76!2752!t2!d_77!2776!t2!u_78!2878!t2!d_79!2884!i2!d!2894!t2!u_80!2977!t2!d_81!2983!t1!u_82!3008!t2!u_83!3252!t2!d_84!3323!t1!d_85!3410!t2!u_86!3414!t2!d_87!3433!t2!u_88!3522!t2!d_89!3543!t2!u_90!3599!t2!d_91!3653!t2!u_92!3752!t2!d_93!3763!t1!u_94!3789!t2!u_95!3820!t2!d_96!3873!t2!u_97!3977!t2!d_98!3983!t2!u_99!4087!t2!d_100!4093!t2!u_101!4138!t1!d_102!4185!t2!d_103!4203!c3!u!4240!t2!u_104!4307!t2!d_105!4313!t2!u_106!4416!t2!d_107!4423!i1!u!4459!t1!u_108!4521!t2!u_109!4525!t2!d_110!4532!t2!u_111!4636!t2!d_112!4642!c3!d!4657!t2!u_113!4746!t2!d_114!4752!t2!u_115!4856!t2!d_116!4862!i1!d!4871!t1!d_117!4910!t2!u_118!4914!t2!d_119!5192!t2!u_120!5243!t2!d_121!5303!t2!u_122!5403!t2!d_123!5413!t2!u_124!5472!t2!d_125!5523!t2!u_126!5627!t2!d_127!5634!t2!u_128!5738!t2!d_129!5744!t2!u_130!5821!t2!d_131!5854!t2!u_132!5907!t2!d_133!5964!t2!u_134!6068!t2!d_135!6074!t2!u_136!6164!t2!d_137!6185!c1!u!6224!t2!u_138!6289!t2!d_139!6295!t2!u_140!6399!t2!d_141!6405!t1!u_0!6477!t2!u_1!6497!i3!u!6501!t2!d_2!6515!t2!u_3!6619!t2!d_4!6625!c1!d!6644!t2!u_5!6729!t2!d_6!6736!t2!u_7!6782!t2!d_8!6845!r!1519!6901!i3!d!6911!t1!d_9!6931!t2!u_10!6934!t2!d_11!6945!t2!u_12!7214!t2!d_13!7286!t1!u_14!7299!t2!u_15!7332!t2!d_16!7397!t2!u_17!7442!t2!d_18!7507!t2!u_19!7586!map!u!7617!t2!d_20!7619!t2!u_21!7665!t2!d_22!7729!t1!d_23!7739!t2!u_24!7789!t2!d_25!7840!t2!u_26!7899!t2!d_27!7951!t2!u_28!7999!t2!d_29!8061!t1!u_30!8109!t2!u_31!8113!map!d!8167!t2!d_32!8172!c3!u!8210!t2!u_33!8232!t2!d_34!8283!t2!u_35!8332!t2!d_36!8393!i4!u!8430!t2!u_37!8498!t2!d_38!8504!t1!d_39!8527!t2!u_40!8609!t2!d_41!8616!c3!d!8636!t2!u_42!8665!t2!d_43!8726!t2!u_44!8831!t2!d_45!8837!i4!d!8844!HIP!u!8845!t2!u_46!8907!t1!u_47!8915!t2!d_48!9171!t2!u_49!9232!t2!d_50!9282!t2!u_51!9332!t2!d_52!9395!t2!u_53!9453!t2!d_54!9505!t2!u_55!9565!t2!d_56!9616!t2!u_57!9665!t2!d_58!9728!t2!u_59!9833!t2!d_60!9839!t2!u_61!9898!t2!d_62!9950!HIP!d!9958!t2!u_63!9999!t2!d_64!10064!t2!u_65!10167!t2!d_66!10174!c1!u!10213!t2!u_67!10279!t2!d_68!10285!t2!u_69!10332!t2!d_70!10396!i2!u!10427!t2!u_71!10501!t2!d_72!10507!t1!d_73!10553!t2!u_74!10557!c1!d!10577!t2!d_75!10619!t2!u_76!10665!t2!d_77!10731!t2!u_78!10814!i2!d!10840!t2!d_79!10843!t2!u_80!10904!t2!d_81!10942!t1!u_82!10972!t2!u_83!11232!t2!d_84!11287!t2!u_85!11332!t1!d_86!11376!t2!d_87!11398!t2!u_88!11475!t2!d_89!11510!t2!u_90!11614!t2!d_91!11621!t2!u_92!11665!t2!d_93!11732!t1!u_94!11761!t2!u_95!11837!t2!d_96!11843!t2!u_97!11898!t2!d_98!11954!t2!u_99!11998!t2!d_100!12065!t2!u_101!12150!t1!d_102!12162!t2!d_103!12176!c3!u!12213!t2!u_104!12281!t2!d_105!12287!t2!u_106!12332!t2!d_107!12398!i1!u!12432!t2!u_108!12503!t1!u_109!12507!t2!d_110!12511!t2!u_111!12614!t2!d_112!12620!c3!d!12634!t2!u_113!12665!t2!d_114!12731!t2!u_115!12836!t2!d_116!12843!i1!d!12846!t1!d_117!12898!t2!u_118!12902!t2!d_119!13176!t2!u_120!13223!t2!d_121!13288!t2!u_122!13332!t2!d_123!13399!t2!u_124!13455!t2!d_125!13511!t2!u_126!13565!t2!d_127!13623!t2!u_128!13728!t2!d_129!13734!t2!u_130!13800!t2!d_131!13846!t2!u_132!13922!t2!d_133!13957!t2!u_134!14040!t2!d_135!14069!t2!u_136!14119!t2!d_137!14180!c1!u!14218!t2!u_138!14237!t2!d_139!14292!t2!u_140!14397!t2!d_141!14403!t1!u_0!14483!t2!u_1!14503!i3!u!14510!t2!d_2!14515!t2!u_3!14620!,
Thu Jul 16 08:00:40 EDT 2015<EOT>: : t2!u_26!0!t2!d_27!38!t2!u_28!87!t2!d_29!147!t1!u_30!190!t2!u_31!194!t2!d_32!256!map!d!276!c3!u!295!t2!u_33!333!t2!d_34!365!t2!u_35!468!t2!d_36!475!i4!u!513!t2!u_37!578!t2!d_38!586!t1!d_39!595!t2!u_40!666!t2!d_41!693!c3!d!698!t2!u_42!796!t2!d_43!802!t2!u_44!899!t2!d_45!911!i4!d!926!HIP!u!955!t1!u_46!978!t2!u_47!982!t2!d_48!1241!t2!u_49!1333!t2!d_50!1350!t2!u_51!1419!t2!d_52!1460!t2!u_53!1535!t2!d_54!1571!t2!u_55!1666!t2!d_56!1680!t2!u_57!1752!t2!d_58!1789!t2!u_59!1867!t2!d_60!1899!t2!u_61!1999!t2!d_62!2008!HIP!d!2060!t2!u_63!2087!t2!d_64!2118!t2!u_65!2185!t2!d_66!2227!c1!u!2268!t2!u_67!2331!t2!d_68!2337!t2!u_69!2419!t2!d_70!2448!i2!u!2481!t2!u_71!2550!t2!d_72!2556!t1!d_73!2591!t2!u_74!2659!t2!d_75!2666!c1!d!2680!t2!u_76!2752!t2!d_77!2776!t2!u_78!2878!t2!d_79!2884!i2!d!2894!t2!u_80!2977!t2!d_81!2983!t1!u_82!3008!t2!u_83!3252!t2!d_84!3323!t1!d_85!3410!t2!u_86!3414!t2!d_87!3433!t2!u_88!3522!t2!d_89!3543!t2!u_90!3599!t2!d_91!3653!t2!u_92!3752!t2!d_93!3763!t1!u_94!3789!t2!u_95!3820!t2!d_96!3873!t2!u_97!3977!t2!d_98!3983!t2!u_99!4087!t2!d_100!4093!t2!u_101!4138!t1!d_102!4185!t2!d_103!4203!c3!u!4240!t2!u_104!4307!t2!d_105!4313!t2!u_106!4416!t2!d_107!4423!i1!u!4459!t1!u_108!4521!t2!u_109!4525!t2!d_110!4532!t2!u_111!4636!t2!d_112!4642!c3!d!4657!t2!u_113!4746!t2!d_114!4752!t2!u_115!4856!t2!d_116!4862!i1!d!4871!t1!d_117!4910!t2!u_118!4914!t2!d_119!5192!t2!u_120!5243!t2!d_121!5303!t2!u_122!5403!t2!d_123!5413!t2!u_124!5472!t2!d_125!5523!t2!u_126!5627!t2!d_127!5634!t2!u_128!5738!t2!d_129!5744!t2!u_130!5821!t2!d_131!5854!t2!u_132!5907!t2!d_133!5964!t2!u_134!6068!t2!d_135!6074!t2!u_136!6164!t2!d_137!6185!c1!u!6224!t2!u_138!6289!t2!d_139!6295!t2!u_140!6399!t2!d_141!6405!t1!u_0!6477!t2!u_1!6497!i3!u!6501!t2!d_2!6515!t2!u_3!6619!t2!d_4!6625!c1!d!6644!t2!u_5!6729!t2!d_6!6736!t2!u_7!6782!t2!d_8!6845!r!1519!6901!i3!d!6911!t1!d_9!6931!t2!u_10!6934!t2!d_11!6945!t2!u_12!7214!t2!d_13!7286!t1!u_14!7299!t2!u_15!7332!t2!d_16!7397!t2!u_17!7442!t2!d_18!7507!t2!u_19!7586!map!u!7617!t2!d_20!7619!t2!u_21!7665!t2!d_22!7729!t1!d_23!7739!t2!u_24!7789!t2!d_25!7840!t2!u_26!7899!t2!d_27!7951!t2!u_28!7999!t2!d_29!8061!t1!u_30!8109!t2!u_31!8113!map!d!8167!t2!d_32!8172!c3!u!8210!t2!u_33!8232!t2!d_34!8283!t2!u_35!8332!t2!d_36!8393!i4!u!8430!t2!u_37!8498!t2!d_38!8504!t1!d_39!8527!t2!u_40!8609!t2!d_41!8616!c3!d!8636!t2!u_42!8665!t2!d_43!8726!t2!u_44!8831!t2!d_45!8837!i4!d!8844!HIP!u!8845!t2!u_46!8907!t1!u_47!8915!t2!d_48!9171!t2!u_49!9232!t2!d_50!9282!t2!u_51!9332!t2!d_52!9395!t2!u_53!9453!t2!d_54!9505!t2!u_55!9565!t2!d_56!9616!t2!u_57!9665!t2!d_58!9728!t2!u_59!9833!t2!d_60!9839!t2!u_61!9898!t2!d_62!9950!HIP!d!9958!t2!u_63!9999!t2!d_64!10064!t2!u_65!10167!t2!d_66!10174!c1!u!10213!t2!u_67!10279!t2!d_68!10285!t2!u_69!10332!t2!d_70!10396!i2!u!10427!t2!u_71!10501!t2!d_72!10507!t1!d_73!10553!t2!u_74!10557!c1!d!10577!t2!d_75!10619!t2!u_76!10665!t2!d_77!10731!t2!u_78!10814!i2!d!10840!t2!d_79!10843!t2!u_80!10904!t2!d_81!10942!t1!u_82!10972!t2!u_83!11232!t2!d_84!11287!t2!u_85!11332!t1!d_86!11376!t2!d_87!11398!t2!u_88!11475!t2!d_89!11510!t2!u_90!11614!t2!d_91!11621!t2!u_92!11665!t2!d_93!11732!t1!u_94!11761!t2!u_95!11837!t2!d_96!11843!t2!u_97!11898!t2!d_98!11954!t2!u_99!11998!t2!d_100!12065!t2!u_101!12150!t1!d_102!12162!t2!d_103!12176!c3!u!12213!t2!u_104!12281!t2!d_105!12287!t2!u_106!12332!t2!d_107!12398!i1!u!12432!t2!u_108!12503!t1!u_109!12507!t2!d_110!12511!t2!u_111!12614!t2!d_112!12620!c3!d!12634!t2!u_113!12665!t2!d_114!12731!t2!u_115!12836!t2!d_116!12843!i1!d!12846!t1!d_117!12898!t2!u_118!12902!t2!d_119!13176!t2!u_120!13223!t2!d_121!13288!t2!u_122!13332!t2!d_123!13399!t2!u_124!13455!t2!d_125!13511!t2!u_126!13565!t2!d_127!13623!t2!u_128!13728!t2!d_129!13734!t2!u_130!13800!t2!d_131!13846!t2!u_132!13922!t2!d_133!13957!t2!u_134!14040!t2!d_135!14069!t2!u_136!14119!t2!d_137!14180!c1!u!14218!t2!u_138!14237!t2!d_139!14292!t2!u_140!14397!t2!d_141!14403!t1!u_0!14483!t2!u_1!14503!i3!u!14510!t2!d_2!14515!t2!u_3!14620!
Thu Jul 16 08:00:40 EDT 2015<EOT>: Sending [0, 1, 71, 58, -70, 59, -66]
Thu Jul 16 08:00:40 EDT 2015<EOT>: Waiting for 2 byte(s): text header
Thu Jul 16 08:00:40 EDT 2015<EOT>: Waiting for 334 byte(s): text body
Thu Jul 16 08:00:40 EDT 2015<EOT>: time,104.253,rpm,1462,ENGINE_LOAD,27.10,MAP,27.10,afr,10.25,vss,0.00,ks,0.00,kv,2.37,vbatt,12.91,TP,0.00,CLT,21.15,MAT,19.58,ckp_c,17880,fuel_base,2.95,fuel_lag,1.00,fuel,4.29,timing,21.76,duty0,NaN,dwell0,0.00,total_dwell0,0.00,period0,0.00,advance0,682.000,duty1,NaN,dwell1,0.00,total_dwell1,0.00,period1,0.00,advance1,682.000,
Thu Jul 16 08:00:40 EDT 2015<EOT>: Sending [0, 1, 71, 58, -70, 59, -66]
Thu Jul 16 08:00:40 EDT 2015<EOT>: Waiting for 2 byte(s): text header
Thu Jul 16 08:00:40 EDT 2015<EOT>: Waiting for 5 byte(s): text body
Thu Jul 16 08:00:40 EDT 2015<EOT>: Sending [0, 1, 71, 58, -70, 59, -66]
Thu Jul 16 08:00:40 EDT 2015<EOT>: Waiting for 2 byte(s): text header
Thu Jul 16 08:00:40 EDT 2015<EOT>: Waiting for 334 byte(s): text body
Thu Jul 16 08:00:40 EDT 2015<EOT>: time,104.455,rpm,1461,ENGINE_LOAD,27.31,MAP,27.31,afr,10.18,vss,0.00,ks,0.00,kv,2.31,vbatt,12.86,TP,0.00,CLT,21.23,MAT,19.55,ckp_c,18228,fuel_base,2.96,fuel_lag,1.00,fuel,4.31,timing,21.75,duty0,NaN,dwell0,0.00,total_dwell0,0.00,period0,0.00,advance0,682.000,duty1,NaN,dwell1,0.00,total_dwell1,0.00,period1,0.00,advance1,682.000,
Thu Jul 16 08:00:40 EDT 2015<EOT>: Sending [0, 1, 71, 58, -70, 59, -66]
Thu Jul 16 08:00:40 EDT 2015<EOT>: Waiting for 2 byte(s): text header
Thu Jul 16 08:00:40 EDT 2015<EOT>: Waiting for 5 byte(s): text body
Thu Jul 16 08:00:40 EDT 2015<EOT>: Sending [0, 1, 71, 58, -70, 59, -66]
Thu Jul 16 08:00:40 EDT 2015<EOT>: Waiting for 2 byte(s): text header
Thu Jul 16 08:00:40 EDT 2015<EOT>: Waiting for 334 byte(s): text body
Thu Jul 16 08:00:40 EDT 2015<EOT>: time,104.655,rpm,1461,ENGINE_LOAD,27.31,MAP,27.31,afr,10.12,vss,0.00,ks,0.00,kv,2.39,vbatt,12.81,TP,0.00,CLT,21.18,MAT,19.58,ckp_c,18578,fuel_base,2.96,fuel_lag,1.00,fuel,4.31,timing,21.76,duty0,NaN,dwell0,0.00,total_dwell0,0.00,period0,0.00,advance0,682.000,duty1,NaN,dwell1,0.00,total_dwell1,0.00,period1,0.00,advance1,682.000,
Thu Jul 16 08:00:40 EDT 2015<EOT>: Sending [0, 1, 71, 58, -70, 59, -66]
Thu Jul 16 08:00:40 EDT 2015<EOT>: Waiting for 2 byte(s): text header
Thu Jul 16 08:00:40 EDT 2015<EOT>: Waiting for 5 byte(s): text body
Thu Jul 16 08:00:41 EDT 2015<EOT>: Sending [0, 1, 71, 58, -70, 59, -66]
Thu Jul 16 08:00:41 EDT 2015<EOT>: Waiting for 2 byte(s): text header
Thu Jul 16 08:00:41 EDT 2015<EOT>: Waiting for 334 byte(s): text body
Thu Jul 16 08:00:41 EDT 2015<EOT>: time,104.857,rpm,1460,ENGINE_LOAD,27.47,MAP,27.47,afr,10.09,vss,0.00,ks,0.00,kv,2.30,vbatt,12.79,TP,0.00,CLT,21.25,MAT,19.68,ckp_c,18929,fuel_base,2.99,fuel_lag,1.00,fuel,4.34,timing,21.74,duty0,NaN,dwell0,0.00,total_dwell0,0.00,period0,0.00,advance0,682.000,duty1,NaN,dwell1,0.00,total_dwell1,0.00,period1,0.00,advance1,682.000,
Thu Jul 16 08:00:41 EDT 2015<EOT>: Sending [0, 1, 71, 58, -70, 59, -66]
Thu Jul 16 08:00:41 EDT 2015<EOT>: Waiting for 2 byte(s): text header
Thu Jul 16 08:00:41 EDT 2015<EOT>: Waiting for 5 byte(s): text body
Thu Jul 16 08:00:41 EDT 2015<EOT>: Sending [0, 1, 71, 58, -70, 59, -66]
Thu Jul 16 08:00:41 EDT 2015<EOT>: Waiting for 2 byte(s): text header
Thu Jul 16 08:00:41 EDT 2015<EOT>: Waiting for 334 byte(s): text body
Thu Jul 16 08:00:41 EDT 2015<EOT>: time,105.057,rpm,1441,ENGINE_LOAD,27.75,MAP,27.75,afr,10.08,vss,0.00,ks,0.00,kv,2.32,vbatt,12.93,TP,0.00,CLT,21.10,MAT,19.63,ckp_c,19270,fuel_base,3.00,fuel_lag,1.00,fuel,4.35,timing,21.77,duty0,NaN,dwell0,0.00,total_dwell0,0.00,period0,0.00,advance0,682.000,duty1,NaN,dwell1,0.00,total_dwell1,0.00,period1,0.00,advance1,682.000,
Thu Jul 16 08:00:41 EDT 2015<EOT>: Sending [0, 1, 71, 58, -70, 59, -66]
Thu Jul 16 08:00:41 EDT 2015<EOT>: Waiting for 2 byte(s): text header
Thu Jul 16 08:00:41 EDT 2015<EOT>: Waiting for 3957 byte(s): text body
Thu Jul 16 08:00:41 EDT 2015<EOT>: wave_chart,t2!u_77!0!t2!d_78!26!t2!u_79!124!i2!d!127!t2!d_80!129!t1!u_81!161!t2!u_82!443!t2!d_83!485!t1!d_84!580!t2!u_85!584!t2!d_86!599!t2!u_87!666!t2!d_88!713!t2!u_89!771!t2!d_90!828!t2!u_91!881!t2!d_92!941!t1!u_93!976!t2!u_94!1000!t2!d_95!1055!t2!u_96!1164!t2!d_97!1169!t2!u_98!1277!t2!d_99!1283!t2!u_100!1333!t1!d_101!1384!t2!d_102!1397!t2!u_103!1477!t2!d_104!1511!c3!u!1527!t2!u_105!1572!t2!d_106!1625!t1!u_107!1732!t2!d_108!1743!t2!u_109!1747!i1!u!1768!t2!u_110!1847!t2!d_111!1853!c3!d!1874!t2!u_112!1961!t2!d_113!1967!t2!u_114!2042!t2!d_115!2082!t1!d_116!2127!t2!u_117!2131!i1!d!2195!t2!d_118!2424!t2!u_119!2511!t2!d_120!2539!t2!u_121!2636!t2!d_122!2653!t2!u_123!2735!t2!d_124!2767!t2!u_125!2841!t2!d_126!2882!t2!u_127!2989!t2!d_128!2995!t2!u_129!3068!t2!d_130!3109!t2!u_131!3159!t2!d_132!3223!t2!u_133!3303!t2!d_134!3337!t2!u_135!3401!t2!d_136!3451!t2!u_137!3517!t2!d_138!3564!c1!u!3568!t2!u_139!3616!t2!d_140!3678!t2!u_141!3734!t1!u_0!3755!i3!u!3778!t2!d_1!3792!t2!u_2!3899!t2!d_3!3906!c1!d!3931!t2!u_4!3999!t2!d_5!4021!t2!u_6!4068!t2!d_7!4133!r!1462!4192!i3!d!4206!t1!d_8!4221!t2!u_9!4225!t2!d_10!4236!t2!u_11!4514!t2!d_12!4590!t1!u_13!4606!t2!u_14!4666!t2!d_15!4703!t2!u_16!4752!t2!d_17!4817!t2!u_18!4866!t2!d_19!4933!map!u!4937!t2!u_20!4997!t2!d_21!5044!t1!d_22!5055!t2!u_23!5107!t2!d_24!5157!t2!u_25!5220!t2!d_26!5271!t2!u_27!5378!t2!d_28!5384!t1!u_29!5436!t2!u_30!5440!t2!d_31!5498!map!d!5508!t2!u_32!5580!t2!d_33!5611!c3!u!5633!t2!u_34!5718!t2!d_35!5727!t2!u_36!5832!t2!d_37!5840!t1!d_38!5856!i4!u!5870!t2!u_39!5945!t2!d_40!5951!c3!d!5979!t2!u_41!6059!t2!d_42!6065!t2!u_43!6127!t2!d_44!6179!HIP!u!6201!t1!u_45!6254!t2!u_46!6258!i4!d!6300!t2!d_47!6520!t2!u_48!6627!t2!d_49!6634!t2!u_50!6734!t2!d_51!6747!t2!u_52!6854!t2!d_53!6861!t2!u_54!6968!t2!d_55!6975!t2!u_56!7081!t2!d_57!7088!t2!u_58!7195!t2!d_59!7201!t2!u_60!7283!t2!d_61!7314!HIP!d!7339!t2!u_62!7406!t2!d_63!7428!t2!u_64!7473!t2!d_65!7541!t2!u_66!7597!c1!u!7651!t2!d_67!7655!t2!u_68!7734!t2!d_69!7768!t2!u_70!7875!t2!d_71!7886!i2!u!7908!t1!d_72!7911!t2!u_73!7974!t2!d_74!7995!c1!d!8017!t2!u_75!8102!t2!d_76!8109!t2!u_77!8215!t2!d_78!8221!t2!u_79!8307!t2!d_80!8324!i2!d!8338!t1!u_81!8346!t2!u_82!8625!t2!d_83!8676!t1!d_84!8761!t2!u_85!8765!t2!d_86!8790!t2!u_87!8898!t2!d_88!8904!t2!u_89!8974!t2!d_90!9018!t2!u_91!9067!t2!d_92!9132!t1!u_93!9154!t2!u_94!9214!t2!d_95!9247!t2!u_96!9307!t2!d_97!9361!t2!u_98!9467!t2!d_99!9475!t2!u_100!9554!t1!d_101!9567!t2!d_102!9590!t2!u_103!9640!c3!u!9691!t2!d_104!9704!t2!u_105!9776!t2!d_106!9818!t1!u_107!9917!t2!u_108!9926!t2!d_109!9932!i1!u!9954!t2!u_110!10040!t2!d_111!10046!c3!d!10067!t2!u_112!10154!t2!d_113!10161!t2!u_114!10269!t2!d_115!10275!t1!d_116!10324!t2!u_117!10328!i1!d!10383!t2!d_118!10619!t2!u_119!10729!t2!d_120!10735!t2!u_121!10817!t2!d_122!10850!t2!u_123!10940!t2!d_124!10964!t2!u_125!11067!t2!d_126!11078!t2!u_127!11166!t2!d_128!11193!t2!u_129!11302!t2!d_130!11308!t2!u_131!11401!t2!d_132!11423!t2!u_133!11497!t2!d_134!11538!t2!u_135!11633!t2!d_136!11652!t2!u_137!11734!t2!d_138!11767!c1!u!11786!t2!u_139!11875!t2!d_140!11882!t1!u_0!11957!t2!u_1!11980!i3!u!11983!t2!d_2!11996!t2!u_3!12067!c1!d!12092!t2!d_4!12110!t2!u_5!12219!t2!d_6!12225!t2!u_7!12300!t2!d_8!12340!r!1463!12395!t2!u_9!12400!i3!d!12410!t1!d_10!12428!t2!d_11!12444!t2!u_12!12733!t2!d_13!12799!t1!u_14!12817!t2!u_15!12846!t2!d_16!12914!t2!u_17!12973!t2!d_18!13031!t2!u_19!13138!map!u!13141!t2!d_20!13144!t2!u_21!13214!t2!d_22!13259!t1!d_23!13271!t2!u_24!13307!t2!d_25!13374!t2!u_26!13457!t2!d_27!13489!t2!u_28!13547!t2!d_29!13604!t1!u_30!13653!t2!u_31!13656!map!d!13711!t2!d_32!13718!c3!u!13772!t2!u_33!13825!t2!d_34!13833!t2!u_35!13942!t2!d_36!13948!i4!u!13984!t2!u_37!14056!t2!d_38!14062!t1!d_39!14078!t2!u_40!14171!t2!d_41!14178!c3!d!14200!t2!u_42!14286!t2!d_43!14292!t2!u_44!14400!t2!d_45!14407!HIP!u!14411!i4!d!14416!t2!u_46!14458!t1!u_47!14481!t2!d_48!14753!t2!u_49!14833!t2!d_50!14868!t2!u_51!14973!t2!d_52!14983!t2!u_53!15067!t2!d_54!15098!t2!u_55!15154!,
Thu Jul 16 08:00:41 EDT 2015<EOT>: : t2!u_77!0!t2!d_78!26!t2!u_79!124!i2!d!127!t2!d_80!129!t1!u_81!161!t2!u_82!443!t2!d_83!485!t1!d_84!580!t2!u_85!584!t2!d_86!599!t2!u_87!666!t2!d_88!713!t2!u_89!771!t2!d_90!828!t2!u_91!881!t2!d_92!941!t1!u_93!976!t2!u_94!1000!t2!d_95!1055!t2!u_96!1164!t2!d_97!1169!t2!u_98!1277!t2!d_99!1283!t2!u_100!1333!t1!d_101!1384!t2!d_102!1397!t2!u_103!1477!t2!d_104!1511!c3!u!1527!t2!u_105!1572!t2!d_106!1625!t1!u_107!1732!t2!d_108!1743!t2!u_109!1747!i1!u!1768!t2!u_110!1847!t2!d_111!1853!c3!d!1874!t2!u_112!1961!t2!d_113!1967!t2!u_114!2042!t2!d_115!2082!t1!d_116!2127!t2!u_117!2131!i1!d!2195!t2!d_118!2424!t2!u_119!2511!t2!d_120!2539!t2!u_121!2636!t2!d_122!2653!t2!u_123!2735!t2!d_124!2767!t2!u_125!2841!t2!d_126!2882!t2!u_127!2989!t2!d_128!2995!t2!u_129!3068!t2!d_130!3109!t2!u_131!3159!t2!d_132!3223!t2!u_133!3303!t2!d_134!3337!t2!u_135!3401!t2!d_136!3451!t2!u_137!3517!t2!d_138!3564!c1!u!3568!t2!u_139!3616!t2!d_140!3678!t2!u_141!3734!t1!u_0!3755!i3!u!3778!t2!d_1!3792!t2!u_2!3899!t2!d_3!3906!c1!d!3931!t2!u_4!3999!t2!d_5!4021!t2!u_6!4068!t2!d_7!4133!r!1462!4192!i3!d!4206!t1!d_8!4221!t2!u_9!4225!t2!d_10!4236!t2!u_11!4514!t2!d_12!4590!t1!u_13!4606!t2!u_14!4666!t2!d_15!4703!t2!u_16!4752!t2!d_17!4817!t2!u_18!4866!t2!d_19!4933!map!u!4937!t2!u_20!4997!t2!d_21!5044!t1!d_22!5055!t2!u_23!5107!t2!d_24!5157!t2!u_25!5220!t2!d_26!5271!t2!u_27!5378!t2!d_28!5384!t1!u_29!5436!t2!u_30!5440!t2!d_31!5498!map!d!5508!t2!u_32!5580!t2!d_33!5611!c3!u!5633!t2!u_34!5718!t2!d_35!5727!t2!u_36!5832!t2!d_37!5840!t1!d_38!5856!i4!u!5870!t2!u_39!5945!t2!d_40!5951!c3!d!5979!t2!u_41!6059!t2!d_42!6065!t2!u_43!6127!t2!d_44!6179!HIP!u!6201!t1!u_45!6254!t2!u_46!6258!i4!d!6300!t2!d_47!6520!t2!u_48!6627!t2!d_49!6634!t2!u_50!6734!t2!d_51!6747!t2!u_52!6854!t2!d_53!6861!t2!u_54!6968!t2!d_55!6975!t2!u_56!7081!t2!d_57!7088!t2!u_58!7195!t2!d_59!7201!t2!u_60!7283!t2!d_61!7314!HIP!d!7339!t2!u_62!7406!t2!d_63!7428!t2!u_64!7473!t2!d_65!7541!t2!u_66!7597!c1!u!7651!t2!d_67!7655!t2!u_68!7734!t2!d_69!7768!t2!u_70!7875!t2!d_71!7886!i2!u!7908!t1!d_72!7911!t2!u_73!7974!t2!d_74!7995!c1!d!8017!t2!u_75!8102!t2!d_76!8109!t2!u_77!8215!t2!d_78!8221!t2!u_79!8307!t2!d_80!8324!i2!d!8338!t1!u_81!8346!t2!u_82!8625!t2!d_83!8676!t1!d_84!8761!t2!u_85!8765!t2!d_86!8790!t2!u_87!8898!t2!d_88!8904!t2!u_89!8974!t2!d_90!9018!t2!u_91!9067!t2!d_92!9132!t1!u_93!9154!t2!u_94!9214!t2!d_95!9247!t2!u_96!9307!t2!d_97!9361!t2!u_98!9467!t2!d_99!9475!t2!u_100!9554!t1!d_101!9567!t2!d_102!9590!t2!u_103!9640!c3!u!9691!t2!d_104!9704!t2!u_105!9776!t2!d_106!9818!t1!u_107!9917!t2!u_108!9926!t2!d_109!9932!i1!u!9954!t2!u_110!10040!t2!d_111!10046!c3!d!10067!t2!u_112!10154!t2!d_113!10161!t2!u_114!10269!t2!d_115!10275!t1!d_116!10324!t2!u_117!10328!i1!d!10383!t2!d_118!10619!t2!u_119!10729!t2!d_120!10735!t2!u_121!10817!t2!d_122!10850!t2!u_123!10940!t2!d_124!10964!t2!u_125!11067!t2!d_126!11078!t2!u_127!11166!t2!d_128!11193!t2!u_129!11302!t2!d_130!11308!t2!u_131!11401!t2!d_132!11423!t2!u_133!11497!t2!d_134!11538!t2!u_135!11633!t2!d_136!11652!t2!u_137!11734!t2!d_138!11767!c1!u!11786!t2!u_139!11875!t2!d_140!11882!t1!u_0!11957!t2!u_1!11980!i3!u!11983!t2!d_2!11996!t2!u_3!12067!c1!d!12092!t2!d_4!12110!t2!u_5!12219!t2!d_6!12225!t2!u_7!12300!t2!d_8!12340!r!1463!12395!t2!u_9!12400!i3!d!12410!t1!d_10!12428!t2!d_11!12444!t2!u_12!12733!t2!d_13!12799!t1!u_14!12817!t2!u_15!12846!t2!d_16!12914!t2!u_17!12973!t2!d_18!13031!t2!u_19!13138!map!u!13141!t2!d_20!13144!t2!u_21!13214!t2!d_22!13259!t1!d_23!13271!t2!u_24!13307!t2!d_25!13374!t2!u_26!13457!t2!d_27!13489!t2!u_28!13547!t2!d_29!13604!t1!u_30!13653!t2!u_31!13656!map!d!13711!t2!d_32!13718!c3!u!13772!t2!u_33!13825!t2!d_34!13833!t2!u_35!13942!t2!d_36!13948!i4!u!13984!t2!u_37!14056!t2!d_38!14062!t1!d_39!14078!t2!u_40!14171!t2!d_41!14178!c3!d!14200!t2!u_42!14286!t2!d_43!14292!t2!u_44!14400!t2!d_45!14407!HIP!u!14411!i4!d!14416!t2!u_46!14458!t1!u_47!14481!t2!d_48!14753!t2!u_49!14833!t2!d_50!14868!t2!u_51!14973!t2!d_52!14983!t2!u_53!15067!t2!d_54!15098!t2!u_55!15154!
Thu Jul 16 08:00:41 EDT 2015<EOT>: Sending [0, 1, 71, 58, -70, 59, -66]
Thu Jul 16 08:00:41 EDT 2015<EOT>: Waiting for 2 byte(s): text header
Thu Jul 16 08:00:41 EDT 2015<EOT>: Waiting for 334 byte(s): text body
Thu Jul 16 08:00:41 EDT 2015<EOT>: time,105.259,rpm,1444,ENGINE_LOAD,27.80,MAP,27.80,afr,10.02,vss,0.00,ks,0.00,kv,2.31,vbatt,12.72,TP,0.00,CLT,21.18,MAT,19.61,ckp_c,19612,fuel_base,3.00,fuel_lag,1.00,fuel,4.35,timing,21.76,duty0,NaN,dwell0,0.00,total_dwell0,0.00,period0,0.00,advance0,682.000,duty1,NaN,dwell1,0.00,total_dwell1,0.00,period1,0.00,advance1,682.000,
Thu Jul 16 08:00:41 EDT 2015<EOT>: Sending [0, 1, 71, 58, -70, 59, -66]
Thu Jul 16 08:00:41 EDT 2015<EOT>: Waiting for 2 byte(s): text header
Thu Jul 16 08:00:41 EDT 2015<EOT>: Waiting for 5 byte(s): text body
Thu Jul 16 08:00:41 EDT 2015<EOT>: Sending [0, 1, 71, 58, -70, 59, -66]
Thu Jul 16 08:00:41 EDT 2015<EOT>: Waiting for 2 byte(s): text header
Thu Jul 16 08:00:41 EDT 2015<EOT>: Waiting for 2440 byte(s): text body
Thu Jul 16 08:00:41 EDT 2015<EOT>: time,105.459,rpm,1448,ENGINE_LOAD,27.82,MAP,27.82,afr,10.00,vss,0.00,ks,0.00,kv,2.36,vbatt,12.62,TP,0.00,CLT,21.12,MAT,21.18,ckp_c,19959,fuel_base,3.00,fuel_lag,1.00,fuel,4.35,timing,21.77,duty0,NaN,dwell0,0.00,total_dwell0,0.00,period0,0.00,advance0,682.000,duty1,NaN,dwell1,0.00,total_dwell1,0.00,period1,0.00,advance1,682.000,analog_chart,0.00|0.00|1.73|3001.00|2.64|2002.00|12.04|3003.00|12.90|2004.00|21.13|3005.00|22.64|2006.00|31.93|3007.00|32.47|2008.00|39.94|3009.00|40.71|10.00|41.52|2011.00|68.23|3012.00|72.31|2013.00|74.18|1014.00|77.89|3015.00|82.22|2016.00|86.40|3017.00|92.15|2018.00|96.27|3019.00|102.01|2020.00|108.01|3021.00|111.92|2022.00|113.25|23.00|115.84|3024.00|121.81|2025.00|129.04|3026.00|131.68|2027.00|136.96|3028.00|141.52|2029.00|146.22|1030.00|146.71|3031.00|151.43|2032.00|157.06|3033.00|161.30|2034.00|165.92|3035.00|171.17|2036.00|180.50|3037.00|181.04|2038.00|183.25|39.00|190.38|3040.00|190.98|2041.00|194.88|3042.00|200.85|2043.00|210.16|3044.00|210.70|2045.00|215.02|3046.00|217.77|1047.00|240.51|2048.00|244.72|3049.00|250.34|2050.00|259.71|3051.00|260.42|2052.00|264.78|3053.00|270.16|2054.00|275.62|3055.00|280.09|2056.00|289.10|3057.00|289.99|2058.00|295.83|3059.00|299.94|2060.00|309.31|3061.00|309.85|2062.00|318.06|3063.00|319.77|2064.00|327.46|3065.00|329.75|2066.00|339.21|3067.00|339.70|2068.00|347.01|3069.00|349.52|2070.00|358.88|3071.00|359.39|2072.00|363.41|73.00|363.89|3074.00|369.32|2075.00|375.97|3076.00|379.27|2077.00|388.72|3078.00|389.21|2079.00|397.58|3080.00|398.12|2081.00|400.81|1082.00|426.54|3083.00|428.87|2084.00|433.89|3085.00|437.33|86.00|438.74|2087.00|445.21|3088.00|448.63|2089.00|455.49|3090.00|458.52|2091.00|462.84|3092.00|468.39|2093.00|471.31|1094.00|472.47|3095.00|478.27|2096.00|484.45|3097.00|488.15|2098.00|493.73|3099.00|498.05|2100.00|502.45|3101.00|506.76|102.00|507.89|2103.00|513.41|3104.00|517.78|2105.00|527.11|3106.00|527.84|2107.00|536.82|1108.00|537.33|3109.00|537.84|2110.00|542.38|3111.00|547.38|2112.00|556.71|3113.00|557.26|2114.00|562.47|3115.00|567.15|2116.00|571.13|117.00|571.64|3118.00|596.83|2119.00|606.16|3120.00|606.71|2121.00|614.19|3122.00|616.53|2123.00|624.27|3124.00|626.32|2125.00|635.58|3126.00|636.12|2127.00|640.03|3128.00|645.92|2129.00|655.15|3130.00|655.86|2131.00|664.95|3132.00|665.67|2133.00|669.57|3134.00|675.30|2135.00|683.04|3136.00|685.09|2137.00|691.90|3138.00|694.85|2139.00|702.94|3140.00|704.65|2141.00|,
Thu Jul 16 08:00:41 EDT 2015<EOT>: Analog chart from 0.0 to 704.65
Thu Jul 16 08:00:41 EDT 2015<EOT>: Sending [0, 1, 71, 58, -70, 59, -66]
Thu Jul 16 08:00:41 EDT 2015<EOT>: Waiting for 2 byte(s): text header
Thu Jul 16 08:00:41 EDT 2015<EOT>: Waiting for 5 byte(s): text body
Thu Jul 16 08:00:41 EDT 2015<EOT>: Sending [0, 1, 71, 58, -70, 59, -66]
Thu Jul 16 08:00:41 EDT 2015<EOT>: Waiting for 2 byte(s): text header
Thu Jul 16 08:00:41 EDT 2015<EOT>: Waiting for 334 byte(s): text body
Thu Jul 16 08:00:41 EDT 2015<EOT>: time,105.661,rpm,1461,ENGINE_LOAD,27.49,MAP,27.49,afr,10.01,vss,0.00,ks,0.00,kv,2.28,vbatt,12.89,TP,0.00,CLT,21.20,MAT,20.10,ckp_c,20310,fuel_base,2.97,fuel_lag,1.00,fuel,4.33,timing,21.75,duty0,NaN,dwell0,0.00,total_dwell0,0.00,period0,0.00,advance0,682.000,duty1,NaN,dwell1,0.00,total_dwell1,0.00,period1,0.00,advance1,682.000,
Thu Jul 16 08:00:41 EDT 2015<EOT>: Sending [0, 1, 71, 58, -70, 59, -66]
Thu Jul 16 08:00:41 EDT 2015<EOT>: Waiting for 2 byte(s): text header
Thu Jul 16 08:00:41 EDT 2015<EOT>: Waiting for 5 byte(s): text body
Thu Jul 16 08:00:42 EDT 2015<EOT>: Sending [0, 1, 71, 58, -70, 59, -66]
Thu Jul 16 08:00:42 EDT 2015<EOT>: Waiting for 2 byte(s): text header
Thu Jul 16 08:00:42 EDT 2015<EOT>: Waiting for 334 byte(s): text body
Thu Jul 16 08:00:42 EDT 2015<EOT>: time,105.861,rpm,1427,ENGINE_LOAD,28.46,MAP,28.46,afr,10.01,vss,0.00,ks,0.00,kv,2.42,vbatt,12.91,TP,0.00,CLT,21.15,MAT,19.55,ckp_c,20649,fuel_base,3.05,fuel_lag,1.00,fuel,4.41,timing,21.76,duty0,NaN,dwell0,0.00,total_dwell0,0.00,period0,0.00,advance0,682.000,duty1,NaN,dwell1,0.00,total_dwell1,0.00,period1,0.00,advance1,682.000,
Thu Jul 16 08:00:42 EDT 2015<EOT>: Sending [0, 1, 71, 58, -70, 59, -66]
Thu Jul 16 08:00:42 EDT 2015<EOT>: Waiting for 2 byte(s): text header
Thu Jul 16 08:00:42 EDT 2015<EOT>: Waiting for 5 byte(s): text body
Thu Jul 16 08:00:42 EDT 2015<EOT>: Sending [0, 1, 71, 58, -70, 59, -66]
Thu Jul 16 08:00:42 EDT 2015<EOT>: Waiting for 2 byte(s): text header
Thu Jul 16 08:00:42 EDT 2015<EOT>: Waiting for 334 byte(s): text body
Thu Jul 16 08:00:42 EDT 2015<EOT>: time,106.063,rpm,1458,ENGINE_LOAD,28.25,MAP,28.25,afr,10.01,vss,0.00,ks,0.00,kv,2.36,vbatt,12.66,TP,0.00,CLT,21.25,MAT,21.25,ckp_c,20993,fuel_base,3.03,fuel_lag,1.00,fuel,4.39,timing,21.74,duty0,NaN,dwell0,0.00,total_dwell0,0.00,period0,0.00,advance0,682.000,duty1,NaN,dwell1,0.00,total_dwell1,0.00,period1,0.00,advance1,682.000,
Thu Jul 16 08:00:42 EDT 2015<EOT>: Sending [0, 1, 71, 58, -70, 59, -66]
Thu Jul 16 08:00:42 EDT 2015<EOT>: Waiting for 2 byte(s): text header
Thu Jul 16 08:00:42 EDT 2015<EOT>: Waiting for 3949 byte(s): text body
Thu Jul 16 08:00:42 EDT 2015<EOT>: wave_chart,t2!u_98!0!t2!d_99!58!t1!d_100!156!t2!u_101!160!t2!d_102!172!t2!u_103!225!c3!u!284!t2!d_104!287!t2!u_105!333!t2!d_106!402!t1!u_107!503!t2!u_108!511!t2!d_109!516!i1!u!535!t2!u_110!625!t2!d_111!631!c3!d!651!t2!u_112!739!t2!d_113!746!t2!u_114!854!t2!d_115!861!t1!d_116!911!t2!u_117!915!i1!d!971!t2!d_118!1206!t2!u_119!1315!t2!d_120!1321!t2!u_121!1427!t2!d_122!1436!t2!u_123!1535!t2!d_124!1551!t2!u_125!1648!t2!d_126!1667!t2!u_127!1761!t2!d_128!1781!t2!u_129!1834!t2!d_130!1897!t2!u_131!1945!t2!d_132!2012!t2!u_133!2094!t2!d_134!2127!t2!u_135!2236!t2!d_136!2242!t2!u_137!2326!t2!d_138!2357!c1!u!2385!t2!u_139!2427!t2!d_140!2471!t1!u_0!2546!i3!u!2564!t2!u_1!2568!t2!d_2!2586!t2!u_3!2666!c1!d!2692!t2!d_4!2702!t2!u_5!2760!t2!d_6!2817!t2!u_7!2894!t2!d_8!2932!r!1450!2988!t2!u_9!2999!i3!d!3002!t1!d_10!3022!t2!d_11!3036!t2!u_12!3332!t2!d_13!3392!t1!u_14!3407!t2!u_15!3499!t2!d_16!3507!t2!u_17!3613!t2!d_18!3622!t2!u_19!3730!t2!d_20!3736!map!u!3740!t2!u_21!3845!t2!d_22!3851!t1!d_23!3864!t2!u_24!3907!t2!d_25!3966!t2!u_26!4074!t2!d_27!4080!t2!u_28!4173!t2!d_29!4194!t1!u_30!4243!t2!u_31!4247!t2!d_32!4309!map!d!4313!c3!u!4367!t2!u_33!4417!t2!d_34!4423!t2!u_35!4531!t2!d_36!4537!i4!u!4572!t2!u_37!4645!t2!d_38!4651!t1!d_39!4674!t2!u_40!4760!t2!d_41!4766!c3!d!4789!t2!u_42!4813!t2!d_43!4881!t2!u_44!4988!t2!d_45!4995!i4!d!5007!HIP!u!5022!t2!u_46!5070!t1!u_47!5074!t2!d_48!5339!t2!u_49!5427!t2!d_50!5454!t2!u_51!5563!t2!d_52!5569!t2!u_53!5667!t2!d_54!5684!t2!u_55!5762!t2!d_56!5800!t2!u_57!5893!t2!d_58!5915!t2!u_59!5977!t2!d_60!6031!t2!u_61!6093!t2!d_62!6147!HIP!d!6174!t2!u_63!6196!t2!d_64!6263!t2!u_65!6323!t2!d_66!6379!t2!u_67!6427!c1!u!6438!t2!d_68!6495!t2!u_69!6604!t2!d_70!6610!i2!u!6638!t2!u_71!6667!t2!d_72!6726!t1!d_73!6774!t2!u_74!6778!c1!d!6800!t2!d_75!6842!t2!u_76!6952!t2!d_77!6959!t2!u_78!7068!t2!d_79!7074!i2!d!7078!t2!u_80!7126!t2!d_81!7179!t1!u_82!7211!t2!u_83!7478!t2!d_84!7538!t1!d_85!7633!t2!u_86!7637!t2!d_87!7653!t2!u_88!7760!t2!d_89!7769!t2!u_90!7832!t2!d_91!7884!t2!u_92!7994!t2!d_93!8000!t1!u_94!8031!t2!u_95!8093!t2!d_96!8115!t2!u_97!8225!t2!d_98!8230!t2!u_99!8334!t2!d_100!8345!t2!u_101!8427!t1!d_102!8447!t2!d_103!8460!t2!u_104!8516!c3!u!8519!t2!d_105!8577!t2!u_106!8667!t2!d_107!8691!i1!u!8723!t2!u_108!8760!t1!u_109!8800!t2!d_110!8806!t2!u_111!8915!t2!d_112!8921!c3!d!8936!t2!u_113!9000!t2!d_114!9036!t2!u_115!9145!t2!d_116!9151!i1!d!9158!t1!d_117!9210!t2!u_118!9214!t2!d_119!9498!t2!u_120!9566!t2!d_121!9614!t2!u_122!9667!t2!d_123!9729!t2!u_124!9835!t2!d_125!9845!t2!u_126!9899!t2!d_127!9963!t2!u_128!10070!t2!d_129!10076!t2!u_130!10160!t2!d_131!10192!t2!u_132!10301!t2!d_133!10307!t2!u_134!10416!t2!d_135!10422!t2!u_136!10532!t2!d_137!10538!c1!u!10596!t2!u_138!10616!t2!d_139!10653!t2!u_140!10760!t2!d_141!10768!t1!u_0!10850!i3!u!10870!t2!u_1!10873!t2!d_2!10885!t2!u_3!10993!t2!d_4!10999!c1!d!11019!t2!u_5!11093!t2!d_6!11116!t2!u_7!11225!t2!d_8!11230!r!1444!11292!i3!d!11306!t1!d_9!11316!t2!u_10!11320!t2!d_11!11335!t2!u_12!11667!t2!d_13!11692!t1!u_14!11713!t2!u_15!11780!t2!d_16!11808!t2!u_17!11917!t2!d_18!11924!t2!u_19!12001!t2!d_20!12038!map!u!12046!t2!u_21!12093!t2!d_22!12154!t1!d_23!12168!t2!u_24!12239!t2!d_25!12269!t2!u_26!12333!t2!d_27!12385!t2!u_28!12490!t2!d_29!12500!t1!u_30!12551!t2!u_31!12554!t2!d_32!12615!map!d!12624!t2!u_33!12667!c3!u!12673!t2!d_34!12730!t2!u_35!12839!t2!d_36!12846!i4!u!12881!t2!u_37!12954!t2!d_38!12960!t1!d_39!12980!t2!u_40!13070!t2!d_41!13076!c3!d!13098!t2!u_42!13151!t2!d_43!13191!t2!u_44!13300!t2!d_45!13306!i4!d!13319!HIP!u!13325!t1!u_46!13382!t2!u_47!13386!t2!d_48!13654!t2!u_49!13759!t2!d_50!13769!t2!u_51!13859!t2!d_52!13884!t2!u_53!13995!t2!d_54!14000!t2!u_55!14093!t2!d_56!14115!t2!u_57!14225!t2!d_58!14230!t2!u_59!14333!t2!d_60!14345!t2!u_61!14426!t2!d_62!14460!HIP!d!14474!t2!u_63!14558!t2!d_64!14576!t2!u_65!14668!t2!d_66!14691!c1!u!14750!t2!u_67!14759!t2!d_68!14806!t2!u_69!14906!t2!d_70!14920!i2!u!14951!t2!u_71!15000!t2!d_72!15036!t1!d_73!15076!t2!u_74!15145!,
Thu Jul 16 08:00:42 EDT 2015<EOT>: : t2!u_98!0!t2!d_99!58!t1!d_100!156!t2!u_101!160!t2!d_102!172!t2!u_103!225!c3!u!284!t2!d_104!287!t2!u_105!333!t2!d_106!402!t1!u_107!503!t2!u_108!511!t2!d_109!516!i1!u!535!t2!u_110!625!t2!d_111!631!c3!d!651!t2!u_112!739!t2!d_113!746!t2!u_114!854!t2!d_115!861!t1!d_116!911!t2!u_117!915!i1!d!971!t2!d_118!1206!t2!u_119!1315!t2!d_120!1321!t2!u_121!1427!t2!d_122!1436!t2!u_123!1535!t2!d_124!1551!t2!u_125!1648!t2!d_126!1667!t2!u_127!1761!t2!d_128!1781!t2!u_129!1834!t2!d_130!1897!t2!u_131!1945!t2!d_132!2012!t2!u_133!2094!t2!d_134!2127!t2!u_135!2236!t2!d_136!2242!t2!u_137!2326!t2!d_138!2357!c1!u!2385!t2!u_139!2427!t2!d_140!2471!t1!u_0!2546!i3!u!2564!t2!u_1!2568!t2!d_2!2586!t2!u_3!2666!c1!d!2692!t2!d_4!2702!t2!u_5!2760!t2!d_6!2817!t2!u_7!2894!t2!d_8!2932!r!1450!2988!t2!u_9!2999!i3!d!3002!t1!d_10!3022!t2!d_11!3036!t2!u_12!3332!t2!d_13!3392!t1!u_14!3407!t2!u_15!3499!t2!d_16!3507!t2!u_17!3613!t2!d_18!3622!t2!u_19!3730!t2!d_20!3736!map!u!3740!t2!u_21!3845!t2!d_22!3851!t1!d_23!3864!t2!u_24!3907!t2!d_25!3966!t2!u_26!4074!t2!d_27!4080!t2!u_28!4173!t2!d_29!4194!t1!u_30!4243!t2!u_31!4247!t2!d_32!4309!map!d!4313!c3!u!4367!t2!u_33!4417!t2!d_34!4423!t2!u_35!4531!t2!d_36!4537!i4!u!4572!t2!u_37!4645!t2!d_38!4651!t1!d_39!4674!t2!u_40!4760!t2!d_41!4766!c3!d!4789!t2!u_42!4813!t2!d_43!4881!t2!u_44!4988!t2!d_45!4995!i4!d!5007!HIP!u!5022!t2!u_46!5070!t1!u_47!5074!t2!d_48!5339!t2!u_49!5427!t2!d_50!5454!t2!u_51!5563!t2!d_52!5569!t2!u_53!5667!t2!d_54!5684!t2!u_55!5762!t2!d_56!5800!t2!u_57!5893!t2!d_58!5915!t2!u_59!5977!t2!d_60!6031!t2!u_61!6093!t2!d_62!6147!HIP!d!6174!t2!u_63!6196!t2!d_64!6263!t2!u_65!6323!t2!d_66!6379!t2!u_67!6427!c1!u!6438!t2!d_68!6495!t2!u_69!6604!t2!d_70!6610!i2!u!6638!t2!u_71!6667!t2!d_72!6726!t1!d_73!6774!t2!u_74!6778!c1!d!6800!t2!d_75!6842!t2!u_76!6952!t2!d_77!6959!t2!u_78!7068!t2!d_79!7074!i2!d!7078!t2!u_80!7126!t2!d_81!7179!t1!u_82!7211!t2!u_83!7478!t2!d_84!7538!t1!d_85!7633!t2!u_86!7637!t2!d_87!7653!t2!u_88!7760!t2!d_89!7769!t2!u_90!7832!t2!d_91!7884!t2!u_92!7994!t2!d_93!8000!t1!u_94!8031!t2!u_95!8093!t2!d_96!8115!t2!u_97!8225!t2!d_98!8230!t2!u_99!8334!t2!d_100!8345!t2!u_101!8427!t1!d_102!8447!t2!d_103!8460!t2!u_104!8516!c3!u!8519!t2!d_105!8577!t2!u_106!8667!t2!d_107!8691!i1!u!8723!t2!u_108!8760!t1!u_109!8800!t2!d_110!8806!t2!u_111!8915!t2!d_112!8921!c3!d!8936!t2!u_113!9000!t2!d_114!9036!t2!u_115!9145!t2!d_116!9151!i1!d!9158!t1!d_117!9210!t2!u_118!9214!t2!d_119!9498!t2!u_120!9566!t2!d_121!9614!t2!u_122!9667!t2!d_123!9729!t2!u_124!9835!t2!d_125!9845!t2!u_126!9899!t2!d_127!9963!t2!u_128!10070!t2!d_129!10076!t2!u_130!10160!t2!d_131!10192!t2!u_132!10301!t2!d_133!10307!t2!u_134!10416!t2!d_135!10422!t2!u_136!10532!t2!d_137!10538!c1!u!10596!t2!u_138!10616!t2!d_139!10653!t2!u_140!10760!t2!d_141!10768!t1!u_0!10850!i3!u!10870!t2!u_1!10873!t2!d_2!10885!t2!u_3!10993!t2!d_4!10999!c1!d!11019!t2!u_5!11093!t2!d_6!11116!t2!u_7!11225!t2!d_8!11230!r!1444!11292!i3!d!11306!t1!d_9!11316!t2!u_10!11320!t2!d_11!11335!t2!u_12!11667!t2!d_13!11692!t1!u_14!11713!t2!u_15!11780!t2!d_16!11808!t2!u_17!11917!t2!d_18!11924!t2!u_19!12001!t2!d_20!12038!map!u!12046!t2!u_21!12093!t2!d_22!12154!t1!d_23!12168!t2!u_24!12239!t2!d_25!12269!t2!u_26!12333!t2!d_27!12385!t2!u_28!12490!t2!d_29!12500!t1!u_30!12551!t2!u_31!12554!t2!d_32!12615!map!d!12624!t2!u_33!12667!c3!u!12673!t2!d_34!12730!t2!u_35!12839!t2!d_36!12846!i4!u!12881!t2!u_37!12954!t2!d_38!12960!t1!d_39!12980!t2!u_40!13070!t2!d_41!13076!c3!d!13098!t2!u_42!13151!t2!d_43!13191!t2!u_44!13300!t2!d_45!13306!i4!d!13319!HIP!u!13325!t1!u_46!13382!t2!u_47!13386!t2!d_48!13654!t2!u_49!13759!t2!d_50!13769!t2!u_51!13859!t2!d_52!13884!t2!u_53!13995!t2!d_54!14000!t2!u_55!14093!t2!d_56!14115!t2!u_57!14225!t2!d_58!14230!t2!u_59!14333!t2!d_60!14345!t2!u_61!14426!t2!d_62!14460!HIP!d!14474!t2!u_63!14558!t2!d_64!14576!t2!u_65!14668!t2!d_66!14691!c1!u!14750!t2!u_67!14759!t2!d_68!14806!t2!u_69!14906!t2!d_70!14920!i2!u!14951!t2!u_71!15000!t2!d_72!15036!t1!d_73!15076!t2!u_74!15145!
Thu Jul 16 08:00:42 EDT 2015<EOT>: Sending [0, 1, 71, 58, -70, 59, -66]
Thu Jul 16 08:00:42 EDT 2015<EOT>: Waiting for 2 byte(s): text header
Thu Jul 16 08:00:42 EDT 2015<EOT>: Waiting for 334 byte(s): text body
Thu Jul 16 08:00:42 EDT 2015<EOT>: time,106.263,rpm,1429,ENGINE_LOAD,28.49,MAP,28.49,afr,10.03,vss,0.00,ks,0.00,kv,2.32,vbatt,13.01,TP,0.00,CLT,21.28,MAT,19.76,ckp_c,21339,fuel_base,3.06,fuel_lag,1.00,fuel,4.42,timing,21.74,duty0,NaN,dwell0,0.00,total_dwell0,0.00,period0,0.00,advance0,682.000,duty1,NaN,dwell1,0.00,total_dwell1,0.00,period1,0.00,advance1,682.000,
Thu Jul 16 08:00:42 EDT 2015<EOT>: Sending [0, 1, 71, 58, -70, 59, -66]
Thu Jul 16 08:00:42 EDT 2015<EOT>: Waiting for 2 byte(s): text header
Thu Jul 16 08:00:42 EDT 2015<EOT>: Waiting for 5 byte(s): text body
Thu Jul 16 08:00:42 EDT 2015<EOT>: Sending [0, 1, 71, 58, -70, 59, -66]
Thu Jul 16 08:00:42 EDT 2015<EOT>: Waiting for 2 byte(s): text header
Thu Jul 16 08:00:42 EDT 2015<EOT>: Waiting for 334 byte(s): text body
Thu Jul 16 08:00:42 EDT 2015<EOT>: time,106.464,rpm,1466,ENGINE_LOAD,27.91,MAP,27.91,afr,10.01,vss,0.00,ks,0.00,kv,2.28,vbatt,12.85,TP,0.00,CLT,21.15,MAT,19.50,ckp_c,21684,fuel_base,3.01,fuel_lag,1.00,fuel,4.36,timing,21.76,duty0,NaN,dwell0,0.00,total_dwell0,0.00,period0,0.00,advance0,682.000,duty1,NaN,dwell1,0.00,total_dwell1,0.00,period1,0.00,advance1,682.000,
Thu Jul 16 08:00:42 EDT 2015<EOT>: Sending [0, 1, 71, 58, -70, 59, -66]
Thu Jul 16 08:00:42 EDT 2015<EOT>: Waiting for 2 byte(s): text header
Thu Jul 16 08:00:42 EDT 2015<EOT>: Waiting for 334 byte(s): text body
Thu Jul 16 08:00:42 EDT 2015<EOT>: time,106.666,rpm,1453,ENGINE_LOAD,28.39,MAP,28.39,afr,10.00,vss,0.00,ks,0.00,kv,2.36,vbatt,12.50,TP,0.00,CLT,21.25,MAT,21.54,ckp_c,22028,fuel_base,3.04,fuel_lag,1.00,fuel,4.40,timing,21.74,duty0,NaN,dwell0,0.00,total_dwell0,0.00,period0,0.00,advance0,682.000,duty1,NaN,dwell1,0.00,total_dwell1,0.00,period1,0.00,advance1,682.000,
Thu Jul 16 08:00:42 EDT 2015<EOT>: Sending [0, 1, 71, 58, -70, 59, -66]
Thu Jul 16 08:00:42 EDT 2015<EOT>: Waiting for 2 byte(s): text header
Thu Jul 16 08:00:42 EDT 2015<EOT>: Waiting for 5 byte(s): text body
Thu Jul 16 08:00:43 EDT 2015<EOT>: Sending [0, 1, 71, 58, -70, 59, -66]
Thu Jul 16 08:00:43 EDT 2015<EOT>: Waiting for 2 byte(s): text header
Thu Jul 16 08:00:43 EDT 2015<EOT>: Waiting for 334 byte(s): text body
Thu Jul 16 08:00:43 EDT 2015<EOT>: time,106.866,rpm,1480,ENGINE_LOAD,27.68,MAP,27.68,afr,10.01,vss,0.00,ks,0.00,kv,2.39,vbatt,13.11,TP,0.00,CLT,21.28,MAT,19.55,ckp_c,22379,fuel_base,2.99,fuel_lag,1.00,fuel,4.34,timing,21.74,duty0,NaN,dwell0,0.00,total_dwell0,0.00,period0,0.00,advance0,682.000,duty1,NaN,dwell1,0.00,total_dwell1,0.00,period1,0.00,advance1,682.000,
Thu Jul 16 08:00:43 EDT 2015<EOT>: Sending [0, 1, 71, 58, -70, 59, -66]
Thu Jul 16 08:00:43 EDT 2015<EOT>: Waiting for 2 byte(s): text header
Thu Jul 16 08:00:43 EDT 2015<EOT>: Waiting for 5 byte(s): text body
Thu Jul 16 08:00:43 EDT 2015<EOT>: Sending [0, 1, 71, 58, -70, 59, -66]
Thu Jul 16 08:00:43 EDT 2015<EOT>: Waiting for 2 byte(s): text header
Thu Jul 16 08:00:43 EDT 2015<EOT>: Waiting for 549 byte(s): text body
Thu Jul 16 08:00:43 EDT 2015<EOT>: time,107.068,rpm,1511,ENGINE_LOAD,27.06,MAP,27.06,afr,10.00,vss,0.00,ks,0.00,kv,2.35,vbatt,12.94,TP,0.00,CLT,21.25,MAT,19.45,rusEfiVersion,20150713@8529 Neon03,outpin,t1@PA5,outpin,t2@PC6,outpin,input1@NONE,outpin,input2@NONE,outpin,c1@PC9,outpin,i1@PB8,outpin,c2@NONE,outpin,i2@PB9,outpin,c3@PE8,outpin,i3@PE2,outpin,c4@NONE,outpin,i4@PB7,ckp_c,22738,fuel_base,2.94,fuel_lag,1.00,fuel,4.29,timing,21.74,duty0,NaN,dwell0,0.00,total_dwell0,0.00,period0,0.00,advance0,682.000,duty1,NaN,dwell1,0.00,total_dwell1,0.00,period1,0.00,advance1,682.000,
Thu Jul 16 08:00:43 EDT 2015<EOT>: Sending [0, 1, 71, 58, -70, 59, -66]
Thu Jul 16 08:00:43 EDT 2015<EOT>: Waiting for 2 byte(s): text header
Thu Jul 16 08:00:43 EDT 2015<EOT>: Waiting for 6037 byte(s): text body
Thu Jul 16 08:00:43 EDT 2015<EOT>: analog_chart,0.00|0.00|2.63|2001.00|11.97|3002.00|12.70|2003.00|19.71|3004.00|22.54|2005.00|28.66|3006.00|32.31|2007.00|39.23|8.00|39.73|3009.00|41.27|2010.00|66.57|3011.00|72.18|2012.00|73.06|1013.00|76.91|3014.00|81.89|2015.00|89.09|3016.00|91.81|2017.00|97.74|3018.00|101.73|2019.00|110.38|3020.00|111.67|2021.00|112.23|22.00|119.31|3023.00|121.59|2024.00|130.95|3025.00|131.51|2026.00|135.53|3027.00|141.39|2028.00|145.21|1029.00|149.53|3030.00|151.32|2031.00|155.81|3032.00|161.24|2033.00|170.56|3034.00|171.12|2035.00|179.74|3036.00|180.99|2037.00|182.26|38.00|190.35|3039.00|191.10|2040.00|200.26|3041.00|201.04|2042.00|210.19|3043.00|210.81|2044.00|216.68|1045.00|217.20|3046.00|240.50|2047.00|245.39|3048.00|250.46|2049.00|259.84|3050.00|260.40|2051.00|269.79|3052.00|270.33|2053.00|275.58|3054.00|280.29|2055.00|289.66|3056.00|290.21|2057.00|299.60|3058.00|300.13|2059.00|304.96|3060.00|310.08|2061.00|318.59|3062.00|320.01|2063.00|329.38|3064.00|329.93|2065.00|338.34|3066.00|339.86|2067.00|349.22|3068.00|350.09|2069.00|359.13|3070.00|360.19|2071.00|362.96|72.00|369.06|3073.00|369.59|2074.00|377.29|3075.00|379.62|2076.00|388.88|3077.00|389.44|2078.00|395.05|3079.00|398.42|2080.00|400.52|1081.00|422.53|3082.00|429.22|2083.00|436.88|3084.00|437.41|85.00|439.05|2086.00|443.08|3087.00|448.96|2088.00|458.33|3089.00|458.89|2090.00|465.00|3091.00|468.77|2092.00|471.06|1093.00|473.30|3094.00|478.68|2095.00|488.02|3096.00|488.59|2097.00|494.21|3098.00|498.47|2099.00|503.59|3100.00|506.85|101.00|508.33|2102.00|517.72|3103.00|518.51|2104.00|522.64|3105.00|528.09|2106.00|533.74|3107.00|536.85|1108.00|537.97|2109.00|547.30|3110.00|547.84|2111.00|555.65|3112.00|557.77|2113.00|563.34|3114.00|567.64|2115.00|572.03|116.00|572.56|3117.00|597.32|2118.00|602.01|3119.00|607.24|2120.00|613.34|3121.00|617.13|2122.00|624.38|3123.00|627.03|2124.00|632.99|3125.00|636.89|2126.00|644.33|3127.00|646.75|2128.00|654.07|3129.00|656.62|2130.00|665.90|3131.00|666.47|2132.00|675.33|3133.00|676.52|2134.00|684.82|3135.00|686.19|2136.00|695.47|3137.00|696.12|2138.00|703.40|3139.00|705.87|2140.00|,wave_chart,t2!u_113!0!t2!d_114!6!t2!u_115!83!i1!d!119!t2!d_116!121!t1!d_117!167!t2!u_118!171!t2!d_119!468!t2!u_120!557!t2!d_121!584!t2!u_122!676!t2!d_123!700!t2!u_124!786!t2!d_125!816!t2!u_126!897!t2!d_127!931!t2!u_128!1009!t2!d_129!1047!t2!u_130!1151!t2!d_131!1163!t2!u_132!1226!t2!d_133!1278!t2!u_134!1352!t2!d_135!1393!t2!u_136!1473!t2!d_137!1509!c1!u!1564!t2!u_138!1618!t2!d_139!1624!t2!u_140!1675!t2!d_141!1740!i3!u!1757!t1!u_0!1818!t2!u_1!1833!t2!d_2!1855!t2!u_3!1964!t2!d_4!1970!c1!d!1990!t2!u_5!2080!t2!d_6!2087!i3!d!2193!t2!u_7!2196!t2!d_8!2202!r!1454!2256!t1!d_9!2291!t2!u_10!2295!t2!d_11!2306!t2!u_12!2639!t2!d_13!2665!t1!u_14!2684!t2!u_15!2750!t2!d_16!2780!t2!u_17!2890!t2!d_18!2896!t2!u_19!2983!map!u!3006!t2!d_20!3012!t2!u_21!3083!t2!d_22!3127!t1!d_23!3139!t2!u_24!3200!t2!d_25!3243!t2!u_26!3319!t2!d_27!3359!t2!u_28!3451!t2!d_29!3475!t1!u_30!3526!t2!u_31!3530!map!d!3580!t2!d_32!3589!t2!u_33!3640!c3!u!3643!t2!d_34!3704!t2!u_35!3814!t2!d_36!3820!i4!u!3851!t2!u_37!3929!t2!d_38!3935!t1!d_39!3953!t2!u_40!4009!c3!d!4037!t2!d_41!4050!t2!u_42!4135!t2!d_43!4166!t2!u_44!4239!HIP!u!4268!t2!d_45!4282!i4!d!4292!t2!u_46!4342!t1!u_47!4358!t2!d_48!4630!t2!u_49!4675!t2!d_50!4745!t2!u_51!4806!t2!d_52!4863!t2!u_53!4972!t2!d_54!4978!t2!u_55!5083!t2!d_56!5094!t2!u_57!5181!t2!d_58!5211!t2!u_59!5297!t2!d_60!5328!HIP!d!5407!t2!u_61!5424!t2!d_62!5445!t2!u_63!5556!t2!d_64!5563!t2!u_65!5664!t2!d_66!5680!c1!u!5735!t2!u_67!5738!t2!d_68!5797!t2!u_69!5908!t2!d_70!5914!i2!u!5941!t2!u_71!5997!t2!d_72!6032!t1!d_73!6061!t2!u_74!6083!c1!d!6104!t2!d_75!6149!t2!u_76!6220!t2!d_77!6267!t2!u_78!6330!i2!d!6381!t2!d_79!6384!t2!u_80!6451!t2!d_81!6492!t1!u_82!6513!t2!u_83!6849!t2!d_84!6855!t2!u_85!6939!t1!d_86!6944!t2!d_87!6972!t2!u_88!7071!t2!d_89!7089!t2!u_90!7152!t2!d_91!7206!t2!u_92!7317!t2!d_93!7323!t1!u_94!7344!t2!u_95!7416!t2!d_96!7440!t2!u_97!7531!t2!d_98!7557!t2!u_99!7663!t2!d_100!7674!t2!u_101!7749!t1!d_102!7767!t2!d_103!7791!t2!u_104!7839!c3!u!7843!t2!d_105!7908!t2!u_106!7997!t2!d_107!8024!i1!u!8054!t2!u_108!8082!t1!u_109!8126!t2!d_110!8141!t2!u_111!8252!t2!d_112!8258!c3!d!8273!t2!u_113!8331!t2!d_114!8375!t2!u_115!8486!t2!d_116!8492!i1!d!8495!t1!d_117!8541!t2!u_118!8545!t2!d_119!8844!t2!u_120!8908!t2!d_121!8961!t2!u_122!9064!t2!d_123!9079!t2!u_124!9154!t2!d_125!9196!t2!u_126!9307!t2!d_127!9313!t2!u_128!9394!t2!d_129!9430!t2!u_130!9522!t2!d_131!9547!t2!u_132!9643!t2!d_133!9665!t2!u_134!9749!t2!d_135!9782!t2!u_136!9888!t2!d_137!9899!c1!u!9952!t2!u_138!9973!t2!d_139!10016!t2!u_140!10126!t2!d_141!10135!t1!u_0!10209!i3!u!10214!i3!u!10231!t2!u_1!10236!t2!d_2!10250!t2!u_3!10330!c1!d!10356!t2!d_4!10366!t2!u_5!10420!t2!d_6!10484!t2!u_7!10594!t2!d_8!10601!r!1429!10650!i3!d!10655!t2!u_9!10663!i3!d!10671!t1!d_10!10691!t2!d_11!10707!t2!u_12!10996!t2!d_13!11069!t1!u_14!11088!t2!u_15!11153!t2!d_16!11186!t2!u_17!11296!t2!d_18!11302!t2!u_19!11412!t2!d_20!11419!map!u!11429!t2!u_21!11482!t2!d_22!11534!t1!d_23!11544!t2!u_24!11607!t2!d_25!11650!t2!u_26!11749!t2!d_27!11766!t2!u_28!11828!t2!d_29!11882!t1!u_30!11930!t2!u_31!11934!t2!d_32!11998!map!d!12003!c3!u!12055!t2!u_33!12107!t2!d_34!12113!t2!u_35!12223!t2!d_36!12230!i4!u!12267!t2!u_37!12330!t2!d_38!12344!t1!d_39!12360!t2!u_40!12454!t2!d_41!12461!c3!d!12485!t2!u_42!12520!t2!d_43!12577!t2!u_44!12663!HIP!u!12676!t2!d_45!12693!i4!d!12709!t2!u_46!12749!t1!u_47!12768!t2!d_48!13042!t2!u_49!13101!t2!d_50!13157!t2!u_51!13249!t2!d_52!13273!t2!u_53!13330!t2!d_54!13389!t2!u_55!13445!t2!d_56!13505!t2!u_57!13573!t2!d_58!13621!t2!u_59!13730!t2!d_60!13736!HIP!d!13823!t2!u_61!13846!t2!d_62!13854!t2!u_63!13943!t2!d_64!13968!t2!u_65!14078!t2!d_66!14084!c1!u!14142!t2!u_67!14152!t2!d_68!14199!t2!u_69!14309!t2!d_70!14315!i2!u!14346!t2!u_71!14424!t2!d_72!14431!t1!d_73!14475!t2!u_74!14540!t2!d_75!14546!c1!d!14562!t2!u_76!14656!t2!d_77!14663!t2!u_78!14748!t2!d_79!14778!i2!d!14788!t2!u_80!14877!t2!d_81!14883!t1!u_82!14913!t2!u_83!15225!t2!d_84!15241!t2!u_85!15315!t1!d_86!15334!t2!d_87!15357!,
Thu Jul 16 08:00:43 EDT 2015<EOT>: : t2!u_113!0!t2!d_114!6!t2!u_115!83!i1!d!119!t2!d_116!121!t1!d_117!167!t2!u_118!171!t2!d_119!468!t2!u_120!557!t2!d_121!584!t2!u_122!676!t2!d_123!700!t2!u_124!786!t2!d_125!816!t2!u_126!897!t2!d_127!931!t2!u_128!1009!t2!d_129!1047!t2!u_130!1151!t2!d_131!1163!t2!u_132!1226!t2!d_133!1278!t2!u_134!1352!t2!d_135!1393!t2!u_136!1473!t2!d_137!1509!c1!u!1564!t2!u_138!1618!t2!d_139!1624!t2!u_140!1675!t2!d_141!1740!i3!u!1757!t1!u_0!1818!t2!u_1!1833!t2!d_2!1855!t2!u_3!1964!t2!d_4!1970!c1!d!1990!t2!u_5!2080!t2!d_6!2087!i3!d!2193!t2!u_7!2196!t2!d_8!2202!r!1454!2256!t1!d_9!2291!t2!u_10!2295!t2!d_11!2306!t2!u_12!2639!t2!d_13!2665!t1!u_14!2684!t2!u_15!2750!t2!d_16!2780!t2!u_17!2890!t2!d_18!2896!t2!u_19!2983!map!u!3006!t2!d_20!3012!t2!u_21!3083!t2!d_22!3127!t1!d_23!3139!t2!u_24!3200!t2!d_25!3243!t2!u_26!3319!t2!d_27!3359!t2!u_28!3451!t2!d_29!3475!t1!u_30!3526!t2!u_31!3530!map!d!3580!t2!d_32!3589!t2!u_33!3640!c3!u!3643!t2!d_34!3704!t2!u_35!3814!t2!d_36!3820!i4!u!3851!t2!u_37!3929!t2!d_38!3935!t1!d_39!3953!t2!u_40!4009!c3!d!4037!t2!d_41!4050!t2!u_42!4135!t2!d_43!4166!t2!u_44!4239!HIP!u!4268!t2!d_45!4282!i4!d!4292!t2!u_46!4342!t1!u_47!4358!t2!d_48!4630!t2!u_49!4675!t2!d_50!4745!t2!u_51!4806!t2!d_52!4863!t2!u_53!4972!t2!d_54!4978!t2!u_55!5083!t2!d_56!5094!t2!u_57!5181!t2!d_58!5211!t2!u_59!5297!t2!d_60!5328!HIP!d!5407!t2!u_61!5424!t2!d_62!5445!t2!u_63!5556!t2!d_64!5563!t2!u_65!5664!t2!d_66!5680!c1!u!5735!t2!u_67!5738!t2!d_68!5797!t2!u_69!5908!t2!d_70!5914!i2!u!5941!t2!u_71!5997!t2!d_72!6032!t1!d_73!6061!t2!u_74!6083!c1!d!6104!t2!d_75!6149!t2!u_76!6220!t2!d_77!6267!t2!u_78!6330!i2!d!6381!t2!d_79!6384!t2!u_80!6451!t2!d_81!6492!t1!u_82!6513!t2!u_83!6849!t2!d_84!6855!t2!u_85!6939!t1!d_86!6944!t2!d_87!6972!t2!u_88!7071!t2!d_89!7089!t2!u_90!7152!t2!d_91!7206!t2!u_92!7317!t2!d_93!7323!t1!u_94!7344!t2!u_95!7416!t2!d_96!7440!t2!u_97!7531!t2!d_98!7557!t2!u_99!7663!t2!d_100!7674!t2!u_101!7749!t1!d_102!7767!t2!d_103!7791!t2!u_104!7839!c3!u!7843!t2!d_105!7908!t2!u_106!7997!t2!d_107!8024!i1!u!8054!t2!u_108!8082!t1!u_109!8126!t2!d_110!8141!t2!u_111!8252!t2!d_112!8258!c3!d!8273!t2!u_113!8331!t2!d_114!8375!t2!u_115!8486!t2!d_116!8492!i1!d!8495!t1!d_117!8541!t2!u_118!8545!t2!d_119!8844!t2!u_120!8908!t2!d_121!8961!t2!u_122!9064!t2!d_123!9079!t2!u_124!9154!t2!d_125!9196!t2!u_126!9307!t2!d_127!9313!t2!u_128!9394!t2!d_129!9430!t2!u_130!9522!t2!d_131!9547!t2!u_132!9643!t2!d_133!9665!t2!u_134!9749!t2!d_135!9782!t2!u_136!9888!t2!d_137!9899!c1!u!9952!t2!u_138!9973!t2!d_139!10016!t2!u_140!10126!t2!d_141!10135!t1!u_0!10209!i3!u!10214!i3!u!10231!t2!u_1!10236!t2!d_2!10250!t2!u_3!10330!c1!d!10356!t2!d_4!10366!t2!u_5!10420!t2!d_6!10484!t2!u_7!10594!t2!d_8!10601!r!1429!10650!i3!d!10655!t2!u_9!10663!i3!d!10671!t1!d_10!10691!t2!d_11!10707!t2!u_12!10996!t2!d_13!11069!t1!u_14!11088!t2!u_15!11153!t2!d_16!11186!t2!u_17!11296!t2!d_18!11302!t2!u_19!11412!t2!d_20!11419!map!u!11429!t2!u_21!11482!t2!d_22!11534!t1!d_23!11544!t2!u_24!11607!t2!d_25!11650!t2!u_26!11749!t2!d_27!11766!t2!u_28!11828!t2!d_29!11882!t1!u_30!11930!t2!u_31!11934!t2!d_32!11998!map!d!12003!c3!u!12055!t2!u_33!12107!t2!d_34!12113!t2!u_35!12223!t2!d_36!12230!i4!u!12267!t2!u_37!12330!t2!d_38!12344!t1!d_39!12360!t2!u_40!12454!t2!d_41!12461!c3!d!12485!t2!u_42!12520!t2!d_43!12577!t2!u_44!12663!HIP!u!12676!t2!d_45!12693!i4!d!12709!t2!u_46!12749!t1!u_47!12768!t2!d_48!13042!t2!u_49!13101!t2!d_50!13157!t2!u_51!13249!t2!d_52!13273!t2!u_53!13330!t2!d_54!13389!t2!u_55!13445!t2!d_56!13505!t2!u_57!13573!t2!d_58!13621!t2!u_59!13730!t2!d_60!13736!HIP!d!13823!t2!u_61!13846!t2!d_62!13854!t2!u_63!13943!t2!d_64!13968!t2!u_65!14078!t2!d_66!14084!c1!u!14142!t2!u_67!14152!t2!d_68!14199!t2!u_69!14309!t2!d_70!14315!i2!u!14346!t2!u_71!14424!t2!d_72!14431!t1!d_73!14475!t2!u_74!14540!t2!d_75!14546!c1!d!14562!t2!u_76!14656!t2!d_77!14663!t2!u_78!14748!t2!d_79!14778!i2!d!14788!t2!u_80!14877!t2!d_81!14883!t1!u_82!14913!t2!u_83!15225!t2!d_84!15241!t2!u_85!15315!t1!d_86!15334!t2!d_87!15357!
Thu Jul 16 08:00:43 EDT 2015<EOT>: Analog chart from 0.0 to 705.87
Thu Jul 16 08:00:43 EDT 2015<EOT>: Sending [0, 1, 71, 58, -70, 59, -66]
Thu Jul 16 08:00:43 EDT 2015<EOT>: Waiting for 2 byte(s): text header
Thu Jul 16 08:00:43 EDT 2015<EOT>: Waiting for 334 byte(s): text body
Thu Jul 16 08:00:43 EDT 2015<EOT>: time,107.268,rpm,1537,ENGINE_LOAD,25.97,MAP,25.97,afr,10.00,vss,0.00,ks,0.00,kv,2.39,vbatt,12.46,TP,0.00,CLT,21.04,MAT,20.99,ckp_c,23103,fuel_base,2.86,fuel_lag,1.00,fuel,4.19,timing,21.79,duty0,NaN,dwell0,0.00,total_dwell0,0.00,period0,0.00,advance0,682.000,duty1,NaN,dwell1,0.00,total_dwell1,0.00,period1,0.00,advance1,682.000,
Thu Jul 16 08:00:43 EDT 2015<EOT>: Sending [0, 1, 71, 58, -70, 59, -66]
Thu Jul 16 08:00:43 EDT 2015<EOT>: Waiting for 2 byte(s): text header
Thu Jul 16 08:00:43 EDT 2015<EOT>: Waiting for 5 byte(s): text body
Thu Jul 16 08:00:43 EDT 2015<EOT>: Sending [0, 1, 71, 58, -70, 59, -66]
Thu Jul 16 08:00:43 EDT 2015<EOT>: Waiting for 2 byte(s): text header
Thu Jul 16 08:00:43 EDT 2015<EOT>: Waiting for 334 byte(s): text body
Thu Jul 16 08:00:43 EDT 2015<EOT>: time,107.470,rpm,1569,ENGINE_LOAD,25.67,MAP,25.67,afr,10.00,vss,0.00,ks,0.00,kv,2.32,vbatt,13.16,TP,0.00,CLT,21.33,MAT,19.55,ckp_c,23477,fuel_base,2.84,fuel_lag,1.00,fuel,4.17,timing,21.73,duty0,NaN,dwell0,0.00,total_dwell0,0.00,period0,0.00,advance0,682.000,duty1,NaN,dwell1,0.00,total_dwell1,0.00,period1,0.00,advance1,682.000,
Thu Jul 16 08:00:43 EDT 2015<EOT>: Sending [0, 1, 71, 58, -70, 59, -66]
Thu Jul 16 08:00:43 EDT 2015<EOT>: Waiting for 2 byte(s): text header
Thu Jul 16 08:00:43 EDT 2015<EOT>: Waiting for 5 byte(s): text body
Thu Jul 16 08:00:43 EDT 2015<EOT>: Sending [0, 1, 71, 58, -70, 59, -66]
Thu Jul 16 08:00:43 EDT 2015<EOT>: Waiting for 2 byte(s): text header
Thu Jul 16 08:00:43 EDT 2015<EOT>: Waiting for 334 byte(s): text body
Thu Jul 16 08:00:43 EDT 2015<EOT>: time,107.670,rpm,1575,ENGINE_LOAD,25.38,MAP,25.38,afr,10.00,vss,0.00,ks,0.00,kv,2.36,vbatt,12.87,TP,0.00,CLT,21.25,MAT,20.00,ckp_c,23851,fuel_base,2.81,fuel_lag,1.00,fuel,4.14,timing,21.74,duty0,NaN,dwell0,0.00,total_dwell0,0.00,period0,0.00,advance0,682.000,duty1,NaN,dwell1,0.00,total_dwell1,0.00,period1,0.00,advance1,682.000,
Thu Jul 16 08:00:43 EDT 2015<EOT>: Sending [0, 1, 71, 58, -70, 59, -66]
Thu Jul 16 08:00:43 EDT 2015<EOT>: Waiting for 2 byte(s): text header
Thu Jul 16 08:00:43 EDT 2015<EOT>: Waiting for 5 byte(s): text body
Thu Jul 16 08:00:44 EDT 2015<EOT>: Sending [0, 1, 71, 58, -70, 59, -66]
Thu Jul 16 08:00:44 EDT 2015<EOT>: Waiting for 2 byte(s): text header
Thu Jul 16 08:00:44 EDT 2015<EOT>: Waiting for 334 byte(s): text body
Thu Jul 16 08:00:44 EDT 2015<EOT>: time,107.872,rpm,1606,ENGINE_LOAD,25.02,MAP,25.02,afr,10.00,vss,0.00,ks,0.00,kv,2.39,vbatt,13.03,TP,0.00,CLT,21.31,MAT,19.53,ckp_c,24234,fuel_base,2.79,fuel_lag,1.00,fuel,4.11,timing,21.73,duty0,NaN,dwell0,0.00,total_dwell0,0.00,period0,0.00,advance0,682.000,duty1,NaN,dwell1,0.00,total_dwell1,0.00,period1,0.00,advance1,682.000,
Thu Jul 16 08:00:44 EDT 2015<EOT>: Sending [0, 1, 71, 58, -70, 59, -66]
Thu Jul 16 08:00:44 EDT 2015<EOT>: Waiting for 2 byte(s): text header
Thu Jul 16 08:00:44 EDT 2015<EOT>: Waiting for 5 byte(s): text body
Thu Jul 16 08:00:44 EDT 2015<EOT>: Sending [0, 1, 71, 58, -70, 59, -66]
Thu Jul 16 08:00:44 EDT 2015<EOT>: Waiting for 2 byte(s): text header
Thu Jul 16 08:00:44 EDT 2015<EOT>: Waiting for 334 byte(s): text body
Thu Jul 16 08:00:44 EDT 2015<EOT>: time,108.072,rpm,1629,ENGINE_LOAD,24.74,MAP,24.74,afr,10.00,vss,0.00,ks,0.00,kv,2.35,vbatt,13.03,TP,0.00,CLT,21.20,MAT,19.63,ckp_c,24620,fuel_base,2.76,fuel_lag,1.00,fuel,4.09,timing,21.75,duty0,NaN,dwell0,0.00,total_dwell0,0.00,period0,0.00,advance0,682.000,duty1,NaN,dwell1,0.00,total_dwell1,0.00,period1,0.00,advance1,682.000,
Thu Jul 16 08:00:44 EDT 2015<EOT>: Sending [0, 1, 71, 58, -70, 59, -66]
Thu Jul 16 08:00:44 EDT 2015<EOT>: Waiting for 2 byte(s): text header
Thu Jul 16 08:00:44 EDT 2015<EOT>: Waiting for 3932 byte(s): text body
Thu Jul 16 08:00:44 EDT 2015<EOT>: wave_chart,r!1526!0!i3!d!8!t1!d_9!25!t2!u_10!29!t2!d_11!37!t2!u_12!368!t2!d_13!375!t1!u_14!387!t2!u_15!477!t2!d_16!483!t2!u_17!585!t2!d_18!592!t2!u_19!636!t2!d_20!701!map!u!723!t2!u_21!755!t2!d_22!809!t1!d_23!819!t2!u_24!859!t2!d_25!917!t2!u_26!1019!t2!d_27!1026!t2!u_28!1090!t2!d_29!1134!t1!u_30!1181!t2!u_31!1185!t2!d_32!1242!map!d!1269!c3!u!1280!t2!u_33!1328!t2!d_34!1350!t2!u_35!1452!t2!d_36!1458!i4!u!1480!t2!u_37!1514!t2!d_38!1566!t1!d_39!1588!t2!u_40!1668!t2!d_41!1674!c3!d!1696!t2!u_42!1777!t2!d_43!1783!t2!u_44!1885!t2!d_45!1891!i4!d!1901!t2!u_46!1939!HIP!u!1949!t1!u_47!1966!t2!d_48!2217!t2!u_49!2273!t2!d_50!2325!t2!u_51!2413!t2!d_52!2434!t2!u_53!2482!t2!d_54!2543!t2!u_55!2606!t2!d_56!2652!t2!u_57!2701!t2!d_58!2760!t2!u_59!2834!t2!d_60!2869!t2!u_61!2939!t2!d_62!2978!t2!u_63!3034!HIP!d!3053!t2!d_64!3087!t2!u_65!3142!t2!d_66!3196!c1!u!3236!t2!u_67!3274!t2!d_68!3304!t2!u_69!3367!t2!d_70!3413!i2!u!3429!t2!u_71!3484!t2!d_72!3521!t1!d_73!3567!t2!u_74!3571!c1!d!3591!t2!d_75!3630!t2!u_76!3732!t2!d_77!3739!t2!u_78!3841!t2!d_79!3847!i2!d!3851!t2!u_80!3939!t2!d_81!3945!t1!u_82!3975!t2!u_83!4238!t2!d_84!4282!t2!u_85!4367!t1!d_86!4371!t2!d_87!4391!t2!u_88!4468!t2!d_89!4497!t2!u_90!4599!t2!d_91!4606!t2!u_92!4701!t2!d_93!4713!t1!u_94!4742!t2!u_95!4815!t2!d_96!4821!t2!u_97!4923!t2!d_98!4930!t2!u_99!5031!t2!d_100!5037!t1!d_101!5130!t2!u_102!5134!t2!d_103!5145!c3!u!5182!t2!u_104!5247!t2!d_105!5253!t2!u_106!5354!t2!d_107!5360!i1!u!5380!t2!u_108!5462!t1!u_109!5466!t2!d_110!5470!t2!u_111!5570!t2!d_112!5578!c3!d!5590!t2!u_113!5678!t2!d_114!5684!t2!u_115!5786!t2!d_116!5792!i1!d!5802!t1!d_117!5847!t2!u_118!5851!t2!d_119!6116!t2!u_120!6181!t2!d_121!6224!t2!u_122!6272!t2!d_123!6332!t2!u_124!6429!t2!d_125!6440!t2!u_126!6507!t2!d_127!6548!t2!u_128!6605!t2!d_129!6656!t2!u_130!6758!t2!d_131!6764!t2!u_132!6844!t2!d_133!6872!t2!u_134!6938!t2!d_135!6980!t2!u_136!7034!t2!d_137!7087!c1!u!7126!t2!u_138!7190!t2!d_139!7195!t2!u_140!7274!t2!d_141!7303!i3!u!7348!t2!u_142!7367!t1!u_0!7381!t2!d_1!7411!t2!u_2!7514!t2!d_3!7518!c1!d!7543!t2!u_4!7605!t2!d_5!7627!t2!u_6!7700!t2!d_7!7734!i3!d!7771!r!1537!7801!t1!d_8!7813!t2!u_9!7817!t2!d_10!7831!t2!u_11!8159!t2!d_12!8165!t1!u_13!8181!t2!u_14!8267!t2!d_15!8273!t2!u_16!8367!t2!d_17!8381!t2!u_18!8455!t2!d_19!8488!map!u!8508!t2!u_20!8590!t2!d_21!8598!t1!d_22!8608!t2!u_23!8642!t2!d_24!8704!t2!u_25!8772!t2!d_26!8811!t2!u_27!8911!t2!d_28!8919!t1!u_29!8964!t2!u_30!8968!t2!d_31!9026!map!d!9051!t2!u_32!9127!t2!d_33!9133!c3!u!9162!t2!u_34!9200!t2!d_35!9241!t2!u_36!9342!t2!d_37!9351!i4!u!9363!t1!d_38!9368!t2!u_39!9449!t2!d_40!9455!c3!d!9482!t2!u_41!9514!t2!d_42!9563!t2!u_43!9664!t2!d_44!9670!HIP!u!9731!t1!u_45!9741!t2!u_46!9744!i4!d!9782!t2!d_47!9993!t2!u_48!10064!t2!d_49!10101!t2!u_50!10176!t2!d_51!10209!t2!u_52!10271!t2!d_53!10317!t2!u_54!10367!t2!d_55!10425!t2!u_56!10514!t2!d_57!10533!t2!u_58!10604!t2!d_59!10641!t2!u_60!10719!t2!d_61!10749!HIP!d!10824!t2!u_62!10847!t2!d_63!10857!t2!u_64!10938!t2!d_65!10965!t2!u_66!11033!c1!u!11069!t2!d_67!11073!t2!u_68!11170!t2!d_69!11181!t2!u_70!11271!i2!u!11287!t2!d_71!11289!t1!d_72!11326!t2!u_73!11391!t2!d_74!11397!c1!d!11417!t2!u_75!11466!t2!d_76!11506!t2!u_77!11578!t2!d_78!11613!t2!u_79!11700!i2!d!11707!t2!d_80!11709!t1!u_81!11735!t2!u_82!12024!t2!d_83!12045!t1!d_84!12132!t2!u_85!12136!t2!d_86!12152!t2!u_87!12244!t2!d_88!12261!t2!u_89!12363!t2!d_90!12369!t2!u_91!12414!t2!d_92!12477!t1!u_93!12501!t2!u_94!12559!t2!d_95!12585!t2!u_96!12687!t2!d_97!12693!t2!u_98!12748!t2!d_99!12801!t1!d_100!12891!t2!u_101!12895!t2!d_102!12909!t2!u_103!13010!t2!d_104!13016!c3!u!13044!t2!u_105!13118!t2!d_106!13124!t2!u_107!13173!i1!u!13191!t1!u_108!13219!t2!d_109!13232!t2!u_110!13334!t2!d_111!13340!c3!d!13360!t2!u_112!13441!t2!d_113!13448!t2!u_114!13549!t2!d_115!13556!t1!d_116!13592!t2!u_117!13605!i1!d!13611!t2!d_118!13880!t2!u_119!13938!t2!d_120!13988!t2!u_121!14089!t2!d_122!14096!t2!u_123!14180!t2!d_124!14203!t2!u_125!14256!t2!d_126!14311!,
Thu Jul 16 08:00:44 EDT 2015<EOT>: : r!1526!0!i3!d!8!t1!d_9!25!t2!u_10!29!t2!d_11!37!t2!u_12!368!t2!d_13!375!t1!u_14!387!t2!u_15!477!t2!d_16!483!t2!u_17!585!t2!d_18!592!t2!u_19!636!t2!d_20!701!map!u!723!t2!u_21!755!t2!d_22!809!t1!d_23!819!t2!u_24!859!t2!d_25!917!t2!u_26!1019!t2!d_27!1026!t2!u_28!1090!t2!d_29!1134!t1!u_30!1181!t2!u_31!1185!t2!d_32!1242!map!d!1269!c3!u!1280!t2!u_33!1328!t2!d_34!1350!t2!u_35!1452!t2!d_36!1458!i4!u!1480!t2!u_37!1514!t2!d_38!1566!t1!d_39!1588!t2!u_40!1668!t2!d_41!1674!c3!d!1696!t2!u_42!1777!t2!d_43!1783!t2!u_44!1885!t2!d_45!1891!i4!d!1901!t2!u_46!1939!HIP!u!1949!t1!u_47!1966!t2!d_48!2217!t2!u_49!2273!t2!d_50!2325!t2!u_51!2413!t2!d_52!2434!t2!u_53!2482!t2!d_54!2543!t2!u_55!2606!t2!d_56!2652!t2!u_57!2701!t2!d_58!2760!t2!u_59!2834!t2!d_60!2869!t2!u_61!2939!t2!d_62!2978!t2!u_63!3034!HIP!d!3053!t2!d_64!3087!t2!u_65!3142!t2!d_66!3196!c1!u!3236!t2!u_67!3274!t2!d_68!3304!t2!u_69!3367!t2!d_70!3413!i2!u!3429!t2!u_71!3484!t2!d_72!3521!t1!d_73!3567!t2!u_74!3571!c1!d!3591!t2!d_75!3630!t2!u_76!3732!t2!d_77!3739!t2!u_78!3841!t2!d_79!3847!i2!d!3851!t2!u_80!3939!t2!d_81!3945!t1!u_82!3975!t2!u_83!4238!t2!d_84!4282!t2!u_85!4367!t1!d_86!4371!t2!d_87!4391!t2!u_88!4468!t2!d_89!4497!t2!u_90!4599!t2!d_91!4606!t2!u_92!4701!t2!d_93!4713!t1!u_94!4742!t2!u_95!4815!t2!d_96!4821!t2!u_97!4923!t2!d_98!4930!t2!u_99!5031!t2!d_100!5037!t1!d_101!5130!t2!u_102!5134!t2!d_103!5145!c3!u!5182!t2!u_104!5247!t2!d_105!5253!t2!u_106!5354!t2!d_107!5360!i1!u!5380!t2!u_108!5462!t1!u_109!5466!t2!d_110!5470!t2!u_111!5570!t2!d_112!5578!c3!d!5590!t2!u_113!5678!t2!d_114!5684!t2!u_115!5786!t2!d_116!5792!i1!d!5802!t1!d_117!5847!t2!u_118!5851!t2!d_119!6116!t2!u_120!6181!t2!d_121!6224!t2!u_122!6272!t2!d_123!6332!t2!u_124!6429!t2!d_125!6440!t2!u_126!6507!t2!d_127!6548!t2!u_128!6605!t2!d_129!6656!t2!u_130!6758!t2!d_131!6764!t2!u_132!6844!t2!d_133!6872!t2!u_134!6938!t2!d_135!6980!t2!u_136!7034!t2!d_137!7087!c1!u!7126!t2!u_138!7190!t2!d_139!7195!t2!u_140!7274!t2!d_141!7303!i3!u!7348!t2!u_142!7367!t1!u_0!7381!t2!d_1!7411!t2!u_2!7514!t2!d_3!7518!c1!d!7543!t2!u_4!7605!t2!d_5!7627!t2!u_6!7700!t2!d_7!7734!i3!d!7771!r!1537!7801!t1!d_8!7813!t2!u_9!7817!t2!d_10!7831!t2!u_11!8159!t2!d_12!8165!t1!u_13!8181!t2!u_14!8267!t2!d_15!8273!t2!u_16!8367!t2!d_17!8381!t2!u_18!8455!t2!d_19!8488!map!u!8508!t2!u_20!8590!t2!d_21!8598!t1!d_22!8608!t2!u_23!8642!t2!d_24!8704!t2!u_25!8772!t2!d_26!8811!t2!u_27!8911!t2!d_28!8919!t1!u_29!8964!t2!u_30!8968!t2!d_31!9026!map!d!9051!t2!u_32!9127!t2!d_33!9133!c3!u!9162!t2!u_34!9200!t2!d_35!9241!t2!u_36!9342!t2!d_37!9351!i4!u!9363!t1!d_38!9368!t2!u_39!9449!t2!d_40!9455!c3!d!9482!t2!u_41!9514!t2!d_42!9563!t2!u_43!9664!t2!d_44!9670!HIP!u!9731!t1!u_45!9741!t2!u_46!9744!i4!d!9782!t2!d_47!9993!t2!u_48!10064!t2!d_49!10101!t2!u_50!10176!t2!d_51!10209!t2!u_52!10271!t2!d_53!10317!t2!u_54!10367!t2!d_55!10425!t2!u_56!10514!t2!d_57!10533!t2!u_58!10604!t2!d_59!10641!t2!u_60!10719!t2!d_61!10749!HIP!d!10824!t2!u_62!10847!t2!d_63!10857!t2!u_64!10938!t2!d_65!10965!t2!u_66!11033!c1!u!11069!t2!d_67!11073!t2!u_68!11170!t2!d_69!11181!t2!u_70!11271!i2!u!11287!t2!d_71!11289!t1!d_72!11326!t2!u_73!11391!t2!d_74!11397!c1!d!11417!t2!u_75!11466!t2!d_76!11506!t2!u_77!11578!t2!d_78!11613!t2!u_79!11700!i2!d!11707!t2!d_80!11709!t1!u_81!11735!t2!u_82!12024!t2!d_83!12045!t1!d_84!12132!t2!u_85!12136!t2!d_86!12152!t2!u_87!12244!t2!d_88!12261!t2!u_89!12363!t2!d_90!12369!t2!u_91!12414!t2!d_92!12477!t1!u_93!12501!t2!u_94!12559!t2!d_95!12585!t2!u_96!12687!t2!d_97!12693!t2!u_98!12748!t2!d_99!12801!t1!d_100!12891!t2!u_101!12895!t2!d_102!12909!t2!u_103!13010!t2!d_104!13016!c3!u!13044!t2!u_105!13118!t2!d_106!13124!t2!u_107!13173!i1!u!13191!t1!u_108!13219!t2!d_109!13232!t2!u_110!13334!t2!d_111!13340!c3!d!13360!t2!u_112!13441!t2!d_113!13448!t2!u_114!13549!t2!d_115!13556!t1!d_116!13592!t2!u_117!13605!i1!d!13611!t2!d_118!13880!t2!u_119!13938!t2!d_120!13988!t2!u_121!14089!t2!d_122!14096!t2!u_123!14180!t2!d_124!14203!t2!u_125!14256!t2!d_126!14311!
Thu Jul 16 08:00:44 EDT 2015<EOT>: Sending [0, 1, 71, 58, -70, 59, -66]
Thu Jul 16 08:00:44 EDT 2015<EOT>: Waiting for 2 byte(s): text header
Thu Jul 16 08:00:44 EDT 2015<EOT>: Waiting for 334 byte(s): text body
Thu Jul 16 08:00:44 EDT 2015<EOT>: time,108.274,rpm,1636,ENGINE_LOAD,24.58,MAP,24.58,afr,10.00,vss,0.00,ks,0.00,kv,2.47,vbatt,12.96,TP,0.00,CLT,21.18,MAT,19.58,ckp_c,25010,fuel_base,2.76,fuel_lag,1.00,fuel,4.08,timing,21.76,duty0,NaN,dwell0,0.00,total_dwell0,0.00,period0,0.00,advance0,682.000,duty1,NaN,dwell1,0.00,total_dwell1,0.00,period1,0.00,advance1,682.000,
Thu Jul 16 08:00:44 EDT 2015<EOT>: Sending [0, 1, 71, 58, -70, 59, -66]
Thu Jul 16 08:00:44 EDT 2015<EOT>: Waiting for 2 byte(s): text header
Thu Jul 16 08:00:44 EDT 2015<EOT>: Waiting for 5 byte(s): text body
Thu Jul 16 08:00:44 EDT 2015<EOT>: Sending [0, 1, 71, 58, -70, 59, -66]
Thu Jul 16 08:00:44 EDT 2015<EOT>: Waiting for 2 byte(s): text header
Thu Jul 16 08:00:44 EDT 2015<EOT>: Waiting for 334 byte(s): text body
Thu Jul 16 08:00:44 EDT 2015<EOT>: time,108.474,rpm,1637,ENGINE_LOAD,24.40,MAP,24.40,afr,10.03,vss,0.00,ks,0.00,kv,2.41,vbatt,12.86,TP,0.00,CLT,21.28,MAT,19.97,ckp_c,25400,fuel_base,2.74,fuel_lag,1.00,fuel,4.06,timing,21.74,duty0,NaN,dwell0,0.00,total_dwell0,0.00,period0,0.00,advance0,682.000,duty1,NaN,dwell1,0.00,total_dwell1,0.00,period1,0.00,advance1,682.000,
Thu Jul 16 08:00:44 EDT 2015<EOT>: Sending [0, 1, 71, 58, -70, 59, -66]
Thu Jul 16 08:00:44 EDT 2015<EOT>: Waiting for 2 byte(s): text header
Thu Jul 16 08:00:44 EDT 2015<EOT>: Waiting for 5 byte(s): text body
Thu Jul 16 08:00:44 EDT 2015<EOT>: Sending [0, 1, 71, 58, -70, 59, -66]
Thu Jul 16 08:00:44 EDT 2015<EOT>: Waiting for 2 byte(s): text header
Thu Jul 16 08:00:44 EDT 2015<EOT>: Waiting for 2441 byte(s): text body
Thu Jul 16 08:00:44 EDT 2015<EOT>: analog_chart,0.00|0.00|1.42|3001.00|2.56|2002.00|11.92|3003.00|12.65|2004.00|21.90|3005.00|22.61|2006.00|28.44|3007.00|32.42|2008.00|37.77|3009.00|40.83|10.00|41.47|2011.00|66.16|3012.00|72.37|2013.00|74.18|1014.00|81.31|3015.00|82.34|2016.00|91.73|3017.00|92.51|2018.00|101.74|3019.00|102.35|2020.00|111.73|3021.00|112.34|2022.00|113.76|23.00|119.39|3024.00|122.32|2025.00|127.19|3026.00|132.34|2027.00|140.45|3028.00|142.31|2029.00|146.76|1030.00|147.33|3031.00|152.44|2032.00|160.09|3033.00|162.27|2034.00|169.28|3035.00|172.24|2036.00|181.61|3037.00|182.22|2038.00|184.59|39.00|191.58|3040.00|192.41|2041.00|196.64|3042.00|202.20|2043.00|211.53|3044.00|212.17|2045.00|216.68|3046.00|219.23|1047.00|242.28|2048.00|249.91|3049.00|252.14|2050.00|258.86|3051.00|262.16|2052.00|268.03|3053.00|272.20|2054.00|279.97|3055.00|282.26|2056.00|291.70|3057.00|292.33|2058.00|301.95|3059.00|302.52|2060.00|310.06|3061.00|312.40|2062.00|318.93|3063.00|322.47|2064.00|331.91|3065.00|332.77|2066.00|336.70|3067.00|342.56|2068.00|351.97|3069.00|352.98|2070.00|357.61|3071.00|362.59|2072.00|366.78|73.00|367.33|3074.00|372.66|2075.00|381.75|3076.00|382.66|2077.00|390.53|3078.00|392.68|2079.00|400.36|3080.00|401.77|2081.00|404.29|1082.00|432.18|3083.00|432.99|2084.00|441.36|85.00|441.92|3086.00|442.85|2087.00|447.10|3088.00|452.78|2089.00|462.30|3090.00|462.86|2091.00|466.82|3092.00|472.77|2093.00|475.93|1094.00|480.02|3095.00|482.98|2096.00|488.26|3097.00|492.76|2098.00|498.45|3099.00|502.79|2100.00|510.30|3101.00|511.47|102.00|512.94|2103.00|521.19|3104.00|522.80|2105.00|532.13|3106.00|533.13|2107.00|542.09|1108.00|542.66|3109.00|543.24|2110.00|552.06|3111.00|552.75|2112.00|562.04|3113.00|562.66|2114.00|569.28|3115.00|572.63|2116.00|576.57|117.00|577.14|3118.00|602.59|2119.00|608.78|3120.00|612.61|2121.00|619.93|3122.00|622.64|2123.00|630.11|3124.00|632.65|2125.00|636.82|3126.00|642.69|2127.00|652.18|3128.00|652.74|2129.00|662.30|3130.00|662.87|2131.00|668.96|3132.00|672.73|2133.00|677.52|3134.00|682.76|2135.00|692.15|3136.00|693.04|2137.00|702.15|3138.00|702.77|2139.00|712.14|3140.00|713.16|2141.00|,time,108.676,rpm,1645,ENGINE_LOAD,24.50,MAP,24.50,afr,10.00,vss,0.00,ks,0.00,kv,2.50,vbatt,12.95,TP,0.00,CLT,23.98,MAT,20.08,ckp_c,25790,fuel_base,2.74,fuel_lag,1.00,fuel,4.04,timing,21.20,duty0,NaN,dwell0,0.00,total_dwell0,0.00,period0,0.00,advance0,682.000,duty1,NaN,dwell1,0.00,total_dwell1,0.00,period1,0.00,advance1,682.000,
Thu Jul 16 08:00:44 EDT 2015<EOT>: Analog chart from 0.0 to 713.16
Thu Jul 16 08:00:44 EDT 2015<EOT>: Sending [0, 1, 71, 58, -70, 59, -66]
Thu Jul 16 08:00:44 EDT 2015<EOT>: Waiting for 2 byte(s): text header
Thu Jul 16 08:00:44 EDT 2015<EOT>: Waiting for 5 byte(s): text body
Thu Jul 16 08:00:45 EDT 2015<EOT>: Sending [0, 1, 71, 58, -70, 59, -66]
Thu Jul 16 08:00:45 EDT 2015<EOT>: Waiting for 2 byte(s): text header
Thu Jul 16 08:00:45 EDT 2015<EOT>: Waiting for 334 byte(s): text body
Thu Jul 16 08:00:45 EDT 2015<EOT>: time,108.876,rpm,1656,ENGINE_LOAD,24.49,MAP,24.49,afr,10.01,vss,0.00,ks,0.00,kv,2.42,vbatt,12.94,TP,0.00,CLT,21.28,MAT,19.74,ckp_c,26184,fuel_base,2.76,fuel_lag,1.00,fuel,4.08,timing,21.74,duty0,NaN,dwell0,0.00,total_dwell0,0.00,period0,0.00,advance0,682.000,duty1,NaN,dwell1,0.00,total_dwell1,0.00,period1,0.00,advance1,682.000,
Thu Jul 16 08:00:45 EDT 2015<EOT>: Sending [0, 1, 71, 58, -70, 59, -66]
Thu Jul 16 08:00:45 EDT 2015<EOT>: Waiting for 2 byte(s): text header
Thu Jul 16 08:00:45 EDT 2015<EOT>: Waiting for 5 byte(s): text body
Thu Jul 16 08:00:45 EDT 2015<EOT>: Sending [0, 1, 71, 58, -70, 59, -66]
Thu Jul 16 08:00:45 EDT 2015<EOT>: Waiting for 2 byte(s): text header
Thu Jul 16 08:00:45 EDT 2015<EOT>: Waiting for 334 byte(s): text body
Thu Jul 16 08:00:45 EDT 2015<EOT>: time,109.078,rpm,1653,ENGINE_LOAD,24.47,MAP,24.47,afr,10.00,vss,0.00,ks,0.00,kv,2.41,vbatt,12.92,TP,0.00,CLT,21.18,MAT,19.92,ckp_c,26577,fuel_base,2.76,fuel_lag,1.00,fuel,4.08,timing,21.76,duty0,NaN,dwell0,0.00,total_dwell0,0.00,period0,0.00,advance0,682.000,duty1,NaN,dwell1,0.00,total_dwell1,0.00,period1,0.00,advance1,682.000,
Thu Jul 16 08:00:45 EDT 2015<EOT>: Sending [0, 1, 71, 58, -70, 59, -66]
Thu Jul 16 08:00:45 EDT 2015<EOT>: Waiting for 2 byte(s): text header
Thu Jul 16 08:00:45 EDT 2015<EOT>: Waiting for 3935 byte(s): text body
Thu Jul 16 08:00:45 EDT 2015<EOT>: wave_chart,HIP!u!0!i4!d!22!t1!u_46!36!t2!u_47!40!t2!d_48!276!t2!u_49!371!t2!d_50!377!t2!u_51!471!t2!d_52!479!t2!u_53!551!t2!d_54!581!t2!u_55!626!t2!d_56!683!t2!u_57!727!t2!d_58!785!t2!u_59!874!t2!d_60!887!t2!u_61!959!t2!d_62!989!HIP!d!1024!t2!u_63!1085!t2!d_64!1091!t2!u_65!1187!t2!d_66!1193!c1!u!1202!t2!u_67!1289!t2!d_68!1295!t2!u_69!1391!t2!d_70!1401!i2!u!1443!t2!u_71!1493!t2!d_72!1499!t1!d_73!1537!t2!u_74!1594!t2!d_75!1600!c1!d!1614!t2!u_76!1696!t2!d_77!1704!t2!u_78!1798!t2!d_79!1804!i2!d!1852!t2!u_80!1872!t2!d_81!1896!t1!u_82!1921!t2!u_83!2205!t2!d_84!2211!t2!u_85!2292!t1!d_86!2296!t2!d_87!2312!t2!u_88!2394!t2!d_89!2413!t2!u_90!2509!t2!d_91!2515!t2!u_92!2611!t2!d_93!2616!t1!u_94!2642!t2!u_95!2682!t2!d_96!2717!t2!u_97!2791!t2!d_98!2819!t2!u_99!2914!t2!d_100!2920!t2!u_101!3004!t1!d_102!3010!t2!d_103!3021!c3!u!3028!t2!u_104!3117!t2!d_105!3123!t2!u_106!3218!t2!d_107!3228!i1!u!3270!t2!u_108!3292!t1!u_109!3319!t2!d_110!3325!t2!u_111!3420!t2!d_112!3426!c3!d!3439!t2!u_113!3521!t2!d_114!3527!t2!u_115!3622!t2!d_116!3629!i1!d!3679!t1!d_117!3681!t2!u_118!3685!t2!d_119!3932!t2!u_120!4012!t2!d_121!4034!t2!u_122!4104!t2!d_123!4136!t2!u_124!4207!t2!d_125!4237!t2!u_126!4292!t2!d_127!4339!t2!u_128!4394!t2!d_129!4441!t2!u_130!4537!t2!d_131!4543!t2!u_132!4626!t2!d_133!4645!t2!u_134!4727!t2!d_135!4747!t2!u_136!4810!t2!d_137!4848!c1!u!4856!t2!u_138!4915!t2!d_139!4952!t2!u_140!5045!t2!d_141!5054!i3!u!5102!t1!u_0!5124!t2!u_1!5140!t2!d_2!5153!t2!u_3!5248!t2!d_4!5254!c1!d!5272!t2!u_5!5350!t2!d_6!5357!t2!u_7!5451!t2!d_8!5457!i3!d!5511!r!1637!5517!t2!u_9!5540!t1!d_10!5544!t2!d_11!5551!t2!u_12!5797!t2!d_13!5865!t1!u_14!5882!t2!u_15!5957!t2!d_16!5966!t2!u_17!6060!t2!d_18!6068!t2!u_19!6140!t2!d_20!6169!map!u!6188!t2!u_21!6265!t2!d_22!6271!t1!d_23!6292!t2!u_24!6367!t2!d_25!6373!t2!u_26!6423!t2!d_27!6475!t2!u_28!6529!t2!d_29!6576!t2!u_30!6621!t1!u_31!6625!t2!d_32!6678!c3!u!6681!map!d!6699!t2!u_33!6727!t2!d_34!6779!t2!u_35!6875!t2!d_36!6885!i4!u!6933!t2!u_37!6956!t2!d_38!6982!t1!d_39!7006!t2!u_40!7078!t2!d_41!7084!c3!d!7103!t2!u_42!7179!t2!d_43!7185!t2!u_44!7281!t2!d_45!7287!HIP!u!7314!i4!d!7342!t1!u_46!7352!t2!u_47!7356!t2!d_48!7592!t2!u_49!7684!t2!d_50!7694!t2!u_51!7790!t2!d_52!7796!t2!u_53!7874!t2!d_54!7898!t2!u_55!7956!t2!d_56!8000!t2!u_57!8060!t2!d_58!8102!t2!u_59!8196!t2!d_60!8204!t2!u_61!8291!t2!d_62!8306!HIP!d!8333!t2!u_63!8398!t2!d_64!8409!t2!u_65!8501!t2!d_66!8511!c1!u!8551!t2!u_67!8561!t2!d_68!8612!t2!u_69!8708!t2!d_70!8717!i2!u!8761!t2!u_71!8810!t2!d_72!8816!t1!d_73!8852!t2!u_74!8913!t2!d_75!8919!c1!d!8932!t2!u_76!9014!t2!d_77!9021!t2!u_78!9065!t2!d_79!9122!i2!d!9170!t2!u_80!9208!t2!d_81!9215!t1!u_82!9235!t2!u_83!9516!t2!d_84!9530!t1!d_85!9612!t2!u_86!9616!t2!d_87!9632!t2!u_88!9685!t2!d_89!9733!t2!u_90!9829!t2!d_91!9836!t2!u_92!9878!t2!d_93!9937!t1!u_94!9961!t2!u_95!10033!t2!d_96!10039!t2!u_97!10134!t2!d_98!10141!t2!u_99!10211!t2!d_100!10243!t2!u_101!10290!t1!d_102!10328!t2!d_103!10344!c3!u!10378!t2!u_104!10388!t2!d_105!10446!t2!u_106!10541!t2!d_107!10553!i1!u!10595!t2!u_108!10624!t1!u_109!10641!t2!d_110!10649!t2!u_111!10744!t2!d_112!10751!c3!d!10763!t2!u_113!10846!t2!d_114!10852!t2!u_115!10948!t2!d_116!10954!t1!d_117!10999!t2!u_118!11003!i1!d!11007!t2!d_119!11259!t2!u_120!11355!t2!d_121!11361!t2!u_122!11419!t2!d_123!11463!t2!u_124!11513!t2!d_125!11565!t2!u_126!11622!t2!d_127!11667!t2!u_128!11731!t2!d_129!11771!t2!u_130!11832!t2!d_131!11871!t2!u_132!11957!t2!d_133!11974!t2!u_134!12065!t2!d_135!12075!t2!u_136!12121!c1!u!12173!t2!d_137!12178!t2!u_138!12273!t2!d_139!12279!t2!u_140!12375!t2!d_141!12383!i3!u!12432!t1!u_0!12453!t2!u_1!12470!t2!d_2!12483!t2!u_3!12579!t2!d_4!12585!c1!d!12602!t2!u_5!12681!t2!d_6!12688!t2!u_7!12731!t2!d_8!12788!i3!d!12841!r!1636!12847!t1!d_9!12859!t2!u_10!12863!t2!d_11!12881!t2!u_12!13129!t2!d_13!13196!t1!u_14!13203!t2!u_15!13290!t2!d_16!13298!t2!u_17!13394!t2!d_18!13400!t2!u_19!13495!t2!d_20!13502!map!u!13520!t2!u_21!13549!t2!d_22!13603!t1!d_23!13612!,
Thu Jul 16 08:00:45 EDT 2015<EOT>: : HIP!u!0!i4!d!22!t1!u_46!36!t2!u_47!40!t2!d_48!276!t2!u_49!371!t2!d_50!377!t2!u_51!471!t2!d_52!479!t2!u_53!551!t2!d_54!581!t2!u_55!626!t2!d_56!683!t2!u_57!727!t2!d_58!785!t2!u_59!874!t2!d_60!887!t2!u_61!959!t2!d_62!989!HIP!d!1024!t2!u_63!1085!t2!d_64!1091!t2!u_65!1187!t2!d_66!1193!c1!u!1202!t2!u_67!1289!t2!d_68!1295!t2!u_69!1391!t2!d_70!1401!i2!u!1443!t2!u_71!1493!t2!d_72!1499!t1!d_73!1537!t2!u_74!1594!t2!d_75!1600!c1!d!1614!t2!u_76!1696!t2!d_77!1704!t2!u_78!1798!t2!d_79!1804!i2!d!1852!t2!u_80!1872!t2!d_81!1896!t1!u_82!1921!t2!u_83!2205!t2!d_84!2211!t2!u_85!2292!t1!d_86!2296!t2!d_87!2312!t2!u_88!2394!t2!d_89!2413!t2!u_90!2509!t2!d_91!2515!t2!u_92!2611!t2!d_93!2616!t1!u_94!2642!t2!u_95!2682!t2!d_96!2717!t2!u_97!2791!t2!d_98!2819!t2!u_99!2914!t2!d_100!2920!t2!u_101!3004!t1!d_102!3010!t2!d_103!3021!c3!u!3028!t2!u_104!3117!t2!d_105!3123!t2!u_106!3218!t2!d_107!3228!i1!u!3270!t2!u_108!3292!t1!u_109!3319!t2!d_110!3325!t2!u_111!3420!t2!d_112!3426!c3!d!3439!t2!u_113!3521!t2!d_114!3527!t2!u_115!3622!t2!d_116!3629!i1!d!3679!t1!d_117!3681!t2!u_118!3685!t2!d_119!3932!t2!u_120!4012!t2!d_121!4034!t2!u_122!4104!t2!d_123!4136!t2!u_124!4207!t2!d_125!4237!t2!u_126!4292!t2!d_127!4339!t2!u_128!4394!t2!d_129!4441!t2!u_130!4537!t2!d_131!4543!t2!u_132!4626!t2!d_133!4645!t2!u_134!4727!t2!d_135!4747!t2!u_136!4810!t2!d_137!4848!c1!u!4856!t2!u_138!4915!t2!d_139!4952!t2!u_140!5045!t2!d_141!5054!i3!u!5102!t1!u_0!5124!t2!u_1!5140!t2!d_2!5153!t2!u_3!5248!t2!d_4!5254!c1!d!5272!t2!u_5!5350!t2!d_6!5357!t2!u_7!5451!t2!d_8!5457!i3!d!5511!r!1637!5517!t2!u_9!5540!t1!d_10!5544!t2!d_11!5551!t2!u_12!5797!t2!d_13!5865!t1!u_14!5882!t2!u_15!5957!t2!d_16!5966!t2!u_17!6060!t2!d_18!6068!t2!u_19!6140!t2!d_20!6169!map!u!6188!t2!u_21!6265!t2!d_22!6271!t1!d_23!6292!t2!u_24!6367!t2!d_25!6373!t2!u_26!6423!t2!d_27!6475!t2!u_28!6529!t2!d_29!6576!t2!u_30!6621!t1!u_31!6625!t2!d_32!6678!c3!u!6681!map!d!6699!t2!u_33!6727!t2!d_34!6779!t2!u_35!6875!t2!d_36!6885!i4!u!6933!t2!u_37!6956!t2!d_38!6982!t1!d_39!7006!t2!u_40!7078!t2!d_41!7084!c3!d!7103!t2!u_42!7179!t2!d_43!7185!t2!u_44!7281!t2!d_45!7287!HIP!u!7314!i4!d!7342!t1!u_46!7352!t2!u_47!7356!t2!d_48!7592!t2!u_49!7684!t2!d_50!7694!t2!u_51!7790!t2!d_52!7796!t2!u_53!7874!t2!d_54!7898!t2!u_55!7956!t2!d_56!8000!t2!u_57!8060!t2!d_58!8102!t2!u_59!8196!t2!d_60!8204!t2!u_61!8291!t2!d_62!8306!HIP!d!8333!t2!u_63!8398!t2!d_64!8409!t2!u_65!8501!t2!d_66!8511!c1!u!8551!t2!u_67!8561!t2!d_68!8612!t2!u_69!8708!t2!d_70!8717!i2!u!8761!t2!u_71!8810!t2!d_72!8816!t1!d_73!8852!t2!u_74!8913!t2!d_75!8919!c1!d!8932!t2!u_76!9014!t2!d_77!9021!t2!u_78!9065!t2!d_79!9122!i2!d!9170!t2!u_80!9208!t2!d_81!9215!t1!u_82!9235!t2!u_83!9516!t2!d_84!9530!t1!d_85!9612!t2!u_86!9616!t2!d_87!9632!t2!u_88!9685!t2!d_89!9733!t2!u_90!9829!t2!d_91!9836!t2!u_92!9878!t2!d_93!9937!t1!u_94!9961!t2!u_95!10033!t2!d_96!10039!t2!u_97!10134!t2!d_98!10141!t2!u_99!10211!t2!d_100!10243!t2!u_101!10290!t1!d_102!10328!t2!d_103!10344!c3!u!10378!t2!u_104!10388!t2!d_105!10446!t2!u_106!10541!t2!d_107!10553!i1!u!10595!t2!u_108!10624!t1!u_109!10641!t2!d_110!10649!t2!u_111!10744!t2!d_112!10751!c3!d!10763!t2!u_113!10846!t2!d_114!10852!t2!u_115!10948!t2!d_116!10954!t1!d_117!10999!t2!u_118!11003!i1!d!11007!t2!d_119!11259!t2!u_120!11355!t2!d_121!11361!t2!u_122!11419!t2!d_123!11463!t2!u_124!11513!t2!d_125!11565!t2!u_126!11622!t2!d_127!11667!t2!u_128!11731!t2!d_129!11771!t2!u_130!11832!t2!d_131!11871!t2!u_132!11957!t2!d_133!11974!t2!u_134!12065!t2!d_135!12075!t2!u_136!12121!c1!u!12173!t2!d_137!12178!t2!u_138!12273!t2!d_139!12279!t2!u_140!12375!t2!d_141!12383!i3!u!12432!t1!u_0!12453!t2!u_1!12470!t2!d_2!12483!t2!u_3!12579!t2!d_4!12585!c1!d!12602!t2!u_5!12681!t2!d_6!12688!t2!u_7!12731!t2!d_8!12788!i3!d!12841!r!1636!12847!t1!d_9!12859!t2!u_10!12863!t2!d_11!12881!t2!u_12!13129!t2!d_13!13196!t1!u_14!13203!t2!u_15!13290!t2!d_16!13298!t2!u_17!13394!t2!d_18!13400!t2!u_19!13495!t2!d_20!13502!map!u!13520!t2!u_21!13549!t2!d_22!13603!t1!d_23!13612!
Thu Jul 16 08:00:45 EDT 2015<EOT>: Sending [0, 1, 71, 58, -70, 59, -66]
Thu Jul 16 08:00:45 EDT 2015<EOT>: Waiting for 2 byte(s): text header
Thu Jul 16 08:00:45 EDT 2015<EOT>: Waiting for 334 byte(s): text body
Thu Jul 16 08:00:45 EDT 2015<EOT>: time,109.278,rpm,1647,ENGINE_LOAD,24.25,MAP,24.25,afr,10.00,vss,0.00,ks,0.00,kv,2.44,vbatt,12.76,TP,0.00,CLT,21.31,MAT,19.92,ckp_c,26969,fuel_base,2.74,fuel_lag,1.00,fuel,4.06,timing,21.73,duty0,NaN,dwell0,0.00,total_dwell0,0.00,period0,0.00,advance0,682.000,duty1,NaN,dwell1,0.00,total_dwell1,0.00,period1,0.00,advance1,682.000,
Thu Jul 16 08:00:45 EDT 2015<EOT>: Sending [0, 1, 71, 58, -70, 59, -66]
Thu Jul 16 08:00:45 EDT 2015<EOT>: Waiting for 2 byte(s): text header
Thu Jul 16 08:00:45 EDT 2015<EOT>: Waiting for 5 byte(s): text body
Thu Jul 16 08:00:45 EDT 2015<EOT>: Sending [0, 1, 71, 58, -70, 59, -66]
Thu Jul 16 08:00:45 EDT 2015<EOT>: Waiting for 2 byte(s): text header
Thu Jul 16 08:00:45 EDT 2015<EOT>: Waiting for 334 byte(s): text body
Thu Jul 16 08:00:45 EDT 2015<EOT>: time,109.480,rpm,1649,ENGINE_LOAD,24.42,MAP,24.42,afr,10.00,vss,0.00,ks,0.00,kv,2.43,vbatt,13.02,TP,0.00,CLT,21.18,MAT,20.00,ckp_c,27361,fuel_base,2.75,fuel_lag,1.00,fuel,4.08,timing,21.76,duty0,NaN,dwell0,0.00,total_dwell0,0.00,period0,0.00,advance0,682.000,duty1,NaN,dwell1,0.00,total_dwell1,0.00,period1,0.00,advance1,682.000,
Thu Jul 16 08:00:45 EDT 2015<EOT>: Sending [0, 1, 71, 58, -70, 59, -66]
Thu Jul 16 08:00:45 EDT 2015<EOT>: Waiting for 2 byte(s): text header
Thu Jul 16 08:00:45 EDT 2015<EOT>: Waiting for 5 byte(s): text body
Thu Jul 16 08:00:45 EDT 2015<EOT>: Sending [0, 1, 71, 58, -70, 59, -66]
Thu Jul 16 08:00:45 EDT 2015<EOT>: Waiting for 2 byte(s): text header
Thu Jul 16 08:00:45 EDT 2015<EOT>: Waiting for 334 byte(s): text body
Thu Jul 16 08:00:45 EDT 2015<EOT>: time,109.680,rpm,1647,ENGINE_LOAD,24.32,MAP,24.32,afr,10.00,vss,0.00,ks,0.00,kv,2.40,vbatt,12.94,TP,0.00,CLT,21.52,MAT,19.81,ckp_c,27752,fuel_base,2.74,fuel_lag,1.00,fuel,4.06,timing,21.69,duty0,NaN,dwell0,0.00,total_dwell0,0.00,period0,0.00,advance0,682.000,duty1,NaN,dwell1,0.00,total_dwell1,0.00,period1,0.00,advance1,682.000,
Thu Jul 16 08:00:45 EDT 2015<EOT>: Sending [0, 1, 71, 58, -70, 59, -66]
Thu Jul 16 08:00:45 EDT 2015<EOT>: Waiting for 2 byte(s): text header
Thu Jul 16 08:00:45 EDT 2015<EOT>: Waiting for 5 byte(s): text body
Thu Jul 16 08:00:46 EDT 2015<EOT>: Sending [0, 1, 71, 58, -70, 59, -66]
Thu Jul 16 08:00:46 EDT 2015<EOT>: Waiting for 2 byte(s): text header
Thu Jul 16 08:00:46 EDT 2015<EOT>: Waiting for 334 byte(s): text body
Thu Jul 16 08:00:46 EDT 2015<EOT>: time,109.882,rpm,1649,ENGINE_LOAD,24.40,MAP,24.40,afr,10.00,vss,0.00,ks,0.00,kv,2.47,vbatt,12.94,TP,0.00,CLT,21.28,MAT,19.71,ckp_c,28147,fuel_base,2.75,fuel_lag,1.00,fuel,4.07,timing,21.74,duty0,NaN,dwell0,0.00,total_dwell0,0.00,period0,0.00,advance0,682.000,duty1,NaN,dwell1,0.00,total_dwell1,0.00,period1,0.00,advance1,682.000,
Thu Jul 16 08:00:46 EDT 2015<EOT>: Sending [0, 1, 71, 58, -70, 59, -66]
Thu Jul 16 08:00:46 EDT 2015<EOT>: Waiting for 2 byte(s): text header
Thu Jul 16 08:00:46 EDT 2015<EOT>: Waiting for 5 byte(s): text body
Thu Jul 16 08:00:46 EDT 2015<EOT>: Sending [0, 1, 71, 58, -70, 59, -66]
Thu Jul 16 08:00:46 EDT 2015<EOT>: Waiting for 2 byte(s): text header
Thu Jul 16 08:00:46 EDT 2015<EOT>: Waiting for 2441 byte(s): text body
Thu Jul 16 08:00:46 EDT 2015<EOT>: time,110.083,rpm,1649,ENGINE_LOAD,24.35,MAP,24.35,afr,10.00,vss,0.00,ks,0.00,kv,2.36,vbatt,12.94,TP,0.00,CLT,21.12,MAT,19.94,ckp_c,28537,fuel_base,2.75,fuel_lag,1.00,fuel,4.07,timing,21.77,duty0,NaN,dwell0,0.00,total_dwell0,0.00,period0,0.00,advance0,682.000,duty1,NaN,dwell1,0.00,total_dwell1,0.00,period1,0.00,advance1,682.000,analog_chart,0.00|0.00|1.42|3001.00|2.45|2002.00|12.17|3003.00|12.88|2004.00|21.88|3005.00|22.62|2006.00|31.87|3007.00|32.47|2008.00|39.37|3009.00|39.94|10.00|41.54|2011.00|68.37|3012.00|72.61|2013.00|73.35|1014.00|77.99|3015.00|82.63|2016.00|91.67|3017.00|92.84|2018.00|101.34|3019.00|102.65|2020.00|110.97|3021.00|112.66|2022.00|113.42|23.00|116.88|3024.00|122.70|2025.00|132.13|3026.00|132.74|2027.00|141.58|3028.00|142.74|2029.00|146.32|1030.00|151.43|3031.00|152.75|2032.00|157.02|3033.00|162.74|2034.00|167.29|3035.00|172.76|2036.00|182.13|3037.00|182.72|2038.00|184.23|39.00|192.13|3040.00|192.98|2041.00|200.29|3042.00|202.74|2043.00|208.09|3044.00|212.76|2045.00|217.17|3046.00|218.77|1047.00|242.88|2048.00|251.52|3049.00|252.86|2050.00|257.69|3051.00|262.91|2052.00|270.49|3053.00|272.97|2054.00|277.10|3055.00|283.05|2056.00|287.92|3057.00|293.18|2058.00|299.21|3059.00|303.29|2060.00|308.83|3061.00|313.38|2062.00|322.90|3063.00|323.98|2064.00|330.80|3065.00|333.60|2066.00|341.80|3067.00|343.70|2068.00|353.18|3069.00|354.21|2070.00|363.28|3071.00|363.90|2072.00|367.33|73.00|373.37|3074.00|374.06|2075.00|383.53|3076.00|384.16|2077.00|393.53|3078.00|394.16|2079.00|398.16|3080.00|403.28|2081.00|405.34|1082.00|431.12|3083.00|434.52|2084.00|440.74|3085.00|442.88|86.00|444.56|2087.00|450.03|3088.00|454.61|2089.00|462.39|3090.00|464.65|2091.00|473.71|3092.00|474.71|2093.00|477.01|1094.00|483.30|3095.00|484.76|2096.00|494.20|3097.00|494.78|2098.00|502.84|3099.00|504.91|2100.00|512.94|3101.00|513.52|102.00|514.90|2103.00|524.51|3104.00|525.08|2105.00|530.06|3106.00|534.97|2107.00|543.98|1108.00|544.55|3109.00|545.11|2110.00|554.50|3111.00|555.18|2112.00|563.03|3113.00|565.06|2114.00|574.47|3115.00|575.09|2116.00|579.50|117.00|580.07|3118.00|605.29|2119.00|609.32|3120.00|615.28|2121.00|620.65|3122.00|625.32|2123.00|634.78|3124.00|635.40|2125.00|644.84|3126.00|645.47|2127.00|654.65|3128.00|655.50|2129.00|661.95|3130.00|665.57|2131.00|671.57|3132.00|675.59|2133.00|682.71|3134.00|685.69|2135.00|694.94|3136.00|695.81|2137.00|704.55|3138.00|705.83|2139.00|715.18|3140.00|716.19|2141.00|,
Thu Jul 16 08:00:46 EDT 2015<EOT>: Analog chart from 0.0 to 716.19
Thu Jul 16 08:00:46 EDT 2015<EOT>: Sending [0, 1, 71, 58, -70, 59, -66]
Thu Jul 16 08:00:46 EDT 2015<EOT>: Waiting for 2 byte(s): text header
Thu Jul 16 08:00:46 EDT 2015<EOT>: Waiting for 3902 byte(s): text body
Thu Jul 16 08:00:46 EDT 2015<EOT>: wave_chart,t2!u_3!0!t2!d_4!5!c1!d!24!t2!u_5!101!t2!d_6!108!t2!u_7!201!t2!d_8!207!i3!d!228!t2!u_9!261!r!1645!265!t1!d_10!292!t2!d_11!299!t2!u_12!594!t2!d_13!613!t1!u_14!631!t2!u_15!694!t2!d_16!714!t2!u_17!763!t2!d_18!815!t2!u_19!911!t2!d_20!917!map!u!933!t2!u_21!969!t2!d_22!1018!t1!d_23!1035!t2!u_24!1107!t2!d_25!1120!t2!u_26!1215!t2!d_27!1222!t2!u_28!1261!t2!d_29!1323!t1!u_30!1369!t2!u_31!1373!c3!u!1422!t2!d_32!1425!map!d!1442!t2!u_33!1520!t2!d_34!1526!t2!u_35!1594!t2!d_36!1627!i4!u!1653!t2!u_37!1693!t2!d_38!1728!t1!d_39!1752!t2!u_40!1823!t2!d_41!1830!c3!d!1849!t2!u_42!1900!t2!d_43!1931!t2!u_44!2025!t2!d_45!2033!HIP!u!2043!i4!d!2059!t1!u_46!2104!t2!u_47!2108!t2!d_48!2338!t2!u_49!2432!t2!d_50!2438!t2!u_51!2505!t2!d_52!2539!t2!u_53!2594!t2!d_54!2641!t2!u_55!2692!t2!d_56!2742!t2!u_57!2816!t2!d_58!2844!t2!u_59!2928!t2!d_60!2945!t2!u_61!3025!t2!d_62!3046!HIP!d!3052!t2!u_63!3136!t2!d_64!3148!t2!u_65!3243!t2!d_66!3249!c1!u!3290!t2!u_67!3293!t2!d_68!3350!t2!u_69!3445!t2!d_70!3454!i2!u!3498!t2!u_71!3547!t2!d_72!3553!t2!u_73!3594!t1!d_74!3598!c1!d!3617!t2!d_75!3654!t2!u_76!3749!t2!d_77!3755!t2!u_78!3839!t2!d_79!3856!i2!d!3904!t2!u_80!3927!t2!d_81!3948!t1!u_82!3973!t2!u_83!4195!t2!d_84!4262!t1!d_85!4349!t2!u_86!4353!t2!d_87!4362!t2!u_88!4408!t2!d_89!4463!t2!u_90!4505!t2!d_91!4564!t2!u_92!4659!t2!d_93!4665!t1!u_94!4698!t2!u_95!4755!t2!d_96!4766!t2!u_97!4861!t2!d_98!4867!t2!u_99!4927!t2!d_100!4968!t1!d_101!5056!t2!u_102!5060!t2!d_103!5068!c3!u!5105!t2!u_104!5109!t2!d_105!5169!t2!u_106!5261!t2!d_107!5270!i1!u!5313!t2!u_108!5358!t1!u_109!5364!t2!d_110!5371!t2!u_111!5465!t2!d_112!5471!c3!d!5486!t2!u_113!5566!t2!d_114!5572!t2!u_115!5668!t2!d_116!5673!t1!d_117!5714!t2!u_118!5717!i1!d!5721!t2!d_119!5976!t2!u_120!6025!t2!d_121!6077!t2!u_122!6163!t2!d_123!6178!t2!u_124!6254!t2!d_125!6279!t2!u_126!6358!t2!d_127!6380!t2!u_128!6448!t2!d_129!6482!t2!u_130!6577!t2!d_131!6584!t2!u_132!6678!t2!d_133!6685!t2!u_134!6763!t2!d_135!6785!t2!u_136!6832!c1!u!6880!t2!d_137!6887!t2!u_138!6982!t2!d_139!6988!t2!u_140!7083!t2!d_141!7091!i3!u!7139!t1!u_0!7159!t2!u_1!7174!t2!d_2!7190!t2!u_3!7255!c1!d!7279!t2!d_4!7291!t2!u_5!7386!t2!d_6!7392!t2!u_7!7487!t2!d_8!7493!i3!d!7546!r!1647!7549!t1!d_9!7572!t2!u_10!7576!t2!d_11!7584!t2!u_12!7838!t2!d_13!7897!t1!u_14!7911!t2!u_15!7977!t2!d_16!7998!t2!u_17!8060!t2!d_18!8099!t2!u_19!8145!t2!d_20!8200!map!u!8217!t2!u_21!8254!t2!d_22!8301!t1!d_23!8312!t2!u_24!8393!t2!d_25!8402!t2!u_26!8463!t2!d_27!8505!t2!u_28!8588!t2!d_29!8603!t1!u_30!8646!t2!u_31!8650!c3!u!8701!t2!d_32!8704!map!d!8725!t2!u_33!8799!t2!d_34!8805!t2!u_35!8899!t2!d_36!8908!i4!u!8958!t2!u_37!9000!t2!d_38!9006!t1!d_39!9026!t2!u_40!9101!t2!d_41!9107!c3!d!9127!t2!u_42!9201!t2!d_43!9208!t2!u_44!9254!t2!d_45!9308!HIP!u!9339!t2!u_46!9358!i4!d!9364!t1!u_47!9373!t2!d_48!9611!t2!u_49!9652!t2!d_50!9712!t2!u_51!9787!t2!d_52!9813!t2!u_53!9908!t2!d_54!9915!t2!u_55!10010!t2!d_56!10016!t2!u_57!10077!t2!d_58!10118!t2!u_59!10213!t2!d_60!10219!t2!u_61!10315!t2!d_62!10321!HIP!d!10353!t2!u_63!10389!t2!d_64!10422!t2!u_65!10470!c1!u!10518!t2!d_66!10524!t2!u_67!10587!t2!d_68!10625!t2!u_69!10691!t2!d_70!10727!i2!u!10744!t2!u_71!10822!t2!d_72!10828!t1!d_73!10858!t2!u_74!10921!t2!d_75!10929!c1!d!10940!t2!u_76!11024!t2!d_77!11031!t2!u_78!11126!t2!d_79!11132!i2!d!11150!t2!u_80!11217!t2!d_81!11224!t1!u_82!11241!t2!u_83!11477!t2!d_84!11538!t2!u_85!11587!t1!d_86!11618!t2!d_87!11639!t2!u_88!11691!t2!d_89!11741!t2!u_90!11835!t2!d_91!11842!t2!u_92!11920!t2!d_93!11944!t1!u_94!11960!t2!u_95!12024!t2!d_96!12043!t2!u_97!12120!t2!d_98!12144!t2!u_99!12239!t2!d_100!12247!t2!u_101!12304!t1!d_102!12327!t2!d_103!12347!c3!u!12375!t2!u_104!12411!t2!d_105!12448!t2!u_106!12542!t2!d_107!12551!i1!u!12595!t1!u_108!12638!t2!u_109!12642!t2!d_110!12649!t2!u_111!12691!c3!d!12710!t2!d_112!12750!t2!u_113!12845!t2!d_114!12851!t2!u_115!12921!t2!d_116!12952!t1!d_117!12995!t2!u_118!12999!i1!d!13002!t2!d_119!13256!t2!u_120!13351!,
Thu Jul 16 08:00:46 EDT 2015<EOT>: : t2!u_3!0!t2!d_4!5!c1!d!24!t2!u_5!101!t2!d_6!108!t2!u_7!201!t2!d_8!207!i3!d!228!t2!u_9!261!r!1645!265!t1!d_10!292!t2!d_11!299!t2!u_12!594!t2!d_13!613!t1!u_14!631!t2!u_15!694!t2!d_16!714!t2!u_17!763!t2!d_18!815!t2!u_19!911!t2!d_20!917!map!u!933!t2!u_21!969!t2!d_22!1018!t1!d_23!1035!t2!u_24!1107!t2!d_25!1120!t2!u_26!1215!t2!d_27!1222!t2!u_28!1261!t2!d_29!1323!t1!u_30!1369!t2!u_31!1373!c3!u!1422!t2!d_32!1425!map!d!1442!t2!u_33!1520!t2!d_34!1526!t2!u_35!1594!t2!d_36!1627!i4!u!1653!t2!u_37!1693!t2!d_38!1728!t1!d_39!1752!t2!u_40!1823!t2!d_41!1830!c3!d!1849!t2!u_42!1900!t2!d_43!1931!t2!u_44!2025!t2!d_45!2033!HIP!u!2043!i4!d!2059!t1!u_46!2104!t2!u_47!2108!t2!d_48!2338!t2!u_49!2432!t2!d_50!2438!t2!u_51!2505!t2!d_52!2539!t2!u_53!2594!t2!d_54!2641!t2!u_55!2692!t2!d_56!2742!t2!u_57!2816!t2!d_58!2844!t2!u_59!2928!t2!d_60!2945!t2!u_61!3025!t2!d_62!3046!HIP!d!3052!t2!u_63!3136!t2!d_64!3148!t2!u_65!3243!t2!d_66!3249!c1!u!3290!t2!u_67!3293!t2!d_68!3350!t2!u_69!3445!t2!d_70!3454!i2!u!3498!t2!u_71!3547!t2!d_72!3553!t2!u_73!3594!t1!d_74!3598!c1!d!3617!t2!d_75!3654!t2!u_76!3749!t2!d_77!3755!t2!u_78!3839!t2!d_79!3856!i2!d!3904!t2!u_80!3927!t2!d_81!3948!t1!u_82!3973!t2!u_83!4195!t2!d_84!4262!t1!d_85!4349!t2!u_86!4353!t2!d_87!4362!t2!u_88!4408!t2!d_89!4463!t2!u_90!4505!t2!d_91!4564!t2!u_92!4659!t2!d_93!4665!t1!u_94!4698!t2!u_95!4755!t2!d_96!4766!t2!u_97!4861!t2!d_98!4867!t2!u_99!4927!t2!d_100!4968!t1!d_101!5056!t2!u_102!5060!t2!d_103!5068!c3!u!5105!t2!u_104!5109!t2!d_105!5169!t2!u_106!5261!t2!d_107!5270!i1!u!5313!t2!u_108!5358!t1!u_109!5364!t2!d_110!5371!t2!u_111!5465!t2!d_112!5471!c3!d!5486!t2!u_113!5566!t2!d_114!5572!t2!u_115!5668!t2!d_116!5673!t1!d_117!5714!t2!u_118!5717!i1!d!5721!t2!d_119!5976!t2!u_120!6025!t2!d_121!6077!t2!u_122!6163!t2!d_123!6178!t2!u_124!6254!t2!d_125!6279!t2!u_126!6358!t2!d_127!6380!t2!u_128!6448!t2!d_129!6482!t2!u_130!6577!t2!d_131!6584!t2!u_132!6678!t2!d_133!6685!t2!u_134!6763!t2!d_135!6785!t2!u_136!6832!c1!u!6880!t2!d_137!6887!t2!u_138!6982!t2!d_139!6988!t2!u_140!7083!t2!d_141!7091!i3!u!7139!t1!u_0!7159!t2!u_1!7174!t2!d_2!7190!t2!u_3!7255!c1!d!7279!t2!d_4!7291!t2!u_5!7386!t2!d_6!7392!t2!u_7!7487!t2!d_8!7493!i3!d!7546!r!1647!7549!t1!d_9!7572!t2!u_10!7576!t2!d_11!7584!t2!u_12!7838!t2!d_13!7897!t1!u_14!7911!t2!u_15!7977!t2!d_16!7998!t2!u_17!8060!t2!d_18!8099!t2!u_19!8145!t2!d_20!8200!map!u!8217!t2!u_21!8254!t2!d_22!8301!t1!d_23!8312!t2!u_24!8393!t2!d_25!8402!t2!u_26!8463!t2!d_27!8505!t2!u_28!8588!t2!d_29!8603!t1!u_30!8646!t2!u_31!8650!c3!u!8701!t2!d_32!8704!map!d!8725!t2!u_33!8799!t2!d_34!8805!t2!u_35!8899!t2!d_36!8908!i4!u!8958!t2!u_37!9000!t2!d_38!9006!t1!d_39!9026!t2!u_40!9101!t2!d_41!9107!c3!d!9127!t2!u_42!9201!t2!d_43!9208!t2!u_44!9254!t2!d_45!9308!HIP!u!9339!t2!u_46!9358!i4!d!9364!t1!u_47!9373!t2!d_48!9611!t2!u_49!9652!t2!d_50!9712!t2!u_51!9787!t2!d_52!9813!t2!u_53!9908!t2!d_54!9915!t2!u_55!10010!t2!d_56!10016!t2!u_57!10077!t2!d_58!10118!t2!u_59!10213!t2!d_60!10219!t2!u_61!10315!t2!d_62!10321!HIP!d!10353!t2!u_63!10389!t2!d_64!10422!t2!u_65!10470!c1!u!10518!t2!d_66!10524!t2!u_67!10587!t2!d_68!10625!t2!u_69!10691!t2!d_70!10727!i2!u!10744!t2!u_71!10822!t2!d_72!10828!t1!d_73!10858!t2!u_74!10921!t2!d_75!10929!c1!d!10940!t2!u_76!11024!t2!d_77!11031!t2!u_78!11126!t2!d_79!11132!i2!d!11150!t2!u_80!11217!t2!d_81!11224!t1!u_82!11241!t2!u_83!11477!t2!d_84!11538!t2!u_85!11587!t1!d_86!11618!t2!d_87!11639!t2!u_88!11691!t2!d_89!11741!t2!u_90!11835!t2!d_91!11842!t2!u_92!11920!t2!d_93!11944!t1!u_94!11960!t2!u_95!12024!t2!d_96!12043!t2!u_97!12120!t2!d_98!12144!t2!u_99!12239!t2!d_100!12247!t2!u_101!12304!t1!d_102!12327!t2!d_103!12347!c3!u!12375!t2!u_104!12411!t2!d_105!12448!t2!u_106!12542!t2!d_107!12551!i1!u!12595!t1!u_108!12638!t2!u_109!12642!t2!d_110!12649!t2!u_111!12691!c3!d!12710!t2!d_112!12750!t2!u_113!12845!t2!d_114!12851!t2!u_115!12921!t2!d_116!12952!t1!d_117!12995!t2!u_118!12999!i1!d!13002!t2!d_119!13256!t2!u_120!13351!
Thu Jul 16 08:00:46 EDT 2015<EOT>: Sending [0, 1, 71, 58, -70, 59, -66]
Thu Jul 16 08:00:46 EDT 2015<EOT>: Waiting for 2 byte(s): text header
Thu Jul 16 08:00:46 EDT 2015<EOT>: Waiting for 334 byte(s): text body
Thu Jul 16 08:00:46 EDT 2015<EOT>: time,110.283,rpm,1649,ENGINE_LOAD,24.48,MAP,24.48,afr,10.00,vss,0.00,ks,0.00,kv,2.38,vbatt,12.44,TP,0.00,CLT,21.23,MAT,21.39,ckp_c,28929,fuel_base,2.75,fuel_lag,1.00,fuel,4.08,timing,21.75,duty0,NaN,dwell0,0.00,total_dwell0,0.00,period0,0.00,advance0,682.000,duty1,NaN,dwell1,0.00,total_dwell1,0.00,period1,0.00,advance1,682.000,
Thu Jul 16 08:00:46 EDT 2015<EOT>: Sending [0, 1, 71, 58, -70, 59, -66]
Thu Jul 16 08:00:46 EDT 2015<EOT>: Waiting for 2 byte(s): text header
Thu Jul 16 08:00:46 EDT 2015<EOT>: Waiting for 5 byte(s): text body
Thu Jul 16 08:00:46 EDT 2015<EOT>: Sending [0, 1, 71, 58, -70, 59, -66]
Thu Jul 16 08:00:46 EDT 2015<EOT>: Waiting for 2 byte(s): text header
Thu Jul 16 08:00:46 EDT 2015<EOT>: Waiting for 334 byte(s): text body
Thu Jul 16 08:00:46 EDT 2015<EOT>: time,110.485,rpm,1650,ENGINE_LOAD,24.62,MAP,24.62,afr,10.00,vss,0.00,ks,0.00,kv,2.38,vbatt,12.83,TP,0.00,CLT,21.25,MAT,21.41,ckp_c,29320,fuel_base,2.76,fuel_lag,1.00,fuel,4.09,timing,21.74,duty0,NaN,dwell0,0.00,total_dwell0,0.00,period0,0.00,advance0,682.000,duty1,NaN,dwell1,0.00,total_dwell1,0.00,period1,0.00,advance1,682.000,
Thu Jul 16 08:00:46 EDT 2015<EOT>: Sending [0, 1, 71, 58, -70, 59, -66]
Thu Jul 16 08:00:46 EDT 2015<EOT>: Waiting for 2 byte(s): text header
Thu Jul 16 08:00:46 EDT 2015<EOT>: Waiting for 5 byte(s): text body
Thu Jul 16 08:00:46 EDT 2015<EOT>: Sending [0, 1, 71, 58, -70, 59, -66]
Thu Jul 16 08:00:46 EDT 2015<EOT>: Waiting for 2 byte(s): text header
Thu Jul 16 08:00:46 EDT 2015<EOT>: Waiting for 333 byte(s): text body
Thu Jul 16 08:00:46 EDT 2015<EOT>: time,110.685,rpm,1658,ENGINE_LOAD,24.52,MAP,24.52,afr,9.99,vss,0.00,ks,0.00,kv,2.38,vbatt,12.47,TP,0.00,CLT,21.28,MAT,21.65,ckp_c,29717,fuel_base,2.76,fuel_lag,1.00,fuel,4.08,timing,21.74,duty0,NaN,dwell0,0.00,total_dwell0,0.00,period0,0.00,advance0,682.000,duty1,NaN,dwell1,0.00,total_dwell1,0.00,period1,0.00,advance1,682.000,
Thu Jul 16 08:00:46 EDT 2015<EOT>: Sending [0, 1, 71, 58, -70, 59, -66]
Thu Jul 16 08:00:46 EDT 2015<EOT>: Waiting for 2 byte(s): text header
Thu Jul 16 08:00:46 EDT 2015<EOT>: Waiting for 5 byte(s): text body
Thu Jul 16 08:00:47 EDT 2015<EOT>: Sending [0, 1, 71, 58, -70, 59, -66]
Thu Jul 16 08:00:47 EDT 2015<EOT>: Waiting for 2 byte(s): text header
Thu Jul 16 08:00:47 EDT 2015<EOT>: Waiting for 334 byte(s): text body
Thu Jul 16 08:00:47 EDT 2015<EOT>: time,110.887,rpm,1671,ENGINE_LOAD,24.57,MAP,24.57,afr,10.01,vss,0.00,ks,0.00,kv,2.41,vbatt,12.97,TP,0.00,CLT,21.18,MAT,19.84,ckp_c,30112,fuel_base,2.78,fuel_lag,1.00,fuel,4.10,timing,21.76,duty0,NaN,dwell0,0.00,total_dwell0,0.00,period0,0.00,advance0,682.000,duty1,NaN,dwell1,0.00,total_dwell1,0.00,period1,0.00,advance1,682.000,
Thu Jul 16 08:00:47 EDT 2015<EOT>: Sending [0, 1, 71, 58, -70, 59, -66]
Thu Jul 16 08:00:47 EDT 2015<EOT>: Waiting for 2 byte(s): text header
Thu Jul 16 08:00:47 EDT 2015<EOT>: Waiting for 5 byte(s): text body
Thu Jul 16 08:00:47 EDT 2015<EOT>: Sending [0, 1, 71, 58, -70, 59, -66]
Thu Jul 16 08:00:47 EDT 2015<EOT>: Waiting for 2 byte(s): text header
Thu Jul 16 08:00:47 EDT 2015<EOT>: Waiting for 549 byte(s): text body
Thu Jul 16 08:00:47 EDT 2015<EOT>: time,111.087,rpm,1672,ENGINE_LOAD,24.42,MAP,24.42,afr,10.00,vss,0.00,ks,0.00,kv,2.47,vbatt,13.08,TP,0.00,CLT,21.25,MAT,19.68,rusEfiVersion,20150713@8529 Neon03,outpin,t1@PA5,outpin,t2@PC6,outpin,input1@NONE,outpin,input2@NONE,outpin,c1@PC9,outpin,i1@PB8,outpin,c2@NONE,outpin,i2@PB9,outpin,c3@PE8,outpin,i3@PE2,outpin,c4@NONE,outpin,i4@PB7,ckp_c,30511,fuel_base,2.77,fuel_lag,1.00,fuel,4.09,timing,21.74,duty0,NaN,dwell0,0.00,total_dwell0,0.00,period0,0.00,advance0,682.000,duty1,NaN,dwell1,0.00,total_dwell1,0.00,period1,0.00,advance1,682.000,
Thu Jul 16 08:00:47 EDT 2015<EOT>: Sending [0, 1, 71, 58, -70, 59, -66]
Thu Jul 16 08:00:47 EDT 2015<EOT>: Waiting for 2 byte(s): text header
Thu Jul 16 08:00:47 EDT 2015<EOT>: Waiting for 3917 byte(s): text body
Thu Jul 16 08:00:47 EDT 2015<EOT>: wave_chart,i1!u!0!t2!u_108!85!t1!u_109!89!t2!d_110!93!t2!u_111!187!t2!d_112!193!c3!d!205!t2!u_113!281!t2!d_114!294!t2!u_115!379!t2!d_116!396!i1!d!406!t1!d_117!447!t2!u_118!451!t2!d_119!700!t2!u_120!792!t2!d_121!802!t2!u_122!849!t2!d_123!903!t2!u_124!948!t2!d_125!1006!t2!u_126!1068!t2!d_127!1106!t2!u_128!1148!t2!d_129!1208!t2!u_130!1280!t2!d_131!1309!t2!u_132!1379!t2!d_133!1410!t2!u_134!1477!t2!d_135!1512!t2!u_136!1599!t2!d_137!1614!c1!u!1647!t2!u_138!1709!t2!d_139!1715!t2!u_140!1810!t2!d_141!1818!i3!u!1867!t1!u_0!1890!t2!u_1!1905!t2!d_2!1917!t2!u_3!2012!t2!d_4!2018!c1!d!2036!t2!u_5!2065!t2!d_6!2121!t2!u_7!2162!t2!d_8!2221!i3!d!2274!t2!u_9!2280!r!1637!2284!t1!d_10!2295!t2!d_11!2312!t2!u_12!2613!t2!d_13!2627!t1!u_14!2641!t2!u_15!2712!t2!d_16!2728!t2!u_17!2823!t2!d_18!2830!t2!u_19!2925!t2!d_20!2931!map!u!2954!t2!u_21!3027!t2!d_22!3033!t1!d_23!3046!t2!u_24!3121!t2!d_25!3135!t2!u_26!3193!t2!d_27!3236!t2!u_28!3280!t2!d_29!3338!t1!u_30!3379!t2!u_31!3383!c3!u!3435!t2!d_32!3439!map!d!3464!t2!u_33!3526!t2!d_34!3540!t2!u_35!3613!t2!d_36!3642!i4!u!3652!t2!u_37!3737!t2!d_38!3743!t1!d_39!3763!t2!u_40!3838!t2!d_41!3844!c3!d!3864!t2!u_42!3940!t2!d_43!3946!t2!u_44!4041!t2!d_45!4047!i4!d!4061!HIP!u!4074!t2!u_46!4114!t1!u_47!4118!t2!d_48!4353!t2!u_49!4433!t2!d_50!4454!t2!u_51!4526!t2!d_52!4555!t2!u_53!4613!t2!d_54!4657!t2!u_55!4712!t2!d_56!4758!t2!u_57!4853!t2!d_58!4860!t2!u_59!4928!t2!d_60!4960!t2!u_61!5038!t2!d_62!5062!HIP!d!5090!t2!u_63!5140!t2!d_64!5163!t2!u_65!5258!t2!d_66!5264!c1!u!5308!t2!u_67!5318!t2!d_68!5366!t2!u_69!5461!t2!d_70!5469!i2!u!5517!t2!u_71!5562!t2!d_72!5568!t1!d_73!5604!t2!u_74!5618!c1!d!5638!t2!d_75!5669!t2!u_76!5712!t2!d_77!5770!t2!u_78!5863!t2!d_79!5871!i2!d!5924!t2!u_80!5939!t2!d_81!5963!t1!u_82!5986!t2!u_83!6270!t2!d_84!6276!t1!d_85!6358!t2!u_86!6362!t2!d_87!6376!t2!u_88!6423!t2!d_89!6477!t2!u_90!6572!t2!d_91!6578!t2!u_92!6649!t2!d_93!6678!t1!u_94!6702!t2!u_95!6732!t2!d_96!6780!t2!u_97!6873!t2!d_98!6880!t2!u_99!6939!t2!d_100!6981!t2!u_101!7045!t1!d_102!7064!t2!d_103!7082!c3!u!7112!t2!u_104!7150!t2!d_105!7182!t2!u_106!7272!t2!d_107!7283!i1!u!7292!t1!u_108!7371!t2!u_109!7375!t2!d_110!7383!t2!u_111!7478!t2!d_112!7484!c3!d!7497!t2!u_113!7578!t2!d_114!7585!t2!u_115!7679!t2!d_116!7685!i1!d!7699!t1!d_117!7720!t2!u_118!7810!t2!d_119!7987!t2!u_120!8030!t2!d_121!8088!t2!u_122!8166!t2!d_123!8190!t2!u_124!8242!t2!d_125!8290!t2!u_126!8369!t2!d_127!8392!t2!u_128!8487!t2!d_129!8493!t2!u_130!8588!t2!d_131!8594!t2!u_132!8689!t2!d_133!8696!t2!u_134!8769!t2!d_135!8796!t2!u_136!8891!t2!d_137!8898!t2!u_138!8939!c1!u!8942!t2!d_139!8998!t2!u_140!9045!t2!d_141!9099!i3!u!9105!t1!u_0!9165!t2!u_1!9181!t2!d_2!9200!t2!u_3!9273!c1!d!9296!t2!d_4!9299!t2!u_5!9396!t2!d_6!9402!t2!u_7!9475!t2!d_8!9503!i3!d!9513!r!1649!9558!t1!d_9!9577!t2!u_10!9581!t2!d_11!9594!t2!u_12!9858!t2!d_13!9907!t1!u_14!9917!t2!u_15!10002!t2!d_16!10008!t2!u_17!10069!t2!d_18!10109!t2!u_19!10192!t2!d_20!10210!map!u!10222!t2!u_21!10272!t2!d_22!10311!t1!d_23!10319!t2!u_24!10378!t2!d_25!10412!t2!u_26!10454!t2!d_27!10513!t2!u_28!10605!t2!d_29!10614!t1!u_30!10654!t2!u_31!10658!t2!d_32!10714!c3!u!10721!map!d!10729!t2!u_33!10809!t2!d_34!10816!t2!u_35!10910!t2!d_36!10918!i4!u!10967!t2!u_37!11011!t2!d_38!11017!t1!d_39!11033!t2!u_40!11112!t2!d_41!11117!c3!d!11138!t2!u_42!11212!t2!d_43!11218!t2!u_44!11272!t2!d_45!11319!HIP!u!11356!i4!d!11376!t2!u_46!11379!t1!u_47!11385!t2!d_48!11622!t2!u_49!11711!t2!d_50!11724!t2!u_51!11818!t2!d_52!11824!t2!u_53!11892!t2!d_54!11926!t2!u_55!12021!t2!d_56!12027!t2!u_57!12123!t2!d_58!12129!t2!u_59!12224!t2!d_60!12231!t2!u_61!12272!t2!d_62!12333!HIP!d!12375!t2!u_63!12417!t2!d_64!12434!t2!u_65!12530!t2!d_66!12536!c1!u!12580!t2!u_67!12605!t2!d_68!12638!t2!u_69!12711!t2!d_70!12739!i2!u!12763!t2!u_71!12834!t2!d_72!12840!t1!d_73!12874!t2!u_74!12936!t2!d_75!12942!c1!d!12955!t2!u_76!13037!t2!d_77!13045!t2!u_78!13139!t2!d_79!13145!i2!d!13171!t2!u_80!13193!t2!d_81!13237!t1!u_82!13256!,
Thu Jul 16 08:00:47 EDT 2015<EOT>: : i1!u!0!t2!u_108!85!t1!u_109!89!t2!d_110!93!t2!u_111!187!t2!d_112!193!c3!d!205!t2!u_113!281!t2!d_114!294!t2!u_115!379!t2!d_116!396!i1!d!406!t1!d_117!447!t2!u_118!451!t2!d_119!700!t2!u_120!792!t2!d_121!802!t2!u_122!849!t2!d_123!903!t2!u_124!948!t2!d_125!1006!t2!u_126!1068!t2!d_127!1106!t2!u_128!1148!t2!d_129!1208!t2!u_130!1280!t2!d_131!1309!t2!u_132!1379!t2!d_133!1410!t2!u_134!1477!t2!d_135!1512!t2!u_136!1599!t2!d_137!1614!c1!u!1647!t2!u_138!1709!t2!d_139!1715!t2!u_140!1810!t2!d_141!1818!i3!u!1867!t1!u_0!1890!t2!u_1!1905!t2!d_2!1917!t2!u_3!2012!t2!d_4!2018!c1!d!2036!t2!u_5!2065!t2!d_6!2121!t2!u_7!2162!t2!d_8!2221!i3!d!2274!t2!u_9!2280!r!1637!2284!t1!d_10!2295!t2!d_11!2312!t2!u_12!2613!t2!d_13!2627!t1!u_14!2641!t2!u_15!2712!t2!d_16!2728!t2!u_17!2823!t2!d_18!2830!t2!u_19!2925!t2!d_20!2931!map!u!2954!t2!u_21!3027!t2!d_22!3033!t1!d_23!3046!t2!u_24!3121!t2!d_25!3135!t2!u_26!3193!t2!d_27!3236!t2!u_28!3280!t2!d_29!3338!t1!u_30!3379!t2!u_31!3383!c3!u!3435!t2!d_32!3439!map!d!3464!t2!u_33!3526!t2!d_34!3540!t2!u_35!3613!t2!d_36!3642!i4!u!3652!t2!u_37!3737!t2!d_38!3743!t1!d_39!3763!t2!u_40!3838!t2!d_41!3844!c3!d!3864!t2!u_42!3940!t2!d_43!3946!t2!u_44!4041!t2!d_45!4047!i4!d!4061!HIP!u!4074!t2!u_46!4114!t1!u_47!4118!t2!d_48!4353!t2!u_49!4433!t2!d_50!4454!t2!u_51!4526!t2!d_52!4555!t2!u_53!4613!t2!d_54!4657!t2!u_55!4712!t2!d_56!4758!t2!u_57!4853!t2!d_58!4860!t2!u_59!4928!t2!d_60!4960!t2!u_61!5038!t2!d_62!5062!HIP!d!5090!t2!u_63!5140!t2!d_64!5163!t2!u_65!5258!t2!d_66!5264!c1!u!5308!t2!u_67!5318!t2!d_68!5366!t2!u_69!5461!t2!d_70!5469!i2!u!5517!t2!u_71!5562!t2!d_72!5568!t1!d_73!5604!t2!u_74!5618!c1!d!5638!t2!d_75!5669!t2!u_76!5712!t2!d_77!5770!t2!u_78!5863!t2!d_79!5871!i2!d!5924!t2!u_80!5939!t2!d_81!5963!t1!u_82!5986!t2!u_83!6270!t2!d_84!6276!t1!d_85!6358!t2!u_86!6362!t2!d_87!6376!t2!u_88!6423!t2!d_89!6477!t2!u_90!6572!t2!d_91!6578!t2!u_92!6649!t2!d_93!6678!t1!u_94!6702!t2!u_95!6732!t2!d_96!6780!t2!u_97!6873!t2!d_98!6880!t2!u_99!6939!t2!d_100!6981!t2!u_101!7045!t1!d_102!7064!t2!d_103!7082!c3!u!7112!t2!u_104!7150!t2!d_105!7182!t2!u_106!7272!t2!d_107!7283!i1!u!7292!t1!u_108!7371!t2!u_109!7375!t2!d_110!7383!t2!u_111!7478!t2!d_112!7484!c3!d!7497!t2!u_113!7578!t2!d_114!7585!t2!u_115!7679!t2!d_116!7685!i1!d!7699!t1!d_117!7720!t2!u_118!7810!t2!d_119!7987!t2!u_120!8030!t2!d_121!8088!t2!u_122!8166!t2!d_123!8190!t2!u_124!8242!t2!d_125!8290!t2!u_126!8369!t2!d_127!8392!t2!u_128!8487!t2!d_129!8493!t2!u_130!8588!t2!d_131!8594!t2!u_132!8689!t2!d_133!8696!t2!u_134!8769!t2!d_135!8796!t2!u_136!8891!t2!d_137!8898!t2!u_138!8939!c1!u!8942!t2!d_139!8998!t2!u_140!9045!t2!d_141!9099!i3!u!9105!t1!u_0!9165!t2!u_1!9181!t2!d_2!9200!t2!u_3!9273!c1!d!9296!t2!d_4!9299!t2!u_5!9396!t2!d_6!9402!t2!u_7!9475!t2!d_8!9503!i3!d!9513!r!1649!9558!t1!d_9!9577!t2!u_10!9581!t2!d_11!9594!t2!u_12!9858!t2!d_13!9907!t1!u_14!9917!t2!u_15!10002!t2!d_16!10008!t2!u_17!10069!t2!d_18!10109!t2!u_19!10192!t2!d_20!10210!map!u!10222!t2!u_21!10272!t2!d_22!10311!t1!d_23!10319!t2!u_24!10378!t2!d_25!10412!t2!u_26!10454!t2!d_27!10513!t2!u_28!10605!t2!d_29!10614!t1!u_30!10654!t2!u_31!10658!t2!d_32!10714!c3!u!10721!map!d!10729!t2!u_33!10809!t2!d_34!10816!t2!u_35!10910!t2!d_36!10918!i4!u!10967!t2!u_37!11011!t2!d_38!11017!t1!d_39!11033!t2!u_40!11112!t2!d_41!11117!c3!d!11138!t2!u_42!11212!t2!d_43!11218!t2!u_44!11272!t2!d_45!11319!HIP!u!11356!i4!d!11376!t2!u_46!11379!t1!u_47!11385!t2!d_48!11622!t2!u_49!11711!t2!d_50!11724!t2!u_51!11818!t2!d_52!11824!t2!u_53!11892!t2!d_54!11926!t2!u_55!12021!t2!d_56!12027!t2!u_57!12123!t2!d_58!12129!t2!u_59!12224!t2!d_60!12231!t2!u_61!12272!t2!d_62!12333!HIP!d!12375!t2!u_63!12417!t2!d_64!12434!t2!u_65!12530!t2!d_66!12536!c1!u!12580!t2!u_67!12605!t2!d_68!12638!t2!u_69!12711!t2!d_70!12739!i2!u!12763!t2!u_71!12834!t2!d_72!12840!t1!d_73!12874!t2!u_74!12936!t2!d_75!12942!c1!d!12955!t2!u_76!13037!t2!d_77!13045!t2!u_78!13139!t2!d_79!13145!i2!d!13171!t2!u_80!13193!t2!d_81!13237!t1!u_82!13256!
Thu Jul 16 08:00:47 EDT 2015<EOT>: Sending [0, 1, 71, 58, -70, 59, -66]
Thu Jul 16 08:00:47 EDT 2015<EOT>: Waiting for 2 byte(s): text header
Thu Jul 16 08:00:47 EDT 2015<EOT>: Waiting for 334 byte(s): text body
Thu Jul 16 08:00:47 EDT 2015<EOT>: time,111.289,rpm,1694,ENGINE_LOAD,24.11,MAP,24.11,afr,10.00,vss,0.00,ks,0.00,kv,2.38,vbatt,13.06,TP,0.00,CLT,21.31,MAT,19.47,ckp_c,30914,fuel_base,2.75,fuel_lag,1.00,fuel,4.08,timing,21.73,duty0,NaN,dwell0,0.00,total_dwell0,0.00,period0,0.00,advance0,682.000,duty1,NaN,dwell1,0.00,total_dwell1,0.00,period1,0.00,advance1,682.000,
Thu Jul 16 08:00:47 EDT 2015<EOT>: Sending [0, 1, 71, 58, -70, 59, -66]
Thu Jul 16 08:00:47 EDT 2015<EOT>: Waiting for 2 byte(s): text header
Thu Jul 16 08:00:47 EDT 2015<EOT>: Waiting for 5 byte(s): text body
Thu Jul 16 08:00:47 EDT 2015<EOT>: Sending [0, 1, 71, 58, -70, 59, -66]
Thu Jul 16 08:00:47 EDT 2015<EOT>: Waiting for 2 byte(s): text header
Thu Jul 16 08:00:47 EDT 2015<EOT>: Waiting for 2440 byte(s): text body
Thu Jul 16 08:00:47 EDT 2015<EOT>: time,111.489,rpm,1693,ENGINE_LOAD,24.11,MAP,24.11,afr,10.00,vss,0.00,ks,0.00,kv,2.42,vbatt,12.98,TP,0.00,CLT,21.18,MAT,19.92,ckp_c,31318,fuel_base,2.75,fuel_lag,1.00,fuel,4.08,timing,21.76,duty0,NaN,dwell0,0.00,total_dwell0,0.00,period0,0.00,advance0,682.000,duty1,NaN,dwell1,0.00,total_dwell1,0.00,period1,0.00,advance1,682.000,analog_chart,0.00|0.00|1.44|3001.00|2.28|2002.00|6.74|3003.00|12.28|2004.00|18.42|3005.00|22.31|2006.00|31.69|3007.00|32.31|2008.00|40.59|3009.00|41.17|10.00|41.74|2011.00|66.38|3012.00|72.40|2013.00|74.22|1014.00|81.70|3015.00|82.32|2016.00|91.57|3017.00|92.28|2018.00|101.64|3019.00|102.27|2020.00|108.31|3021.00|112.21|2022.00|113.71|23.00|120.13|3024.00|122.19|2025.00|129.30|3026.00|132.18|2027.00|137.14|3028.00|142.14|2029.00|146.60|1030.00|147.19|3031.00|152.09|2032.00|161.43|3033.00|162.06|2034.00|171.37|3035.00|172.41|2036.00|176.02|3037.00|181.94|2038.00|184.32|39.00|187.71|3040.00|191.87|2041.00|200.36|3042.00|201.84|2043.00|209.86|3044.00|211.78|2045.00|218.94|1046.00|219.52|3047.00|241.76|2048.00|251.10|3049.00|251.68|2050.00|261.08|3051.00|261.70|2052.00|269.51|3053.00|271.73|2054.00|276.06|3055.00|281.77|2056.00|289.28|3057.00|291.80|2058.00|301.21|3059.00|301.84|2060.00|311.24|3061.00|311.87|2062.00|320.26|3063.00|321.90|2064.00|331.30|3065.00|332.03|2066.00|341.32|3067.00|341.92|2068.00|351.33|3069.00|352.36|2070.00|356.99|3071.00|361.95|2072.00|366.18|73.00|366.75|3074.00|371.98|2075.00|379.18|3076.00|381.95|2077.00|386.47|3078.00|392.14|2079.00|399.02|3080.00|401.01|2081.00|403.45|1082.00|431.37|3083.00|432.02|2084.00|440.54|85.00|441.12|3086.00|441.99|2087.00|446.88|3088.00|452.00|2089.00|458.60|3090.00|462.02|2091.00|471.38|3092.00|472.01|2093.00|475.22|1094.00|481.39|3095.00|482.03|2096.00|491.39|3097.00|492.02|2098.00|496.68|3099.00|502.01|2100.00|510.79|101.00|511.37|3102.00|512.26|2103.00|515.95|3104.00|521.96|2105.00|531.33|3106.00|532.56|2107.00|541.25|1108.00|541.85|3109.00|542.44|2110.00|549.78|3111.00|551.87|2112.00|560.15|3113.00|561.88|2114.00|571.23|3115.00|571.86|2116.00|575.86|117.00|576.45|3118.00|601.82|2119.00|607.65|3120.00|611.84|2121.00|617.48|3122.00|621.84|2123.00|627.84|3124.00|631.87|2125.00|636.28|3126.00|641.88|2127.00|651.30|3128.00|651.94|2129.00|661.33|3130.00|662.17|2131.00|670.72|3132.00|671.97|2133.00|681.38|3134.00|682.02|2135.00|687.11|3136.00|692.02|2137.00|701.41|3138.00|702.06|2139.00|711.41|3140.00|712.46|2141.00|,
Thu Jul 16 08:00:47 EDT 2015<EOT>: Analog chart from 0.0 to 712.46
Thu Jul 16 08:00:47 EDT 2015<EOT>: Sending [0, 1, 71, 58, -70, 59, -66]
Thu Jul 16 08:00:47 EDT 2015<EOT>: Waiting for 2 byte(s): text header
Thu Jul 16 08:00:47 EDT 2015<EOT>: Waiting for 5 byte(s): text body
Thu Jul 16 08:00:47 EDT 2015<EOT>: Sending [0, 1, 71, 58, -70, 59, -66]
Thu Jul 16 08:00:47 EDT 2015<EOT>: Waiting for 2 byte(s): text header
Thu Jul 16 08:00:47 EDT 2015<EOT>: Waiting for 334 byte(s): text body
Thu Jul 16 08:00:47 EDT 2015<EOT>: time,111.691,rpm,1692,ENGINE_LOAD,24.19,MAP,24.19,afr,10.52,vss,0.00,ks,0.00,kv,2.40,vbatt,12.83,TP,0.00,CLT,21.39,MAT,20.55,ckp_c,31718,fuel_base,2.76,fuel_lag,1.00,fuel,4.08,timing,21.72,duty0,NaN,dwell0,0.00,total_dwell0,0.00,period0,0.00,advance0,682.000,duty1,NaN,dwell1,0.00,total_dwell1,0.00,period1,0.00,advance1,682.000,
Thu Jul 16 08:00:47 EDT 2015<EOT>: Sending [0, 1, 71, 58, -70, 59, -66]
Thu Jul 16 08:00:47 EDT 2015<EOT>: Waiting for 2 byte(s): text header
Thu Jul 16 08:00:47 EDT 2015<EOT>: Waiting for 5 byte(s): text body
Thu Jul 16 08:00:48 EDT 2015<EOT>: Sending [0, 1, 71, 58, -70, 59, -66]
Thu Jul 16 08:00:48 EDT 2015<EOT>: Waiting for 2 byte(s): text header
Thu Jul 16 08:00:48 EDT 2015<EOT>: Waiting for 334 byte(s): text body
Thu Jul 16 08:00:48 EDT 2015<EOT>: time,111.891,rpm,1693,ENGINE_LOAD,24.16,MAP,24.16,afr,10.00,vss,0.00,ks,0.00,kv,2.38,vbatt,12.95,TP,0.00,CLT,21.25,MAT,19.50,ckp_c,32124,fuel_base,2.77,fuel_lag,1.00,fuel,4.09,timing,21.74,duty0,NaN,dwell0,0.00,total_dwell0,0.00,period0,0.00,advance0,682.000,duty1,NaN,dwell1,0.00,total_dwell1,0.00,period1,0.00,advance1,682.000,
Thu Jul 16 08:00:48 EDT 2015<EOT>: Sending [0, 1, 71, 58, -70, 59, -66]
Thu Jul 16 08:00:48 EDT 2015<EOT>: Waiting for 2 byte(s): text header
Thu Jul 16 08:00:48 EDT 2015<EOT>: Waiting for 44 byte(s): text body
Thu Jul 16 08:00:48 EDT 2015<EOT>: msg,WARNING: unexpected eventIndex=142,
Thu Jul 16 08:00:48 EDT 2015<EOT>: postMessage EngineState: WARNING: unexpected eventIndex=142
Thu Jul 16 08:00:48 EDT 2015<EOT>: Sending [0, 1, 71, 58, -70, 59, -66]
Thu Jul 16 08:00:48 EDT 2015<EOT>: Waiting for 2 byte(s): text header
Thu Jul 16 08:00:48 EDT 2015<EOT>: Waiting for 334 byte(s): text body
Thu Jul 16 08:00:48 EDT 2015<EOT>: time,112.093,rpm,1687,ENGINE_LOAD,24.28,MAP,24.28,afr,10.00,vss,0.00,ks,0.00,kv,2.50,vbatt,13.04,TP,0.00,CLT,21.15,MAT,19.47,ckp_c,32526,fuel_base,2.77,fuel_lag,1.00,fuel,4.09,timing,21.76,duty0,NaN,dwell0,0.00,total_dwell0,0.00,period0,0.00,advance0,682.000,duty1,NaN,dwell1,0.00,total_dwell1,0.00,period1,0.00,advance1,682.000,
Thu Jul 16 08:00:48 EDT 2015<EOT>: Sending [0, 1, 71, 58, -70, 59, -66]
Thu Jul 16 08:00:48 EDT 2015<EOT>: Waiting for 2 byte(s): text header
Thu Jul 16 08:00:48 EDT 2015<EOT>: Waiting for 3921 byte(s): text body
Thu Jul 16 08:00:48 EDT 2015<EOT>: wave_chart,t2!u_83!0!t2!d_84!21!t2!u_85!95!t1!d_86!101!t2!d_87!119!t2!u_88!161!t2!d_89!217!t2!u_90!309!t2!d_91!315!t2!u_92!369!t2!d_93!413!t1!u_94!437!t2!u_95!484!t2!d_96!511!t2!u_97!571!t2!d_98!609!t2!u_99!659!t2!d_100!708!t2!u_101!782!t1!d_102!790!t2!d_103!805!c3!u!830!t2!u_104!898!t2!d_105!904!t2!u_106!995!t2!d_107!1005!i1!u!1036!t1!u_108!1092!t2!u_109!1095!t2!d_110!1099!t2!u_111!1191!t2!d_112!1197!c3!d!1209!t2!u_113!1238!t2!d_114!1295!t2!u_115!1348!t2!d_116!1393!t1!d_117!1437!t2!u_118!1440!i1!d!1446!t2!d_119!1687!t2!u_120!1754!t2!d_121!1785!t2!u_122!1827!t2!d_123!1883!t2!u_124!1977!t2!d_125!1982!t2!u_126!2074!t2!d_127!2080!t2!u_128!2161!t2!d_129!2179!t2!u_130!2238!t2!d_131!2277!t2!u_132!2347!t2!d_133!2375!t2!u_134!2468!t2!d_135!2474!t2!u_136!2566!t2!d_137!2572!c1!u!2608!t2!u_138!2664!t2!d_139!2670!t2!u_140!2762!t2!d_141!2771!i3!u!2806!t1!u_0!2839!t2!u_1!2855!t2!d_2!2866!t2!u_3!2904!c1!d!2927!t2!d_4!2964!t2!u_5!3056!t2!d_6!3062!t2!u_7!3114!t2!d_8!3161!i3!d!3215!r!1694!3222!t1!d_9!3228!t2!u_10!3231!t2!d_11!3249!t2!u_12!3523!t2!d_13!3553!t1!u_14!3560!t2!u_15!3645!t2!d_16!3651!t2!u_17!3743!t2!d_18!3751!t2!u_19!3790!t2!d_20!3847!map!u!3871!t2!u_21!3904!t2!d_22!3946!t1!d_23!3955!t2!u_24!4014!t2!d_25!4044!t2!u_26!4122!t2!d_27!4143!t2!u_28!4235!t2!d_29!4241!t1!u_30!4277!t2!u_31!4324!t2!d_32!4341!c3!u!4364!map!d!4365!t2!u_33!4431!t2!d_34!4437!t2!u_35!4529!t2!d_36!4538!i4!u!4572!t2!u_37!4627!t2!d_38!4633!t1!d_39!4647!t2!u_40!4725!t2!d_41!4732!c3!d!4750!t2!u_42!4823!t2!d_43!4831!t2!u_44!4904!t2!d_45!4928!HIP!u!4971!i4!d!4981!t1!u_46!4987!t2!u_47!4991!t2!d_48!5223!t2!u_49!5315!t2!d_50!5321!t2!u_51!5413!t2!d_52!5419!t2!u_53!5494!t2!d_54!5518!t2!u_55!5571!t2!d_56!5617!t2!u_57!5680!t2!d_58!5716!t2!u_59!5809!t2!d_60!5815!t2!u_61!5880!t2!d_62!5915!HIP!d!5965!t2!u_63!6006!t2!d_64!6014!t2!u_65!6056!c1!u!6094!t2!d_66!6111!t2!u_67!6160!t2!d_68!6209!t2!u_69!6264!i2!u!6302!t2!d_70!6308!t2!u_71!6401!t2!d_72!6407!t1!d_73!6441!t2!u_74!6499!t2!d_75!6505!c1!d!6518!t2!u_76!6598!t2!d_77!6604!t2!u_78!6680!t2!d_79!6704!i2!d!6711!t2!u_80!6785!t2!d_81!6791!t1!u_82!6812!t2!u_83!7072!t2!d_84!7097!t2!u_85!7160!t1!d_86!7178!t2!d_87!7195!t2!u_88!7264!t2!d_89!7294!t2!u_90!7347!t2!d_91!7392!t2!u_92!7463!t2!d_93!7491!t1!u_94!7516!t2!u_95!7534!t2!d_96!7592!t2!u_97!7680!t2!d_98!7688!t2!u_99!7768!t2!d_100!7786!t1!d_101!7871!t2!u_102!7875!t2!d_103!7885!c3!u!7912!t2!u_104!7931!t2!d_105!7983!t2!u_106!8075!t2!d_107!8084!i1!u!8113!t1!u_108!8171!t2!u_109!8175!t2!d_110!8182!t2!u_111!8264!t2!d_112!8278!c3!d!8283!t2!u_113!8347!t2!d_114!8376!t2!u_115!8430!t2!d_116!8475!t1!d_117!8518!t2!u_118!8522!i1!d!8525!t2!d_119!8770!t2!u_120!8820!t2!d_121!8869!t2!u_122!8931!t2!d_123!8967!t2!u_124!9013!t2!d_125!9066!t2!u_126!9155!t2!d_127!9165!t2!u_128!9257!t2!d_129!9263!t2!u_130!9332!t2!d_131!9362!t2!u_132!9415!t2!d_133!9461!t2!u_134!9525!t2!d_135!9559!t2!u_136!9598!c1!u!9638!t2!d_137!9658!t2!u_138!9736!t2!d_139!9756!t2!u_140!9849!t2!d_141!9859!i3!u!9890!t1!u_0!9921!t2!u_1!9938!t2!d_2!9954!t2!u_3!10045!t2!d_4!10051!c1!d!10068!t2!u_5!10144!t2!d_6!10151!t2!u_7!10242!t2!d_8!10248!t2!u_9!10291!i3!d!10299!r!1694!10301!t1!d_10!10324!t2!d_11!10337!t2!u_12!10597!t2!d_13!10642!t1!u_14!10655!t2!u_15!10734!t2!d_16!10741!t2!u_17!10805!t2!d_18!10839!t2!u_19!10931!t2!d_20!10937!map!u!10954!t2!u_21!11013!t2!d_22!11035!t1!d_23!11046!t2!u_24!11080!t2!d_25!11134!t2!u_26!11184!t2!d_27!11233!t2!u_28!11275!t2!d_29!11331!t1!u_30!11373!t2!u_31!11377!c3!u!11416!t2!d_32!11429!map!d!11447!t2!u_33!11521!t2!d_34!11527!t2!u_35!11597!t2!d_36!11625!i4!u!11640!t2!u_37!11717!t2!d_38!11723!t1!d_39!11743!t2!u_40!11815!t2!d_41!11821!c3!d!11840!t2!u_42!11913!t2!d_43!11920!t2!u_44!12014!t2!d_45!12018!HIP!u!12038!i4!d!12048!t1!u_46!12087!t2!u_47!12091!t2!d_48!12314!t2!u_49!12387!t2!d_50!12411!t2!u_51!12493!t2!d_52!12510!t2!u_53!12597!t2!d_54!12608!t2!u_55!12657!t2!d_56!12707!t2!u_57!12799!t2!d_58!12805!t2!u_59!12898!t2!d_60!12904!t2!u_61!12996!,
Thu Jul 16 08:00:48 EDT 2015<EOT>: : t2!u_83!0!t2!d_84!21!t2!u_85!95!t1!d_86!101!t2!d_87!119!t2!u_88!161!t2!d_89!217!t2!u_90!309!t2!d_91!315!t2!u_92!369!t2!d_93!413!t1!u_94!437!t2!u_95!484!t2!d_96!511!t2!u_97!571!t2!d_98!609!t2!u_99!659!t2!d_100!708!t2!u_101!782!t1!d_102!790!t2!d_103!805!c3!u!830!t2!u_104!898!t2!d_105!904!t2!u_106!995!t2!d_107!1005!i1!u!1036!t1!u_108!1092!t2!u_109!1095!t2!d_110!1099!t2!u_111!1191!t2!d_112!1197!c3!d!1209!t2!u_113!1238!t2!d_114!1295!t2!u_115!1348!t2!d_116!1393!t1!d_117!1437!t2!u_118!1440!i1!d!1446!t2!d_119!1687!t2!u_120!1754!t2!d_121!1785!t2!u_122!1827!t2!d_123!1883!t2!u_124!1977!t2!d_125!1982!t2!u_126!2074!t2!d_127!2080!t2!u_128!2161!t2!d_129!2179!t2!u_130!2238!t2!d_131!2277!t2!u_132!2347!t2!d_133!2375!t2!u_134!2468!t2!d_135!2474!t2!u_136!2566!t2!d_137!2572!c1!u!2608!t2!u_138!2664!t2!d_139!2670!t2!u_140!2762!t2!d_141!2771!i3!u!2806!t1!u_0!2839!t2!u_1!2855!t2!d_2!2866!t2!u_3!2904!c1!d!2927!t2!d_4!2964!t2!u_5!3056!t2!d_6!3062!t2!u_7!3114!t2!d_8!3161!i3!d!3215!r!1694!3222!t1!d_9!3228!t2!u_10!3231!t2!d_11!3249!t2!u_12!3523!t2!d_13!3553!t1!u_14!3560!t2!u_15!3645!t2!d_16!3651!t2!u_17!3743!t2!d_18!3751!t2!u_19!3790!t2!d_20!3847!map!u!3871!t2!u_21!3904!t2!d_22!3946!t1!d_23!3955!t2!u_24!4014!t2!d_25!4044!t2!u_26!4122!t2!d_27!4143!t2!u_28!4235!t2!d_29!4241!t1!u_30!4277!t2!u_31!4324!t2!d_32!4341!c3!u!4364!map!d!4365!t2!u_33!4431!t2!d_34!4437!t2!u_35!4529!t2!d_36!4538!i4!u!4572!t2!u_37!4627!t2!d_38!4633!t1!d_39!4647!t2!u_40!4725!t2!d_41!4732!c3!d!4750!t2!u_42!4823!t2!d_43!4831!t2!u_44!4904!t2!d_45!4928!HIP!u!4971!i4!d!4981!t1!u_46!4987!t2!u_47!4991!t2!d_48!5223!t2!u_49!5315!t2!d_50!5321!t2!u_51!5413!t2!d_52!5419!t2!u_53!5494!t2!d_54!5518!t2!u_55!5571!t2!d_56!5617!t2!u_57!5680!t2!d_58!5716!t2!u_59!5809!t2!d_60!5815!t2!u_61!5880!t2!d_62!5915!HIP!d!5965!t2!u_63!6006!t2!d_64!6014!t2!u_65!6056!c1!u!6094!t2!d_66!6111!t2!u_67!6160!t2!d_68!6209!t2!u_69!6264!i2!u!6302!t2!d_70!6308!t2!u_71!6401!t2!d_72!6407!t1!d_73!6441!t2!u_74!6499!t2!d_75!6505!c1!d!6518!t2!u_76!6598!t2!d_77!6604!t2!u_78!6680!t2!d_79!6704!i2!d!6711!t2!u_80!6785!t2!d_81!6791!t1!u_82!6812!t2!u_83!7072!t2!d_84!7097!t2!u_85!7160!t1!d_86!7178!t2!d_87!7195!t2!u_88!7264!t2!d_89!7294!t2!u_90!7347!t2!d_91!7392!t2!u_92!7463!t2!d_93!7491!t1!u_94!7516!t2!u_95!7534!t2!d_96!7592!t2!u_97!7680!t2!d_98!7688!t2!u_99!7768!t2!d_100!7786!t1!d_101!7871!t2!u_102!7875!t2!d_103!7885!c3!u!7912!t2!u_104!7931!t2!d_105!7983!t2!u_106!8075!t2!d_107!8084!i1!u!8113!t1!u_108!8171!t2!u_109!8175!t2!d_110!8182!t2!u_111!8264!t2!d_112!8278!c3!d!8283!t2!u_113!8347!t2!d_114!8376!t2!u_115!8430!t2!d_116!8475!t1!d_117!8518!t2!u_118!8522!i1!d!8525!t2!d_119!8770!t2!u_120!8820!t2!d_121!8869!t2!u_122!8931!t2!d_123!8967!t2!u_124!9013!t2!d_125!9066!t2!u_126!9155!t2!d_127!9165!t2!u_128!9257!t2!d_129!9263!t2!u_130!9332!t2!d_131!9362!t2!u_132!9415!t2!d_133!9461!t2!u_134!9525!t2!d_135!9559!t2!u_136!9598!c1!u!9638!t2!d_137!9658!t2!u_138!9736!t2!d_139!9756!t2!u_140!9849!t2!d_141!9859!i3!u!9890!t1!u_0!9921!t2!u_1!9938!t2!d_2!9954!t2!u_3!10045!t2!d_4!10051!c1!d!10068!t2!u_5!10144!t2!d_6!10151!t2!u_7!10242!t2!d_8!10248!t2!u_9!10291!i3!d!10299!r!1694!10301!t1!d_10!10324!t2!d_11!10337!t2!u_12!10597!t2!d_13!10642!t1!u_14!10655!t2!u_15!10734!t2!d_16!10741!t2!u_17!10805!t2!d_18!10839!t2!u_19!10931!t2!d_20!10937!map!u!10954!t2!u_21!11013!t2!d_22!11035!t1!d_23!11046!t2!u_24!11080!t2!d_25!11134!t2!u_26!11184!t2!d_27!11233!t2!u_28!11275!t2!d_29!11331!t1!u_30!11373!t2!u_31!11377!c3!u!11416!t2!d_32!11429!map!d!11447!t2!u_33!11521!t2!d_34!11527!t2!u_35!11597!t2!d_36!11625!i4!u!11640!t2!u_37!11717!t2!d_38!11723!t1!d_39!11743!t2!u_40!11815!t2!d_41!11821!c3!d!11840!t2!u_42!11913!t2!d_43!11920!t2!u_44!12014!t2!d_45!12018!HIP!u!12038!i4!d!12048!t1!u_46!12087!t2!u_47!12091!t2!d_48!12314!t2!u_49!12387!t2!d_50!12411!t2!u_51!12493!t2!d_52!12510!t2!u_53!12597!t2!d_54!12608!t2!u_55!12657!t2!d_56!12707!t2!u_57!12799!t2!d_58!12805!t2!u_59!12898!t2!d_60!12904!t2!u_61!12996!
Thu Jul 16 08:00:48 EDT 2015<EOT>: Sending [0, 1, 71, 58, -70, 59, -66]
Thu Jul 16 08:00:48 EDT 2015<EOT>: Waiting for 2 byte(s): text header
Thu Jul 16 08:00:48 EDT 2015<EOT>: Waiting for 334 byte(s): text body
Thu Jul 16 08:00:48 EDT 2015<EOT>: time,112.293,rpm,1699,ENGINE_LOAD,24.15,MAP,24.15,afr,10.00,vss,0.00,ks,0.00,kv,2.41,vbatt,12.99,TP,0.00,CLT,21.25,MAT,19.68,ckp_c,32929,fuel_base,2.76,fuel_lag,1.00,fuel,4.08,timing,21.74,duty0,NaN,dwell0,0.00,total_dwell0,0.00,period0,0.00,advance0,682.000,duty1,NaN,dwell1,0.00,total_dwell1,0.00,period1,0.00,advance1,682.000,
Thu Jul 16 08:00:48 EDT 2015<EOT>: Sending [0, 1, 71, 58, -70, 59, -66]
Thu Jul 16 08:00:48 EDT 2015<EOT>: Waiting for 2 byte(s): text header
Thu Jul 16 08:00:48 EDT 2015<EOT>: Waiting for 5 byte(s): text body
Thu Jul 16 08:00:48 EDT 2015<EOT>: Sending [0, 1, 71, 58, -70, 59, -66]
Thu Jul 16 08:00:48 EDT 2015<EOT>: Waiting for 2 byte(s): text header
Thu Jul 16 08:00:48 EDT 2015<EOT>: Waiting for 334 byte(s): text body
Thu Jul 16 08:00:48 EDT 2015<EOT>: time,112.495,rpm,1707,ENGINE_LOAD,24.02,MAP,24.02,afr,10.00,vss,0.00,ks,0.00,kv,2.37,vbatt,13.07,TP,0.00,CLT,21.20,MAT,19.32,ckp_c,33338,fuel_base,2.75,fuel_lag,1.00,fuel,4.08,timing,21.75,duty0,NaN,dwell0,0.00,total_dwell0,0.00,period0,0.00,advance0,682.000,duty1,NaN,dwell1,0.00,total_dwell1,0.00,period1,0.00,advance1,682.000,
Thu Jul 16 08:00:48 EDT 2015<EOT>: Sending [0, 1, 71, 58, -70, 59, -66]
Thu Jul 16 08:00:48 EDT 2015<EOT>: Waiting for 2 byte(s): text header
Thu Jul 16 08:00:48 EDT 2015<EOT>: Waiting for 5 byte(s): text body
Thu Jul 16 08:00:48 EDT 2015<EOT>: Sending [0, 1, 71, 58, -70, 59, -66]
Thu Jul 16 08:00:48 EDT 2015<EOT>: Waiting for 2 byte(s): text header
Thu Jul 16 08:00:48 EDT 2015<EOT>: Waiting for 334 byte(s): text body
Thu Jul 16 08:00:48 EDT 2015<EOT>: time,112.695,rpm,1697,ENGINE_LOAD,24.06,MAP,24.06,afr,10.00,vss,0.00,ks,0.00,kv,2.42,vbatt,13.08,TP,0.00,CLT,21.20,MAT,19.37,ckp_c,33738,fuel_base,2.75,fuel_lag,1.00,fuel,4.07,timing,21.75,duty0,NaN,dwell0,0.00,total_dwell0,0.00,period0,0.00,advance0,682.000,duty1,NaN,dwell1,0.00,total_dwell1,0.00,period1,0.00,advance1,682.000,
Thu Jul 16 08:00:48 EDT 2015<EOT>: Sending [0, 1, 71, 58, -70, 59, -66]
Thu Jul 16 08:00:48 EDT 2015<EOT>: Waiting for 2 byte(s): text header
Thu Jul 16 08:00:48 EDT 2015<EOT>: Waiting for 5 byte(s): text body
Thu Jul 16 08:00:49 EDT 2015<EOT>: Sending [0, 1, 71, 58, -70, 59, -66]
Thu Jul 16 08:00:49 EDT 2015<EOT>: Waiting for 2 byte(s): text header
Thu Jul 16 08:00:49 EDT 2015<EOT>: Waiting for 334 byte(s): text body
Thu Jul 16 08:00:49 EDT 2015<EOT>: time,112.897,rpm,1700,ENGINE_LOAD,24.06,MAP,24.06,afr,10.00,vss,0.00,ks,0.00,kv,2.46,vbatt,12.99,TP,0.00,CLT,21.36,MAT,23.52,ckp_c,34145,fuel_base,2.74,fuel_lag,1.00,fuel,4.06,timing,21.72,duty0,NaN,dwell0,0.00,total_dwell0,0.00,period0,0.00,advance0,682.000,duty1,NaN,dwell1,0.00,total_dwell1,0.00,period1,0.00,advance1,682.000,
Thu Jul 16 08:00:49 EDT 2015<EOT>: Sending [0, 1, 71, 58, -70, 59, -66]
Thu Jul 16 08:00:49 EDT 2015<EOT>: Waiting for 2 byte(s): text header
Thu Jul 16 08:00:49 EDT 2015<EOT>: Waiting for 2111 byte(s): text body
Thu Jul 16 08:00:49 EDT 2015<EOT>: analog_chart,0.00|0.00|1.46|3001.00|2.29|2002.00|11.73|3003.00|12.47|2004.00|21.70|3005.00|22.42|2006.00|31.69|3007.00|32.28|2008.00|39.26|9.00|39.82|3010.00|41.35|2011.00|68.39|3012.00|72.63|2013.00|73.21|1014.00|78.63|3015.00|82.41|2016.00|91.32|3017.00|92.45|2018.00|101.82|3019.00|102.47|2020.00|111.84|3021.00|112.47|2022.00|113.31|23.00|121.86|3024.00|122.48|2025.00|126.97|3026.00|132.51|2027.00|141.87|3028.00|142.47|2029.00|145.96|1030.00|148.41|3031.00|152.53|2032.00|159.31|3033.00|162.48|2034.00|171.84|3035.00|172.89|2036.00|181.84|3037.00|182.50|2038.00|183.97|39.00|191.81|3040.00|192.52|2041.00|201.79|3042.00|202.46|2043.00|211.80|3044.00|212.40|2045.00|216.41|3046.00|218.43|1047.00|242.62|2048.00|250.39|3049.00|252.44|2050.00|261.30|3051.00|262.47|2052.00|271.86|3053.00|272.49|2054.00|280.79|3055.00|282.49|2056.00|291.90|3057.00|292.52|2058.00|301.08|3059.00|302.55|2060.00|311.51|3061.00|312.56|2062.00|318.34|3063.00|322.60|2064.00|329.37|3065.00|332.61|2066.00|342.18|3067.00|342.77|2068.00|352.13|3069.00|353.17|2070.00|362.02|3071.00|362.63|2072.00|366.17|73.00|372.00|3074.00|372.86|2075.00|382.00|3076.00|382.67|2077.00|386.81|3078.00|392.59|2079.00|400.99|3080.00|401.62|2081.00|403.67|1082.00|431.28|3083.00|432.56|2084.00|440.92|85.00|441.49|3086.00|442.50|2087.00|451.84|3088.00|452.47|2089.00|461.20|3090.00|462.43|2091.00|471.28|3092.00|472.38|2093.00|474.86|1094.00|479.66|3095.00|482.34|2096.00|488.82|3097.00|492.34|2098.00|499.28|3099.00|502.29|2100.00|510.94|101.00|511.52|3102.00|512.41|2103.00|521.59|3104.00|522.19|2105.00|531.53|3106.00|532.58|2107.00|541.17|1108.00|541.75|3109.00|542.34|2110.00|551.41|3111.00|552.17|2112.00|556.80|3113.00|561.96|2114.00|571.30|3115.00|571.92|2116.00|576.35|117.00|576.94|3118.00|601.77|2119.00|605.95|3120.00|611.74|2121.00|616.25|3122.00|621.72|2123.00|625.85|3124.00|631.67|2125.00|640.98|3126.00|641.64|2127.00|649.69|3128.00|651.54|2129.00|655.81|3130.00|661.50|2131.00|666.60|3132.00|671.46|2133.00|676.13|3134.00|681.39|2135.00|690.70|3136.00|691.44|2137.00|700.64|3138.00|701.27|2139.00|710.56|3140.00|711.60|2141.00|,
Thu Jul 16 08:00:49 EDT 2015<EOT>: Analog chart from 0.0 to 711.6
Thu Jul 16 08:00:49 EDT 2015<EOT>: Sending [0, 1, 71, 58, -70, 59, -66]
Thu Jul 16 08:00:49 EDT 2015<EOT>: Waiting for 2 byte(s): text header
Thu Jul 16 08:00:49 EDT 2015<EOT>: Waiting for 334 byte(s): text body
Thu Jul 16 08:00:49 EDT 2015<EOT>: time,113.097,rpm,1731,ENGINE_LOAD,23.93,MAP,23.93,afr,10.00,vss,0.00,ks,0.00,kv,2.44,vbatt,13.09,TP,0.00,CLT,21.18,MAT,19.68,ckp_c,34554,fuel_base,2.76,fuel_lag,1.00,fuel,4.08,timing,21.76,duty0,NaN,dwell0,0.00,total_dwell0,0.00,period0,0.00,advance0,682.000,duty1,NaN,dwell1,0.00,total_dwell1,0.00,period1,0.00,advance1,682.000,
Thu Jul 16 08:00:49 EDT 2015<EOT>: Sending [0, 1, 71, 58, -70, 59, -66]
Thu Jul 16 08:00:49 EDT 2015<EOT>: Waiting for 2 byte(s): text header
Thu Jul 16 08:00:49 EDT 2015<EOT>: Waiting for 3914 byte(s): text body
Thu Jul 16 08:00:49 EDT 2015<EOT>: wave_chart,t2!u_104!0!t2!d_105!17!t2!u_106!108!t2!d_107!117!i1!u!157!t1!u_108!202!t2!u_109!206!t2!d_110!212!t2!u_111!304!t2!d_112!310!c3!d!323!t2!u_113!402!t2!d_114!408!t2!u_115!500!t2!d_116!506!t1!d_117!548!t2!u_118!552!i1!d!555!t2!d_119!800!t2!u_120!869!t2!d_121!898!t2!u_122!990!t2!d_123!998!t2!u_124!1050!t2!d_125!1095!t2!u_126!1136!t2!d_127!1193!t2!u_128!1285!t2!d_129!1291!t2!u_130!1331!t2!d_131!1389!t2!u_132!1447!t2!d_133!1487!t2!u_134!1558!t2!d_135!1585!t2!u_136!1664!t2!d_137!1684!c1!u!1702!t2!u_138!1776!t2!d_139!1782!t2!u_140!1874!t2!d_141!1882!i3!u!1917!t1!u_0!1947!t2!u_1!1962!t2!d_2!1977!t2!u_3!2069!t2!d_4!2076!c1!d!2092!t2!u_5!2167!t2!d_6!2174!t2!u_7!2225!t2!d_8!2273!i3!d!2325!r!1698!2328!t2!u_9!2332!t1!d_10!2348!t2!d_11!2360!t2!u_12!2618!t2!d_13!2664!t1!u_14!2678!t2!u_15!2755!t2!d_16!2761!t2!u_17!2853!t2!d_18!2860!t2!u_19!2951!t2!d_20!2957!map!u!2975!t2!u_21!3050!t2!d_22!3056!t1!d_23!3067!t2!u_24!3144!t2!d_25!3154!t2!u_26!3224!t2!d_27!3252!t2!u_28!3331!t2!d_29!3350!t1!u_30!3389!t2!u_31!3393!c3!u!3433!t2!d_32!3448!map!d!3468!t2!u_33!3540!t2!d_34!3546!t2!u_35!3638!t2!d_36!3646!i4!u!3680!t2!u_37!3736!t2!d_38!3742!t1!d_39!3757!t2!u_40!3834!t2!d_41!3839!c3!d!3859!t2!u_42!3893!t2!d_43!3938!t2!u_44!4029!t2!d_45!4035!HIP!u!4073!i4!d!4089!t1!u_46!4098!t2!u_47!4102!t2!d_48!4332!t2!u_49!4401!t2!d_50!4427!t2!u_51!4496!t2!d_52!4526!t2!u_53!4618!t2!d_54!4624!t2!u_55!4693!t2!d_56!4723!t2!u_57!4802!t2!d_58!4821!t2!u_59!4891!t2!d_60!4919!t2!u_61!5012!t2!d_62!5018!HIP!d!5062!t2!u_63!5100!t2!d_64!5116!t2!u_65!5190!t2!d_66!5214!c1!u!5227!t2!u_67!5255!t2!d_68!5312!t2!u_69!5404!t2!d_70!5413!i2!u!5442!t2!u_71!5503!t2!d_72!5509!t1!d_73!5546!t2!u_74!5550!c1!d!5569!t2!d_75!5607!t2!u_76!5664!t2!d_77!5705!t2!u_78!5797!t2!d_79!5803!t2!u_80!5849!i2!d!5852!t2!d_81!5892!t1!u_82!5916!t2!u_83!6148!t2!d_84!6196!t1!d_85!6274!t2!u_86!6278!t2!d_87!6293!t2!u_88!6379!t2!d_89!6391!t2!u_90!6483!t2!d_91!6489!t2!u_92!6554!t2!d_93!6587!t1!u_94!6611!t2!u_95!6664!t2!d_96!6685!t2!u_97!6776!t2!d_98!6783!t2!u_99!6823!t2!d_100!6881!t1!d_101!6966!t2!u_102!6970!t2!d_103!6978!c3!u!7006!t2!u_104!7068!t2!d_105!7076!t2!u_106!7168!t2!d_107!7176!i1!u!7205!t2!u_108!7221!t1!u_109!7266!t2!d_110!7271!t2!u_111!7363!t2!d_112!7369!c3!d!7381!t2!u_113!7460!t2!d_114!7467!t2!u_115!7554!t2!d_116!7564!t1!d_117!7614!t2!u_118!7618!i1!d!7621!t2!d_119!7858!t2!u_120!7950!t2!d_121!7956!t2!u_122!7999!t2!d_123!8055!t2!u_124!8126!t2!d_125!8152!t2!u_126!8221!t2!d_127!8250!t2!u_128!8330!t2!d_129!8348!t2!u_130!8389!t2!d_131!8447!t2!u_132!8502!t2!d_133!8547!t2!u_134!8636!t2!d_135!8642!t2!u_136!8704!t2!d_137!8740!c1!u!8744!t2!u_138!8810!t2!d_139!8838!t2!u_140!8887!i3!u!8929!t2!d_141!8936!t1!u_0!9006!t2!u_1!9022!t2!d_2!9034!t2!u_3!9125!t2!d_4!9131!c1!d!9148!t2!u_5!9221!t2!d_6!9230!t2!u_7!9321!t2!d_8!9327!i3!d!9338!r!1699!9385!t2!u_9!9387!t1!d_10!9410!t2!d_11!9415!t2!u_12!9664!t2!d_13!9719!t1!u_14!9734!t2!u_15!9810!t2!d_16!9817!t2!u_17!9887!t2!d_18!9915!t2!u_19!9997!t2!d_20!10013!map!u!10035!t2!u_21!10060!t2!d_22!10111!t1!d_23!10131!t2!u_24!10152!t2!d_25!10209!t2!u_26!10302!t2!d_27!10308!t2!u_28!10379!t2!d_29!10406!t1!u_30!10451!t2!u_31!10455!c3!u!10492!t2!d_32!10504!map!d!10526!t2!u_33!10554!t2!d_34!10602!t2!u_35!10673!t2!d_36!10700!i4!u!10715!t2!u_37!10792!t2!d_38!10797!t1!d_39!10821!t2!u_40!10887!t2!d_41!10895!c3!d!10912!t2!u_42!10987!t2!d_43!10997!t2!u_44!11060!t2!d_45!11091!HIP!u!11119!i4!d!11124!t2!u_46!11143!t1!u_47!11154!t2!d_48!11387!t2!u_49!11426!t2!d_50!11483!t2!u_51!11554!t2!d_52!11584!t2!u_53!11663!t2!d_54!11680!t2!u_55!11772!t2!d_56!11778!t2!u_57!11870!t2!d_58!11876!t2!u_59!11970!t2!d_60!11975!t2!u_61!12046!t2!d_62!12073!HIP!d!12102!t2!u_63!12123!t2!d_64!12171!t2!u_65!12220!c1!u!12255!t2!d_66!12270!t2!u_67!12330!t2!d_68!12367!t2!u_69!12459!t2!d_70!12468!i2!u!12496!t2!u_71!12554!t2!d_72!12563!t1!d_73!12597!t2!u_74!12655!t2!d_75!12663!c1!d!12674!t2!u_76!12753!t2!d_77!12760!t2!u_78!12800!t2!d_79!12857!,
Thu Jul 16 08:00:49 EDT 2015<EOT>: : t2!u_104!0!t2!d_105!17!t2!u_106!108!t2!d_107!117!i1!u!157!t1!u_108!202!t2!u_109!206!t2!d_110!212!t2!u_111!304!t2!d_112!310!c3!d!323!t2!u_113!402!t2!d_114!408!t2!u_115!500!t2!d_116!506!t1!d_117!548!t2!u_118!552!i1!d!555!t2!d_119!800!t2!u_120!869!t2!d_121!898!t2!u_122!990!t2!d_123!998!t2!u_124!1050!t2!d_125!1095!t2!u_126!1136!t2!d_127!1193!t2!u_128!1285!t2!d_129!1291!t2!u_130!1331!t2!d_131!1389!t2!u_132!1447!t2!d_133!1487!t2!u_134!1558!t2!d_135!1585!t2!u_136!1664!t2!d_137!1684!c1!u!1702!t2!u_138!1776!t2!d_139!1782!t2!u_140!1874!t2!d_141!1882!i3!u!1917!t1!u_0!1947!t2!u_1!1962!t2!d_2!1977!t2!u_3!2069!t2!d_4!2076!c1!d!2092!t2!u_5!2167!t2!d_6!2174!t2!u_7!2225!t2!d_8!2273!i3!d!2325!r!1698!2328!t2!u_9!2332!t1!d_10!2348!t2!d_11!2360!t2!u_12!2618!t2!d_13!2664!t1!u_14!2678!t2!u_15!2755!t2!d_16!2761!t2!u_17!2853!t2!d_18!2860!t2!u_19!2951!t2!d_20!2957!map!u!2975!t2!u_21!3050!t2!d_22!3056!t1!d_23!3067!t2!u_24!3144!t2!d_25!3154!t2!u_26!3224!t2!d_27!3252!t2!u_28!3331!t2!d_29!3350!t1!u_30!3389!t2!u_31!3393!c3!u!3433!t2!d_32!3448!map!d!3468!t2!u_33!3540!t2!d_34!3546!t2!u_35!3638!t2!d_36!3646!i4!u!3680!t2!u_37!3736!t2!d_38!3742!t1!d_39!3757!t2!u_40!3834!t2!d_41!3839!c3!d!3859!t2!u_42!3893!t2!d_43!3938!t2!u_44!4029!t2!d_45!4035!HIP!u!4073!i4!d!4089!t1!u_46!4098!t2!u_47!4102!t2!d_48!4332!t2!u_49!4401!t2!d_50!4427!t2!u_51!4496!t2!d_52!4526!t2!u_53!4618!t2!d_54!4624!t2!u_55!4693!t2!d_56!4723!t2!u_57!4802!t2!d_58!4821!t2!u_59!4891!t2!d_60!4919!t2!u_61!5012!t2!d_62!5018!HIP!d!5062!t2!u_63!5100!t2!d_64!5116!t2!u_65!5190!t2!d_66!5214!c1!u!5227!t2!u_67!5255!t2!d_68!5312!t2!u_69!5404!t2!d_70!5413!i2!u!5442!t2!u_71!5503!t2!d_72!5509!t1!d_73!5546!t2!u_74!5550!c1!d!5569!t2!d_75!5607!t2!u_76!5664!t2!d_77!5705!t2!u_78!5797!t2!d_79!5803!t2!u_80!5849!i2!d!5852!t2!d_81!5892!t1!u_82!5916!t2!u_83!6148!t2!d_84!6196!t1!d_85!6274!t2!u_86!6278!t2!d_87!6293!t2!u_88!6379!t2!d_89!6391!t2!u_90!6483!t2!d_91!6489!t2!u_92!6554!t2!d_93!6587!t1!u_94!6611!t2!u_95!6664!t2!d_96!6685!t2!u_97!6776!t2!d_98!6783!t2!u_99!6823!t2!d_100!6881!t1!d_101!6966!t2!u_102!6970!t2!d_103!6978!c3!u!7006!t2!u_104!7068!t2!d_105!7076!t2!u_106!7168!t2!d_107!7176!i1!u!7205!t2!u_108!7221!t1!u_109!7266!t2!d_110!7271!t2!u_111!7363!t2!d_112!7369!c3!d!7381!t2!u_113!7460!t2!d_114!7467!t2!u_115!7554!t2!d_116!7564!t1!d_117!7614!t2!u_118!7618!i1!d!7621!t2!d_119!7858!t2!u_120!7950!t2!d_121!7956!t2!u_122!7999!t2!d_123!8055!t2!u_124!8126!t2!d_125!8152!t2!u_126!8221!t2!d_127!8250!t2!u_128!8330!t2!d_129!8348!t2!u_130!8389!t2!d_131!8447!t2!u_132!8502!t2!d_133!8547!t2!u_134!8636!t2!d_135!8642!t2!u_136!8704!t2!d_137!8740!c1!u!8744!t2!u_138!8810!t2!d_139!8838!t2!u_140!8887!i3!u!8929!t2!d_141!8936!t1!u_0!9006!t2!u_1!9022!t2!d_2!9034!t2!u_3!9125!t2!d_4!9131!c1!d!9148!t2!u_5!9221!t2!d_6!9230!t2!u_7!9321!t2!d_8!9327!i3!d!9338!r!1699!9385!t2!u_9!9387!t1!d_10!9410!t2!d_11!9415!t2!u_12!9664!t2!d_13!9719!t1!u_14!9734!t2!u_15!9810!t2!d_16!9817!t2!u_17!9887!t2!d_18!9915!t2!u_19!9997!t2!d_20!10013!map!u!10035!t2!u_21!10060!t2!d_22!10111!t1!d_23!10131!t2!u_24!10152!t2!d_25!10209!t2!u_26!10302!t2!d_27!10308!t2!u_28!10379!t2!d_29!10406!t1!u_30!10451!t2!u_31!10455!c3!u!10492!t2!d_32!10504!map!d!10526!t2!u_33!10554!t2!d_34!10602!t2!u_35!10673!t2!d_36!10700!i4!u!10715!t2!u_37!10792!t2!d_38!10797!t1!d_39!10821!t2!u_40!10887!t2!d_41!10895!c3!d!10912!t2!u_42!10987!t2!d_43!10997!t2!u_44!11060!t2!d_45!11091!HIP!u!11119!i4!d!11124!t2!u_46!11143!t1!u_47!11154!t2!d_48!11387!t2!u_49!11426!t2!d_50!11483!t2!u_51!11554!t2!d_52!11584!t2!u_53!11663!t2!d_54!11680!t2!u_55!11772!t2!d_56!11778!t2!u_57!11870!t2!d_58!11876!t2!u_59!11970!t2!d_60!11975!t2!u_61!12046!t2!d_62!12073!HIP!d!12102!t2!u_63!12123!t2!d_64!12171!t2!u_65!12220!c1!u!12255!t2!d_66!12270!t2!u_67!12330!t2!d_68!12367!t2!u_69!12459!t2!d_70!12468!i2!u!12496!t2!u_71!12554!t2!d_72!12563!t1!d_73!12597!t2!u_74!12655!t2!d_75!12663!c1!d!12674!t2!u_76!12753!t2!d_77!12760!t2!u_78!12800!t2!d_79!12857!
Thu Jul 16 08:00:49 EDT 2015<EOT>: Sending [0, 1, 71, 58, -70, 59, -66]
Thu Jul 16 08:00:49 EDT 2015<EOT>: Waiting for 2 byte(s): text header
Thu Jul 16 08:00:49 EDT 2015<EOT>: Waiting for 334 byte(s): text body
Thu Jul 16 08:00:49 EDT 2015<EOT>: time,113.299,rpm,1729,ENGINE_LOAD,23.69,MAP,23.69,afr,10.00,vss,0.00,ks,0.00,kv,2.42,vbatt,13.03,TP,0.00,CLT,21.25,MAT,19.97,ckp_c,34968,fuel_base,2.74,fuel_lag,1.00,fuel,4.06,timing,21.74,duty0,NaN,dwell0,0.00,total_dwell0,0.00,period0,0.00,advance0,682.000,duty1,NaN,dwell1,0.00,total_dwell1,0.00,period1,0.00,advance1,682.000,
Thu Jul 16 08:00:49 EDT 2015<EOT>: Sending [0, 1, 71, 58, -70, 59, -66]
Thu Jul 16 08:00:49 EDT 2015<EOT>: Waiting for 2 byte(s): text header
Thu Jul 16 08:00:49 EDT 2015<EOT>: Waiting for 5 byte(s): text body
Thu Jul 16 08:00:49 EDT 2015<EOT>: Sending [0, 1, 71, 58, -70, 59, -66]
Thu Jul 16 08:00:49 EDT 2015<EOT>: Waiting for 2 byte(s): text header
Thu Jul 16 08:00:49 EDT 2015<EOT>: Waiting for 334 byte(s): text body
Thu Jul 16 08:00:49 EDT 2015<EOT>: time,113.500,rpm,1746,ENGINE_LOAD,23.56,MAP,23.56,afr,10.00,vss,0.00,ks,0.00,kv,2.36,vbatt,13.11,TP,0.00,CLT,21.18,MAT,20.21,ckp_c,35383,fuel_base,2.74,fuel_lag,1.00,fuel,4.06,timing,21.76,duty0,NaN,dwell0,0.00,total_dwell0,0.00,period0,0.00,advance0,682.000,duty1,NaN,dwell1,0.00,total_dwell1,0.00,period1,0.00,advance1,682.000,
Thu Jul 16 08:00:49 EDT 2015<EOT>: Sending [0, 1, 71, 58, -70, 59, -66]
Thu Jul 16 08:00:49 EDT 2015<EOT>: Waiting for 2 byte(s): text header
Thu Jul 16 08:00:49 EDT 2015<EOT>: Waiting for 5 byte(s): text body
Thu Jul 16 08:00:49 EDT 2015<EOT>: Sending [0, 1, 71, 58, -70, 59, -66]
Thu Jul 16 08:00:49 EDT 2015<EOT>: Waiting for 2 byte(s): text header
Thu Jul 16 08:00:49 EDT 2015<EOT>: Waiting for 334 byte(s): text body
Thu Jul 16 08:00:49 EDT 2015<EOT>: time,113.700,rpm,1747,ENGINE_LOAD,23.58,MAP,23.58,afr,10.00,vss,0.00,ks,0.00,kv,2.46,vbatt,13.05,TP,0.00,CLT,21.20,MAT,19.40,ckp_c,35795,fuel_base,2.74,fuel_lag,1.00,fuel,4.06,timing,21.75,duty0,NaN,dwell0,0.00,total_dwell0,0.00,period0,0.00,advance0,682.000,duty1,NaN,dwell1,0.00,total_dwell1,0.00,period1,0.00,advance1,682.000,
Thu Jul 16 08:00:49 EDT 2015<EOT>: Sending [0, 1, 71, 58, -70, 59, -66]
Thu Jul 16 08:00:49 EDT 2015<EOT>: Waiting for 2 byte(s): text header
Thu Jul 16 08:00:49 EDT 2015<EOT>: Waiting for 5 byte(s): text body
Thu Jul 16 08:00:50 EDT 2015<EOT>: Sending [0, 1, 71, 58, -70, 59, -66]
Thu Jul 16 08:00:50 EDT 2015<EOT>: Waiting for 2 byte(s): text header
Thu Jul 16 08:00:50 EDT 2015<EOT>: Waiting for 334 byte(s): text body
Thu Jul 16 08:00:50 EDT 2015<EOT>: time,113.902,rpm,1746,ENGINE_LOAD,23.47,MAP,23.47,afr,10.00,vss,0.00,ks,0.00,kv,2.42,vbatt,12.76,TP,0.00,CLT,21.25,MAT,20.81,ckp_c,36214,fuel_base,2.73,fuel_lag,1.00,fuel,4.05,timing,21.74,duty0,NaN,dwell0,0.00,total_dwell0,0.00,period0,0.00,advance0,682.000,duty1,NaN,dwell1,0.00,total_dwell1,0.00,period1,0.00,advance1,682.000,
Thu Jul 16 08:00:50 EDT 2015<EOT>: Sending [0, 1, 71, 58, -70, 59, -66]
Thu Jul 16 08:00:50 EDT 2015<EOT>: Waiting for 2 byte(s): text header
Thu Jul 16 08:00:50 EDT 2015<EOT>: Waiting for 5 byte(s): text body
Thu Jul 16 08:00:50 EDT 2015<EOT>: Sending [0, 1, 71, 58, -70, 59, -66]
Thu Jul 16 08:00:50 EDT 2015<EOT>: Waiting for 2 byte(s): text header
Thu Jul 16 08:00:50 EDT 2015<EOT>: Waiting for 334 byte(s): text body
Thu Jul 16 08:00:50 EDT 2015<EOT>: time,114.102,rpm,1750,ENGINE_LOAD,23.51,MAP,23.51,afr,10.00,vss,0.00,ks,0.00,kv,2.45,vbatt,13.18,TP,0.00,CLT,21.04,MAT,19.58,ckp_c,36629,fuel_base,2.74,fuel_lag,1.00,fuel,4.06,timing,21.79,duty0,NaN,dwell0,0.00,total_dwell0,0.00,period0,0.00,advance0,682.000,duty1,NaN,dwell1,0.00,total_dwell1,0.00,period1,0.00,advance1,682.000,
Thu Jul 16 08:00:50 EDT 2015<EOT>: Sending [0, 1, 71, 58, -70, 59, -66]
Thu Jul 16 08:00:50 EDT 2015<EOT>: Waiting for 2 byte(s): text header
Thu Jul 16 08:00:50 EDT 2015<EOT>: Waiting for 3882 byte(s): text body
Thu Jul 16 08:00:50 EDT 2015<EOT>: wave_chart,t2!u_136!0!c1!u!29!t2!d_137!42!t2!u_138!132!t2!d_139!138!t2!u_140!205!t2!d_141!234!i3!u!238!t1!u_0!301!t2!u_1!316!t2!d_2!330!t2!u_3!420!t2!d_4!426!c1!d!442!t2!u_5!516!t2!d_6!523!t2!u_7!611!t2!d_8!617!i3!d!647!r!1728!672!t1!d_9!698!t2!u_10!702!t2!d_11!705!t2!u_12!982!t2!d_13!1001!t1!u_14!1017!t2!u_15!1076!t2!d_16!1097!t2!u_17!1187!t2!d_18!1193!t2!u_19!1283!t2!d_20!1289!map!u!1314!t2!u_21!1380!t2!d_22!1385!t1!d_23!1400!t2!u_24!1432!t2!d_25!1481!t2!u_26!1539!t2!d_27!1579!t2!u_28!1649!t2!d_29!1673!t1!u_30!1715!t2!u_31!1719!c3!u!1748!t2!d_32!1769!map!d!1797!t2!u_33!1858!t2!d_34!1865!t2!u_35!1954!t2!d_36!1964!i4!u!1988!t2!u_37!2050!t2!d_38!2056!t1!d_39!2079!t2!u_40!2145!t2!d_41!2151!c3!d!2170!t2!u_42!2205!t2!d_43!2247!t2!u_44!2315!t2!d_45!2343!HIP!u!2373!t2!u_46!2385!i4!d!2396!t1!u_47!2411!t2!d_48!2630!t2!u_49!2674!t2!d_50!2726!t2!u_51!2816!t2!d_52!2822!t2!u_53!2872!t2!d_54!2918!t2!u_55!2982!t2!d_56!3014!t2!u_57!3072!t2!d_58!3110!t2!u_59!3200!t2!d_60!3207!t2!u_61!3296!t2!d_62!3303!HIP!d!3337!t2!u_63!3392!t2!d_64!3399!t2!u_65!3443!c1!u!3470!t2!d_66!3494!t2!u_67!3538!t2!d_68!3591!t2!u_69!3648!i2!u!3678!t2!d_70!3686!t2!u_71!3776!t2!d_72!3782!t1!d_73!3823!t2!u_74!3827!c1!d!3845!t2!d_75!3878!t2!u_76!3968!t2!d_77!3974!t2!u_78!4064!t2!d_79!4070!i2!d!4085!t2!u_80!4128!t2!d_81!4156!t1!u_82!4180!t2!u_83!4447!t2!d_84!4453!t1!d_85!4534!t2!u_86!4538!t2!d_87!4548!t2!u_88!4638!t2!d_89!4644!t2!u_90!4685!t2!d_91!4740!t2!u_92!4795!t2!d_93!4835!t1!u_94!4867!t2!u_95!4925!t2!d_96!4931!t2!u_97!4982!t2!d_98!5027!t2!u_99!5107!t2!d_100!5122!t2!u_101!5205!t1!d_102!5209!t2!d_103!5218!c3!u!5234!t2!u_104!5307!t2!d_105!5315!t2!u_106!5353!i1!u!5383!t2!d_107!5409!t1!u_108!5497!t2!u_109!5501!t2!d_110!5505!t2!u_111!5594!t2!d_112!5600!c3!d!5612!t2!u_113!5688!t2!d_114!5695!t2!u_115!5785!i1!d!5790!t2!d_116!5793!t1!d_117!5829!t2!u_118!5833!t2!d_119!6079!t2!u_120!6148!t2!d_121!6173!t2!u_122!6263!t2!d_123!6269!t2!u_124!6315!t2!d_125!6365!t2!u_126!6414!t2!d_127!6462!t2!u_128!6528!t2!d_129!6558!t2!u_130!6630!t2!d_131!6654!t2!u_132!6733!t2!d_133!6750!t2!u_134!6795!t2!d_135!6846!t2!u_136!6937!t2!d_137!6944!c1!u!6965!t2!u_138!7035!t2!d_139!7039!t2!u_140!7129!t2!d_141!7139!i3!u!7162!t1!u_0!7201!t2!u_1!7217!t2!d_2!7230!t2!u_3!7315!t2!d_4!7326!c1!d!7337!t2!u_5!7416!t2!d_6!7423!t2!u_7!7512!t2!d_8!7518!i3!d!7570!r!1739!7573!t1!d_9!7593!t2!u_10!7597!t2!d_11!7605!t2!u_12!7871!t2!d_13!7903!t1!u_14!7914!t2!u_15!7981!t2!d_16!7999!t2!u_17!8089!t2!d_18!8095!t2!u_19!8186!t2!d_20!8192!map!u!8207!t2!u_21!8282!t2!d_22!8289!t1!d_23!8301!t2!u_24!8373!t2!d_25!8385!t2!u_26!8455!t2!d_27!8482!t2!u_28!8539!t2!d_29!8579!t1!u_30!8620!t2!u_31!8624!c3!u!8653!t2!d_32!8676!map!d!8688!t2!u_33!8728!t2!d_34!8773!t2!u_35!8865!t2!d_36!8873!i4!u!8898!t2!u_37!8960!t2!d_38!8965!t1!d_39!8987!t2!u_40!9056!t2!d_41!9062!c3!d!9081!t2!u_42!9153!t2!d_43!9159!t2!u_44!9205!t2!d_45!9256!HIP!u!9277!i4!d!9306!t2!u_46!9315!t1!u_47!9318!t2!d_48!9546!t2!u_49!9637!t2!d_50!9643!t2!u_51!9734!t2!d_52!9740!t2!u_53!9830!t2!d_54!9836!t2!u_55!9927!t2!d_56!9933!t2!u_57!9981!t2!d_58!10030!t2!u_59!10120!t2!d_60!10128!t2!u_61!10205!t2!d_62!10223!HIP!d!10243!t2!u_63!10314!t2!d_64!10320!t2!u_65!10390!t2!d_66!10416!c1!u!10420!t2!u_67!10461!t2!d_68!10513!t2!u_69!10603!t2!d_70!10613!i2!u!10631!t2!u_71!10700!t2!d_72!10706!t1!d_73!10735!t2!u_74!10794!t2!d_75!10802!c1!d!10813!t2!u_76!10871!t2!d_77!10899!t2!u_78!10973!t2!d_79!10995!i2!d!11039!t2!u_80!11061!t2!d_81!11082!t1!u_82!11098!t2!u_83!11375!t2!d_84!11381!t1!d_85!11456!t2!u_86!11460!t2!d_87!11477!t2!u_88!11538!t2!d_89!11574!t2!u_90!11648!t2!d_91!11670!t2!u_92!11744!t2!d_93!11766!t1!u_94!11783!t2!u_95!11857!t2!d_96!11865!t2!u_97!11953!t2!d_98!11959!t2!u_99!12016!t2!d_100!12056!t2!u_101!12128!t1!d_102!12134!t2!d_103!12152!c3!u!12160!t2!u_104!12205!t2!d_105!12248!t2!u_106!12314!i1!u!12342!t2!d_107!12345!t1!u_108!12430!t2!u_109!12434!t2!d_110!12442!t2!u_111!12531!,
Thu Jul 16 08:00:50 EDT 2015<EOT>: : t2!u_136!0!c1!u!29!t2!d_137!42!t2!u_138!132!t2!d_139!138!t2!u_140!205!t2!d_141!234!i3!u!238!t1!u_0!301!t2!u_1!316!t2!d_2!330!t2!u_3!420!t2!d_4!426!c1!d!442!t2!u_5!516!t2!d_6!523!t2!u_7!611!t2!d_8!617!i3!d!647!r!1728!672!t1!d_9!698!t2!u_10!702!t2!d_11!705!t2!u_12!982!t2!d_13!1001!t1!u_14!1017!t2!u_15!1076!t2!d_16!1097!t2!u_17!1187!t2!d_18!1193!t2!u_19!1283!t2!d_20!1289!map!u!1314!t2!u_21!1380!t2!d_22!1385!t1!d_23!1400!t2!u_24!1432!t2!d_25!1481!t2!u_26!1539!t2!d_27!1579!t2!u_28!1649!t2!d_29!1673!t1!u_30!1715!t2!u_31!1719!c3!u!1748!t2!d_32!1769!map!d!1797!t2!u_33!1858!t2!d_34!1865!t2!u_35!1954!t2!d_36!1964!i4!u!1988!t2!u_37!2050!t2!d_38!2056!t1!d_39!2079!t2!u_40!2145!t2!d_41!2151!c3!d!2170!t2!u_42!2205!t2!d_43!2247!t2!u_44!2315!t2!d_45!2343!HIP!u!2373!t2!u_46!2385!i4!d!2396!t1!u_47!2411!t2!d_48!2630!t2!u_49!2674!t2!d_50!2726!t2!u_51!2816!t2!d_52!2822!t2!u_53!2872!t2!d_54!2918!t2!u_55!2982!t2!d_56!3014!t2!u_57!3072!t2!d_58!3110!t2!u_59!3200!t2!d_60!3207!t2!u_61!3296!t2!d_62!3303!HIP!d!3337!t2!u_63!3392!t2!d_64!3399!t2!u_65!3443!c1!u!3470!t2!d_66!3494!t2!u_67!3538!t2!d_68!3591!t2!u_69!3648!i2!u!3678!t2!d_70!3686!t2!u_71!3776!t2!d_72!3782!t1!d_73!3823!t2!u_74!3827!c1!d!3845!t2!d_75!3878!t2!u_76!3968!t2!d_77!3974!t2!u_78!4064!t2!d_79!4070!i2!d!4085!t2!u_80!4128!t2!d_81!4156!t1!u_82!4180!t2!u_83!4447!t2!d_84!4453!t1!d_85!4534!t2!u_86!4538!t2!d_87!4548!t2!u_88!4638!t2!d_89!4644!t2!u_90!4685!t2!d_91!4740!t2!u_92!4795!t2!d_93!4835!t1!u_94!4867!t2!u_95!4925!t2!d_96!4931!t2!u_97!4982!t2!d_98!5027!t2!u_99!5107!t2!d_100!5122!t2!u_101!5205!t1!d_102!5209!t2!d_103!5218!c3!u!5234!t2!u_104!5307!t2!d_105!5315!t2!u_106!5353!i1!u!5383!t2!d_107!5409!t1!u_108!5497!t2!u_109!5501!t2!d_110!5505!t2!u_111!5594!t2!d_112!5600!c3!d!5612!t2!u_113!5688!t2!d_114!5695!t2!u_115!5785!i1!d!5790!t2!d_116!5793!t1!d_117!5829!t2!u_118!5833!t2!d_119!6079!t2!u_120!6148!t2!d_121!6173!t2!u_122!6263!t2!d_123!6269!t2!u_124!6315!t2!d_125!6365!t2!u_126!6414!t2!d_127!6462!t2!u_128!6528!t2!d_129!6558!t2!u_130!6630!t2!d_131!6654!t2!u_132!6733!t2!d_133!6750!t2!u_134!6795!t2!d_135!6846!t2!u_136!6937!t2!d_137!6944!c1!u!6965!t2!u_138!7035!t2!d_139!7039!t2!u_140!7129!t2!d_141!7139!i3!u!7162!t1!u_0!7201!t2!u_1!7217!t2!d_2!7230!t2!u_3!7315!t2!d_4!7326!c1!d!7337!t2!u_5!7416!t2!d_6!7423!t2!u_7!7512!t2!d_8!7518!i3!d!7570!r!1739!7573!t1!d_9!7593!t2!u_10!7597!t2!d_11!7605!t2!u_12!7871!t2!d_13!7903!t1!u_14!7914!t2!u_15!7981!t2!d_16!7999!t2!u_17!8089!t2!d_18!8095!t2!u_19!8186!t2!d_20!8192!map!u!8207!t2!u_21!8282!t2!d_22!8289!t1!d_23!8301!t2!u_24!8373!t2!d_25!8385!t2!u_26!8455!t2!d_27!8482!t2!u_28!8539!t2!d_29!8579!t1!u_30!8620!t2!u_31!8624!c3!u!8653!t2!d_32!8676!map!d!8688!t2!u_33!8728!t2!d_34!8773!t2!u_35!8865!t2!d_36!8873!i4!u!8898!t2!u_37!8960!t2!d_38!8965!t1!d_39!8987!t2!u_40!9056!t2!d_41!9062!c3!d!9081!t2!u_42!9153!t2!d_43!9159!t2!u_44!9205!t2!d_45!9256!HIP!u!9277!i4!d!9306!t2!u_46!9315!t1!u_47!9318!t2!d_48!9546!t2!u_49!9637!t2!d_50!9643!t2!u_51!9734!t2!d_52!9740!t2!u_53!9830!t2!d_54!9836!t2!u_55!9927!t2!d_56!9933!t2!u_57!9981!t2!d_58!10030!t2!u_59!10120!t2!d_60!10128!t2!u_61!10205!t2!d_62!10223!HIP!d!10243!t2!u_63!10314!t2!d_64!10320!t2!u_65!10390!t2!d_66!10416!c1!u!10420!t2!u_67!10461!t2!d_68!10513!t2!u_69!10603!t2!d_70!10613!i2!u!10631!t2!u_71!10700!t2!d_72!10706!t1!d_73!10735!t2!u_74!10794!t2!d_75!10802!c1!d!10813!t2!u_76!10871!t2!d_77!10899!t2!u_78!10973!t2!d_79!10995!i2!d!11039!t2!u_80!11061!t2!d_81!11082!t1!u_82!11098!t2!u_83!11375!t2!d_84!11381!t1!d_85!11456!t2!u_86!11460!t2!d_87!11477!t2!u_88!11538!t2!d_89!11574!t2!u_90!11648!t2!d_91!11670!t2!u_92!11744!t2!d_93!11766!t1!u_94!11783!t2!u_95!11857!t2!d_96!11865!t2!u_97!11953!t2!d_98!11959!t2!u_99!12016!t2!d_100!12056!t2!u_101!12128!t1!d_102!12134!t2!d_103!12152!c3!u!12160!t2!u_104!12205!t2!d_105!12248!t2!u_106!12314!i1!u!12342!t2!d_107!12345!t1!u_108!12430!t2!u_109!12434!t2!d_110!12442!t2!u_111!12531!
Thu Jul 16 08:00:50 EDT 2015<EOT>: Sending [0, 1, 71, 58, -70, 59, -66]
Thu Jul 16 08:00:50 EDT 2015<EOT>: Waiting for 2 byte(s): text header
Thu Jul 16 08:00:50 EDT 2015<EOT>: Waiting for 2441 byte(s): text body
Thu Jul 16 08:00:50 EDT 2015<EOT>: time,114.304,rpm,1767,ENGINE_LOAD,23.23,MAP,23.23,afr,10.00,vss,0.00,ks,0.00,kv,2.49,vbatt,13.00,TP,0.00,CLT,21.12,MAT,19.55,ckp_c,37049,fuel_base,2.72,fuel_lag,1.00,fuel,4.04,timing,21.77,duty0,NaN,dwell0,0.00,total_dwell0,0.00,period0,0.00,advance0,682.000,duty1,NaN,dwell1,0.00,total_dwell1,0.00,period1,0.00,advance1,682.000,analog_chart,0.00|0.00|1.62|3001.00|2.31|2002.00|11.68|3003.00|12.50|2004.00|21.53|3005.00|22.51|2006.00|27.24|3007.00|32.11|2008.00|40.45|3009.00|41.16|10.00|41.86|2011.00|69.29|3012.00|72.02|2013.00|73.75|1014.00|81.33|3015.00|82.04|2016.00|89.91|3017.00|91.96|2018.00|101.33|3019.00|102.05|2020.00|106.15|3021.00|111.97|2022.00|113.60|23.00|117.71|3024.00|121.97|2025.00|131.33|3026.00|132.04|2027.00|141.33|3028.00|142.05|2029.00|146.32|1030.00|147.03|3031.00|151.97|2032.00|158.99|3033.00|161.94|2034.00|169.08|3035.00|172.06|2036.00|176.86|3037.00|181.82|2038.00|184.38|39.00|191.18|3040.00|192.19|2041.00|199.36|3042.00|201.81|2043.00|211.11|3044.00|211.83|2045.00|218.84|1046.00|219.56|3047.00|241.76|2048.00|247.42|3049.00|251.61|2050.00|260.49|3051.00|261.63|2052.00|270.97|3053.00|271.63|2054.00|280.71|3055.00|281.65|2056.00|291.18|3057.00|291.78|2058.00|295.99|3059.00|301.67|2060.00|309.83|3061.00|311.69|2062.00|318.10|3063.00|321.71|2064.00|329.60|3065.00|331.73|2066.00|341.09|3067.00|341.74|2068.00|351.08|3069.00|352.17|2070.00|361.08|3071.00|361.70|2072.00|366.05|73.00|366.65|3074.00|371.70|2075.00|381.08|3076.00|381.73|2077.00|388.78|3078.00|391.69|2079.00|400.28|3080.00|400.89|2081.00|403.19|1082.00|430.99|3083.00|431.65|2084.00|440.30|85.00|440.91|3086.00|441.61|2087.00|446.89|3088.00|451.58|2089.00|459.44|3090.00|461.54|2091.00|470.95|3092.00|471.55|2093.00|474.73|1094.00|480.85|3095.00|481.48|2096.00|487.04|3097.00|491.48|2098.00|499.95|3099.00|501.47|2100.00|508.57|3101.00|510.44|102.00|511.43|2103.00|517.88|3104.00|521.38|2105.00|530.13|3106.00|531.35|2107.00|540.52|1108.00|541.14|3109.00|541.76|2110.00|550.58|3111.00|551.38|2112.00|560.66|3113.00|561.27|2114.00|565.47|3115.00|571.14|2116.00|575.16|117.00|575.77|3118.00|601.04|2119.00|610.36|3120.00|611.02|2121.00|619.12|3122.00|621.00|2123.00|630.34|3124.00|631.00|2125.00|636.13|3126.00|640.98|2127.00|647.66|3128.00|651.00|2129.00|657.61|3130.00|661.03|2131.00|668.80|3132.00|671.03|2133.00|675.15|3134.00|681.00|2135.00|690.35|3136.00|691.17|2137.00|700.33|3138.00|700.97|2139.00|707.38|3140.00|710.95|2141.00|,
Thu Jul 16 08:00:50 EDT 2015<EOT>: Analog chart from 0.0 to 710.95
Thu Jul 16 08:00:50 EDT 2015<EOT>: Sending [0, 1, 71, 58, -70, 59, -66]
Thu Jul 16 08:00:50 EDT 2015<EOT>: Waiting for 2 byte(s): text header
Thu Jul 16 08:00:50 EDT 2015<EOT>: Waiting for 5 byte(s): text body
Thu Jul 16 08:00:50 EDT 2015<EOT>: Sending [0, 1, 71, 58, -70, 59, -66]
Thu Jul 16 08:00:50 EDT 2015<EOT>: Waiting for 2 byte(s): text header
Thu Jul 16 08:00:50 EDT 2015<EOT>: Waiting for 334 byte(s): text body
Thu Jul 16 08:00:50 EDT 2015<EOT>: time,114.504,rpm,1760,ENGINE_LOAD,23.19,MAP,23.19,afr,10.37,vss,0.00,ks,0.00,kv,2.43,vbatt,13.00,TP,0.00,CLT,21.39,MAT,20.21,ckp_c,37468,fuel_base,2.71,fuel_lag,1.00,fuel,4.03,timing,21.72,duty0,NaN,dwell0,0.00,total_dwell0,0.00,period0,0.00,advance0,682.000,duty1,NaN,dwell1,0.00,total_dwell1,0.00,period1,0.00,advance1,682.000,
Thu Jul 16 08:00:50 EDT 2015<EOT>: Sending [0, 1, 71, 58, -70, 59, -66]
Thu Jul 16 08:00:50 EDT 2015<EOT>: Waiting for 2 byte(s): text header
Thu Jul 16 08:00:50 EDT 2015<EOT>: Waiting for 5 byte(s): text body
Thu Jul 16 08:00:50 EDT 2015<EOT>: Sending [0, 1, 71, 58, -70, 59, -66]
Thu Jul 16 08:00:50 EDT 2015<EOT>: Waiting for 2 byte(s): text header
Thu Jul 16 08:00:50 EDT 2015<EOT>: Waiting for 334 byte(s): text body
Thu Jul 16 08:00:50 EDT 2015<EOT>: time,114.706,rpm,1757,ENGINE_LOAD,23.35,MAP,23.35,afr,10.33,vss,0.00,ks,0.00,kv,2.37,vbatt,12.99,TP,0.00,CLT,21.20,MAT,19.81,ckp_c,37888,fuel_base,2.72,fuel_lag,1.00,fuel,4.05,timing,21.75,duty0,NaN,dwell0,0.00,total_dwell0,0.00,period0,0.00,advance0,682.000,duty1,NaN,dwell1,0.00,total_dwell1,0.00,period1,0.00,advance1,682.000,
Thu Jul 16 08:00:51 EDT 2015<EOT>: Sending [0, 1, 71, 58, -70, 59, -66]
Thu Jul 16 08:00:51 EDT 2015<EOT>: Waiting for 2 byte(s): text header
Thu Jul 16 08:00:51 EDT 2015<EOT>: Waiting for 5 byte(s): text body
Thu Jul 16 08:00:51 EDT 2015<EOT>: Sending [0, 1, 71, 58, -70, 59, -66]
Thu Jul 16 08:00:51 EDT 2015<EOT>: Waiting for 2 byte(s): text header
Thu Jul 16 08:00:51 EDT 2015<EOT>: Waiting for 334 byte(s): text body
Thu Jul 16 08:00:51 EDT 2015<EOT>: time,114.906,rpm,1751,ENGINE_LOAD,23.61,MAP,23.61,afr,10.00,vss,0.00,ks,0.00,kv,2.36,vbatt,13.02,TP,0.00,CLT,21.20,MAT,19.34,ckp_c,38303,fuel_base,2.74,fuel_lag,1.00,fuel,4.07,timing,21.75,duty0,NaN,dwell0,0.00,total_dwell0,0.00,period0,0.00,advance0,682.000,duty1,NaN,dwell1,0.00,total_dwell1,0.00,period1,0.00,advance1,682.000,
Thu Jul 16 08:00:51 EDT 2015<EOT>: Sending [0, 1, 71, 58, -70, 59, -66]
Thu Jul 16 08:00:51 EDT 2015<EOT>: Waiting for 2 byte(s): text header
Thu Jul 16 08:00:51 EDT 2015<EOT>: Waiting for 5 byte(s): text body
Thu Jul 16 08:00:51 EDT 2015<EOT>: Sending [0, 1, 71, 58, -70, 59, -66]
Thu Jul 16 08:00:51 EDT 2015<EOT>: Waiting for 2 byte(s): text header
Thu Jul 16 08:00:51 EDT 2015<EOT>: Waiting for 4456 byte(s): text body
Thu Jul 16 08:00:51 EDT 2015<EOT>: time,115.108,rpm,1756,ENGINE_LOAD,23.29,MAP,23.29,afr,10.00,vss,0.00,ks,0.00,kv,2.41,vbatt,12.97,TP,0.00,CLT,21.10,MAT,19.92,rusEfiVersion,20150713@8529 Neon03,outpin,t1@PA5,outpin,t2@PC6,outpin,input1@NONE,outpin,input2@NONE,outpin,c1@PC9,outpin,i1@PB8,outpin,c2@NONE,outpin,i2@PB9,outpin,c3@PE8,outpin,i3@PE2,outpin,c4@NONE,outpin,i4@PB7,ckp_c,38719,fuel_base,2.72,fuel_lag,1.00,fuel,4.04,timing,21.77,duty0,NaN,dwell0,0.00,total_dwell0,0.00,period0,0.00,advance0,682.000,duty1,NaN,dwell1,0.00,total_dwell1,0.00,period1,0.00,advance1,682.000,wave_chart,t2!u_71!0!t2!d_72!55!t1!d_73!91!t2!u_74!143!t2!d_75!151!c1!d!161!t2!u_76!216!t2!d_77!245!t2!u_78!333!t2!d_79!338!t2!u_80!381!i2!d!387!t2!d_81!424!t1!u_82!444!t2!u_83!666!t2!d_84!717!t1!d_85!796!t2!u_86!800!t2!d_87!813!t2!u_88!883!t2!d_89!905!t2!u_90!994!t2!d_91!1002!t2!u_92!1089!t2!d_93!1095!t1!u_94!1119!t2!u_95!1184!t2!d_96!1190!t2!u_97!1278!t2!d_98!1284!t2!u_99!1366!t2!d_100!1379!t1!d_101!1456!t2!u_102!1460!t2!d_103!1473!c3!u!1480!t2!u_104!1549!t2!d_105!1568!t2!u_106!1656!t2!d_107!1666!i1!u!1683!t1!u_108!1744!t2!u_109!1748!t2!d_110!1757!t2!u_111!1845!t2!d_112!1851!c3!d!1863!t2!u_113!1940!t2!d_114!1946!t2!u_115!2034!t2!d_116!2040!t1!d_117!2073!i1!d!2089!t2!u_118!2146!t2!d_119!2323!t2!u_120!2412!t2!d_121!2418!t2!u_122!2479!t2!d_123!2513!t2!u_124!2602!t2!d_125!2608!t2!u_126!2666!t2!d_127!2702!t2!u_128!2791!t2!d_129!2797!t2!u_130!2883!t2!d_131!2892!t2!u_132!2981!t2!d_133!2987!t2!u_134!3054!t2!d_135!3081!t2!u_136!3150!c1!u!3173!t2!d_137!3176!t2!u_138!3216!t2!d_139!3271!t2!u_140!3359!t2!d_141!3367!i3!u!3390!t1!u_0!3427!t2!u_1!3442!t2!d_2!3459!t2!u_3!3548!t2!d_4!3553!c1!d!3569!t2!u_5!3642!t2!d_6!3649!t2!u_7!3736!t2!d_8!3743!r!1762!3794!i3!d!3796!t1!d_9!3814!t2!u_10!3817!t2!d_11!3828!t2!u_12!4088!t2!d_13!4122!t1!u_14!4129!t2!u_15!4209!t2!d_16!4215!t2!u_17!4303!t2!d_18!4309!t2!u_19!4368!t2!d_20!4404!map!u!4421!t2!u_21!4491!t2!d_22!4499!t1!d_23!4508!t2!u_24!4549!t2!d_25!4593!t2!u_26!4666!t2!d_27!4688!t2!u_28!4758!t2!d_29!4782!t1!u_30!4817!t2!u_31!4863!t2!d_32!4877!c3!u!4888!map!d!4895!t2!u_33!4965!t2!d_34!4971!t2!u_35!5059!t2!d_36!5068!i4!u!5088!t2!u_37!5153!t2!d_38!5159!t1!d_39!5178!t2!u_40!5216!c3!d!5240!t2!d_41!5253!t2!u_42!5332!t2!d_43!5348!t2!u_44!5388!t2!d_45!5442!HIP!u!5480!i4!d!5493!t1!u_46!5503!t2!u_47!5507!t2!d_48!5725!t2!u_49!5816!t2!d_50!5820!t2!u_51!5881!t2!d_52!5914!t2!u_53!6003!t2!d_54!6009!t2!u_55!6097!t2!d_56!6103!t2!u_57!6191!t2!d_58!6198!t2!u_59!6286!t2!d_60!6292!t2!u_61!6380!t2!d_62!6386!HIP!d!6435!t2!u_63!6475!t2!d_64!6484!t2!u_65!6557!t2!d_66!6576!c1!u!6579!t2!u_67!6665!t2!d_68!6669!t2!u_69!6758!t2!d_70!6766!i2!u!6781!t2!u_71!6852!t2!d_72!6859!t1!d_73!6892!t2!u_74!6946!t2!d_75!6952!c1!d!6965!t2!u_76!7000!t2!d_77!7047!t2!u_78!7134!t2!d_79!7140!i2!d!7187!t2!u_80!7220!t2!d_81!7226!t1!u_82!7242!t2!u_83!7479!t2!d_84!7517!t2!u_85!7557!t1!d_86!7594!t2!d_87!7611!t2!u_88!7665!t2!d_89!7705!t2!u_90!7745!t2!d_91!7799!t2!u_92!7887!t2!d_93!7893!t1!u_94!7911!t2!u_95!7981!t2!d_96!7987!t2!u_97!8076!t2!d_98!8081!t2!u_99!8169!t2!d_100!8175!t2!u_101!8224!t1!d_102!8253!t2!d_103!8269!c3!u!8274!t2!u_104!8332!t2!d_105!8362!t2!u_106!8450!t2!d_107!8459!i1!u!8474!t1!u_108!8543!t2!u_109!8547!t2!d_110!8551!t2!u_111!8638!t2!d_112!8644!c3!d!8656!t2!u_113!8731!t2!d_114!8738!t2!u_115!8826!t2!d_116!8831!t1!d_117!8875!t2!u_118!8879!i1!d!8884!t2!d_119!9113!t2!u_120!9201!t2!d_121!9207!t2!u_122!9295!t2!d_123!9301!t2!u_124!9389!t2!d_125!9396!t2!u_126!9439!t2!d_127!9489!t2!u_128!9557!t2!d_129!9584!t2!u_130!9672!t2!d_131!9678!t2!u_132!9758!t2!d_133!9773!t2!u_134!9812!t2!d_135!9868!t2!u_136!9955!t2!d_137!9961!c1!u!9978!t2!u_138!10049!t2!d_139!10055!t2!u_140!10143!t2!d_141!10154!i3!u!10171!t1!u_0!10215!t2!u_1!10237!t2!d_2!10243!t2!u_3!10332!t2!d_4!10340!c1!d!10356!t2!u_5!10425!t2!d_6!10434!t2!u_7!10479!t2!d_8!10524!i3!d!10576!r!1767!10582!t2!u_9!10603!t1!d_10!10610!t2!d_11!10616!t2!u_12!10875!t2!d_13!10901!t1!u_14!10917!t2!u_15!10989!t2!d_16!10995!t2!u_17!11070!t2!d_18!11089!t2!u_19!11177!t2!d_20!11184!map!u!11215!t2!u_21!11223!t2!d_22!11278!t1!d_23!11293!t2!u_24!11332!t2!d_25!11372!t2!u_26!11460!t2!d_27!11467!t2!u_28!11555!t2!d_29!11561!t1!u_30!11602!t2!u_31!11608!c3!u!11632!t2!d_32!11655!map!d!11686!t2!u_33!11721!t2!d_34!11749!t2!u_35!11816!t2!d_36!11844!i4!u!11851!t2!u_37!11890!t2!d_38!11937!t1!d_39!11961!t2!u_40!12025!t2!d_41!12034!c3!d!12052!t2!u_42!12102!t2!d_43!12125!t2!u_44!12213!t2!d_45!12220!HIP!u!12251!i4!d!12252!t1!u_46!12286!t2!u_47!12293!,
Thu Jul 16 08:00:51 EDT 2015<EOT>: : t2!u_71!0!t2!d_72!55!t1!d_73!91!t2!u_74!143!t2!d_75!151!c1!d!161!t2!u_76!216!t2!d_77!245!t2!u_78!333!t2!d_79!338!t2!u_80!381!i2!d!387!t2!d_81!424!t1!u_82!444!t2!u_83!666!t2!d_84!717!t1!d_85!796!t2!u_86!800!t2!d_87!813!t2!u_88!883!t2!d_89!905!t2!u_90!994!t2!d_91!1002!t2!u_92!1089!t2!d_93!1095!t1!u_94!1119!t2!u_95!1184!t2!d_96!1190!t2!u_97!1278!t2!d_98!1284!t2!u_99!1366!t2!d_100!1379!t1!d_101!1456!t2!u_102!1460!t2!d_103!1473!c3!u!1480!t2!u_104!1549!t2!d_105!1568!t2!u_106!1656!t2!d_107!1666!i1!u!1683!t1!u_108!1744!t2!u_109!1748!t2!d_110!1757!t2!u_111!1845!t2!d_112!1851!c3!d!1863!t2!u_113!1940!t2!d_114!1946!t2!u_115!2034!t2!d_116!2040!t1!d_117!2073!i1!d!2089!t2!u_118!2146!t2!d_119!2323!t2!u_120!2412!t2!d_121!2418!t2!u_122!2479!t2!d_123!2513!t2!u_124!2602!t2!d_125!2608!t2!u_126!2666!t2!d_127!2702!t2!u_128!2791!t2!d_129!2797!t2!u_130!2883!t2!d_131!2892!t2!u_132!2981!t2!d_133!2987!t2!u_134!3054!t2!d_135!3081!t2!u_136!3150!c1!u!3173!t2!d_137!3176!t2!u_138!3216!t2!d_139!3271!t2!u_140!3359!t2!d_141!3367!i3!u!3390!t1!u_0!3427!t2!u_1!3442!t2!d_2!3459!t2!u_3!3548!t2!d_4!3553!c1!d!3569!t2!u_5!3642!t2!d_6!3649!t2!u_7!3736!t2!d_8!3743!r!1762!3794!i3!d!3796!t1!d_9!3814!t2!u_10!3817!t2!d_11!3828!t2!u_12!4088!t2!d_13!4122!t1!u_14!4129!t2!u_15!4209!t2!d_16!4215!t2!u_17!4303!t2!d_18!4309!t2!u_19!4368!t2!d_20!4404!map!u!4421!t2!u_21!4491!t2!d_22!4499!t1!d_23!4508!t2!u_24!4549!t2!d_25!4593!t2!u_26!4666!t2!d_27!4688!t2!u_28!4758!t2!d_29!4782!t1!u_30!4817!t2!u_31!4863!t2!d_32!4877!c3!u!4888!map!d!4895!t2!u_33!4965!t2!d_34!4971!t2!u_35!5059!t2!d_36!5068!i4!u!5088!t2!u_37!5153!t2!d_38!5159!t1!d_39!5178!t2!u_40!5216!c3!d!5240!t2!d_41!5253!t2!u_42!5332!t2!d_43!5348!t2!u_44!5388!t2!d_45!5442!HIP!u!5480!i4!d!5493!t1!u_46!5503!t2!u_47!5507!t2!d_48!5725!t2!u_49!5816!t2!d_50!5820!t2!u_51!5881!t2!d_52!5914!t2!u_53!6003!t2!d_54!6009!t2!u_55!6097!t2!d_56!6103!t2!u_57!6191!t2!d_58!6198!t2!u_59!6286!t2!d_60!6292!t2!u_61!6380!t2!d_62!6386!HIP!d!6435!t2!u_63!6475!t2!d_64!6484!t2!u_65!6557!t2!d_66!6576!c1!u!6579!t2!u_67!6665!t2!d_68!6669!t2!u_69!6758!t2!d_70!6766!i2!u!6781!t2!u_71!6852!t2!d_72!6859!t1!d_73!6892!t2!u_74!6946!t2!d_75!6952!c1!d!6965!t2!u_76!7000!t2!d_77!7047!t2!u_78!7134!t2!d_79!7140!i2!d!7187!t2!u_80!7220!t2!d_81!7226!t1!u_82!7242!t2!u_83!7479!t2!d_84!7517!t2!u_85!7557!t1!d_86!7594!t2!d_87!7611!t2!u_88!7665!t2!d_89!7705!t2!u_90!7745!t2!d_91!7799!t2!u_92!7887!t2!d_93!7893!t1!u_94!7911!t2!u_95!7981!t2!d_96!7987!t2!u_97!8076!t2!d_98!8081!t2!u_99!8169!t2!d_100!8175!t2!u_101!8224!t1!d_102!8253!t2!d_103!8269!c3!u!8274!t2!u_104!8332!t2!d_105!8362!t2!u_106!8450!t2!d_107!8459!i1!u!8474!t1!u_108!8543!t2!u_109!8547!t2!d_110!8551!t2!u_111!8638!t2!d_112!8644!c3!d!8656!t2!u_113!8731!t2!d_114!8738!t2!u_115!8826!t2!d_116!8831!t1!d_117!8875!t2!u_118!8879!i1!d!8884!t2!d_119!9113!t2!u_120!9201!t2!d_121!9207!t2!u_122!9295!t2!d_123!9301!t2!u_124!9389!t2!d_125!9396!t2!u_126!9439!t2!d_127!9489!t2!u_128!9557!t2!d_129!9584!t2!u_130!9672!t2!d_131!9678!t2!u_132!9758!t2!d_133!9773!t2!u_134!9812!t2!d_135!9868!t2!u_136!9955!t2!d_137!9961!c1!u!9978!t2!u_138!10049!t2!d_139!10055!t2!u_140!10143!t2!d_141!10154!i3!u!10171!t1!u_0!10215!t2!u_1!10237!t2!d_2!10243!t2!u_3!10332!t2!d_4!10340!c1!d!10356!t2!u_5!10425!t2!d_6!10434!t2!u_7!10479!t2!d_8!10524!i3!d!10576!r!1767!10582!t2!u_9!10603!t1!d_10!10610!t2!d_11!10616!t2!u_12!10875!t2!d_13!10901!t1!u_14!10917!t2!u_15!10989!t2!d_16!10995!t2!u_17!11070!t2!d_18!11089!t2!u_19!11177!t2!d_20!11184!map!u!11215!t2!u_21!11223!t2!d_22!11278!t1!d_23!11293!t2!u_24!11332!t2!d_25!11372!t2!u_26!11460!t2!d_27!11467!t2!u_28!11555!t2!d_29!11561!t1!u_30!11602!t2!u_31!11608!c3!u!11632!t2!d_32!11655!map!d!11686!t2!u_33!11721!t2!d_34!11749!t2!u_35!11816!t2!d_36!11844!i4!u!11851!t2!u_37!11890!t2!d_38!11937!t1!d_39!11961!t2!u_40!12025!t2!d_41!12034!c3!d!12052!t2!u_42!12102!t2!d_43!12125!t2!u_44!12213!t2!d_45!12220!HIP!u!12251!i4!d!12252!t1!u_46!12286!t2!u_47!12293!
Thu Jul 16 08:00:51 EDT 2015<EOT>: Sending [0, 1, 71, 58, -70, 59, -66]
Thu Jul 16 08:00:51 EDT 2015<EOT>: Waiting for 2 byte(s): text header
Thu Jul 16 08:00:51 EDT 2015<EOT>: Waiting for 5 byte(s): text body
Thu Jul 16 08:00:51 EDT 2015<EOT>: Sending [0, 1, 71, 58, -70, 59, -66]
Thu Jul 16 08:00:51 EDT 2015<EOT>: Waiting for 2 byte(s): text header
Thu Jul 16 08:00:51 EDT 2015<EOT>: Waiting for 334 byte(s): text body
Thu Jul 16 08:00:51 EDT 2015<EOT>: time,115.308,rpm,1746,ENGINE_LOAD,23.48,MAP,23.48,afr,10.00,vss,0.00,ks,0.00,kv,2.41,vbatt,13.02,TP,0.00,CLT,21.28,MAT,19.92,ckp_c,39132,fuel_base,2.73,fuel_lag,1.00,fuel,4.05,timing,21.74,duty0,NaN,dwell0,0.00,total_dwell0,0.00,period0,0.00,advance0,682.000,duty1,NaN,dwell1,0.00,total_dwell1,0.00,period1,0.00,advance1,682.000,
Thu Jul 16 08:00:51 EDT 2015<EOT>: Sending [0, 1, 71, 58, -70, 59, -66]
Thu Jul 16 08:00:51 EDT 2015<EOT>: Waiting for 2 byte(s): text header
Thu Jul 16 08:00:51 EDT 2015<EOT>: Waiting for 5 byte(s): text body
Thu Jul 16 08:00:51 EDT 2015<EOT>: Sending [0, 1, 71, 58, -70, 59, -66]
Thu Jul 16 08:00:51 EDT 2015<EOT>: Waiting for 2 byte(s): text header
Thu Jul 16 08:00:51 EDT 2015<EOT>: Waiting for 334 byte(s): text body
Thu Jul 16 08:00:51 EDT 2015<EOT>: time,115.510,rpm,1743,ENGINE_LOAD,23.75,MAP,23.75,afr,10.00,vss,0.00,ks,0.00,kv,2.44,vbatt,12.97,TP,0.00,CLT,21.18,MAT,19.53,ckp_c,39550,fuel_base,2.75,fuel_lag,1.00,fuel,4.08,timing,21.76,duty0,NaN,dwell0,0.00,total_dwell0,0.00,period0,0.00,advance0,682.000,duty1,NaN,dwell1,0.00,total_dwell1,0.00,period1,0.00,advance1,682.000,
Thu Jul 16 08:00:51 EDT 2015<EOT>: Sending [0, 1, 71, 58, -70, 59, -66]
Thu Jul 16 08:00:51 EDT 2015<EOT>: Waiting for 2 byte(s): text header
Thu Jul 16 08:00:51 EDT 2015<EOT>: Waiting for 5 byte(s): text body
Thu Jul 16 08:00:51 EDT 2015<EOT>: Sending [0, 1, 71, 58, -70, 59, -66]
Thu Jul 16 08:00:51 EDT 2015<EOT>: Waiting for 2 byte(s): text header
Thu Jul 16 08:00:51 EDT 2015<EOT>: Waiting for 2439 byte(s): text body
Thu Jul 16 08:00:51 EDT 2015<EOT>: analog_chart,0.00|0.00|1.49|3001.00|2.40|2002.00|11.73|3003.00|12.61|2004.00|21.71|3005.00|22.69|2006.00|30.01|3007.00|32.30|2008.00|39.17|9.00|39.75|3010.00|41.28|2011.00|71.59|3012.00|72.28|2013.00|72.87|1014.00|81.60|3015.00|82.21|2016.00|88.83|3017.00|92.21|2018.00|99.61|3019.00|102.21|2020.00|110.71|3021.00|112.23|2022.00|113.17|23.00|116.45|3024.00|122.23|2025.00|128.37|3026.00|132.25|2027.00|141.59|3028.00|142.24|2029.00|145.63|1030.00|151.57|3031.00|152.31|2032.00|161.54|3033.00|162.16|2034.00|169.21|3035.00|172.26|2036.00|181.49|3037.00|182.14|2038.00|183.65|39.00|191.46|3040.00|192.19|2041.00|201.43|3042.00|202.11|2043.00|211.41|3044.00|212.03|2045.00|218.06|1046.00|218.66|3047.00|242.20|2048.00|249.89|3049.00|252.02|2050.00|260.35|3051.00|262.02|2052.00|271.39|3053.00|272.02|2054.00|281.40|3055.00|282.01|2056.00|291.14|3057.00|292.04|2058.00|300.01|3059.00|302.05|2060.00|308.38|3061.00|312.04|2062.00|319.49|3063.00|322.07|2064.00|331.41|3065.00|332.20|2066.00|341.41|3067.00|342.06|2068.00|351.39|3069.00|352.62|2070.00|361.43|3071.00|362.02|2072.00|365.60|73.00|371.33|3074.00|372.11|2075.00|377.98|3076.00|382.03|2077.00|391.27|3078.00|391.91|2079.00|400.28|3080.00|400.94|2081.00|402.92|1082.00|431.16|3083.00|431.83|2084.00|440.18|85.00|440.77|3086.00|441.77|2087.00|447.58|3088.00|451.72|2089.00|458.67|3090.00|461.70|2091.00|468.08|3092.00|471.66|2093.00|474.02|1094.00|480.99|3095.00|481.60|2096.00|490.97|3097.00|491.61|2098.00|500.24|3099.00|501.56|2100.00|507.42|3101.00|510.00|102.00|511.51|2103.00|517.16|3104.00|521.45|2105.00|528.27|3106.00|531.41|2107.00|540.50|1108.00|541.11|3109.00|541.72|2110.00|550.63|3111.00|551.52|2112.00|560.57|3113.00|561.23|2114.00|570.52|3115.00|571.16|2116.00|575.49|3117.00|576.09|118.00|601.01|2119.00|608.39|3120.00|610.97|2121.00|620.31|3122.00|621.16|2123.00|630.26|3124.00|630.91|2125.00|636.35|3126.00|640.87|2127.00|647.99|3128.00|650.84|2129.00|656.36|3130.00|660.79|2131.00|667.46|3132.00|670.75|2133.00|680.09|3134.00|680.71|2135.00|684.72|3136.00|690.67|2137.00|699.99|3138.00|700.86|2139.00|709.92|3140.00|711.18|2141.00|,time,115.710,rpm,1744,ENGINE_LOAD,23.58,MAP,23.58,afr,10.00,vss,0.00,ks,0.00,kv,2.43,vbatt,12.99,TP,0.00,CLT,21.31,MAT,19.45,ckp_c,39963,fuel_base,2.74,fuel_lag,1.00,fuel,4.06,timing,21.73,duty0,NaN,dwell0,0.00,total_dwell0,0.00,period0,0.00,advance0,682.000,duty1,NaN,dwell1,0.00,total_dwell1,0.00,period1,0.00,advance1,682.000,
Thu Jul 16 08:00:51 EDT 2015<EOT>: Analog chart from 0.0 to 711.18
Thu Jul 16 08:00:52 EDT 2015<EOT>: Sending [0, 1, 71, 58, -70, 59, -66]
Thu Jul 16 08:00:52 EDT 2015<EOT>: Waiting for 2 byte(s): text header
Thu Jul 16 08:00:52 EDT 2015<EOT>: Waiting for 5 byte(s): text body
Thu Jul 16 08:00:52 EDT 2015<EOT>: Sending [0, 1, 71, 58, -70, 59, -66]
Thu Jul 16 08:00:52 EDT 2015<EOT>: Waiting for 2 byte(s): text header
Thu Jul 16 08:00:52 EDT 2015<EOT>: Waiting for 334 byte(s): text body
Thu Jul 16 08:00:52 EDT 2015<EOT>: time,115.912,rpm,1757,ENGINE_LOAD,23.58,MAP,23.58,afr,10.00,vss,0.00,ks,0.00,kv,2.46,vbatt,13.12,TP,0.00,CLT,21.20,MAT,19.24,ckp_c,40379,fuel_base,2.75,fuel_lag,1.00,fuel,4.07,timing,21.75,duty0,NaN,dwell0,0.00,total_dwell0,0.00,period0,0.00,advance0,682.000,duty1,NaN,dwell1,0.00,total_dwell1,0.00,period1,0.00,advance1,682.000,
Thu Jul 16 08:00:52 EDT 2015<EOT>: Sending [0, 1, 71, 58, -70, 59, -66]
Thu Jul 16 08:00:52 EDT 2015<EOT>: Waiting for 2 byte(s): text header
Thu Jul 16 08:00:52 EDT 2015<EOT>: Waiting for 5 byte(s): text body
Thu Jul 16 08:00:52 EDT 2015<EOT>: Sending [0, 1, 71, 58, -70, 59, -66]
Thu Jul 16 08:00:52 EDT 2015<EOT>: Waiting for 2 byte(s): text header
Thu Jul 16 08:00:52 EDT 2015<EOT>: Waiting for 4238 byte(s): text body
Thu Jul 16 08:00:52 EDT 2015<EOT>: time,116.112,rpm,1769,ENGINE_LOAD,23.43,MAP,23.43,afr,10.00,vss,0.00,ks,0.00,kv,2.48,vbatt,13.13,TP,0.00,CLT,21.25,MAT,19.50,ckp_c,40801,fuel_base,2.74,fuel_lag,1.00,fuel,4.06,timing,21.74,duty0,NaN,dwell0,0.00,total_dwell0,0.00,period0,0.00,advance0,682.000,duty1,NaN,dwell1,0.00,total_dwell1,0.00,period1,0.00,advance1,682.000,wave_chart,t2!u_19!0!t2!d_20!28!map!u!47!t2!u_21!96!t2!d_22!124!t1!d_23!134!t2!u_24!185!t2!d_25!219!t2!u_26!286!t2!d_27!314!t2!u_28!380!t2!d_29!410!t1!u_30!449!t2!u_31!452!c3!u!487!t2!d_32!504!map!d!524!t2!u_33!594!t2!d_34!600!t2!u_35!679!t2!d_36!695!i4!u!713!t2!u_37!784!t2!d_38!789!t1!d_39!810!t2!u_40!852!c3!d!876!t2!d_41!884!t2!u_42!953!t2!d_43!980!t2!u_44!1070!t2!d_45!1074!HIP!u!1090!i4!d!1118!t1!u_46!1141!t2!u_47!1145!t2!d_48!1360!t2!u_49!1430!t2!d_50!1455!t2!u_51!1518!t2!d_52!1551!t2!u_53!1620!t2!d_54!1647!t2!u_55!1736!t2!d_56!1742!t2!u_57!1809!t2!d_58!1837!t2!u_59!1926!t2!d_60!1933!t2!u_61!2022!t2!d_62!2028!HIP!d!2039!t2!u_63!2117!t2!d_64!2123!t2!u_65!2185!c1!u!2205!t2!d_66!2219!t2!u_67!2286!t2!d_68!2314!t2!u_69!2403!t2!d_70!2413!i2!u!2431!t2!u_71!2498!t2!d_72!2504!t1!d_73!2545!t2!u_74!2549!c1!d!2568!t2!d_75!2600!t2!u_76!2689!t2!d_77!2695!t2!u_78!2784!t2!d_79!2790!i2!d!2836!t2!u_80!2858!t2!d_81!2876!t1!u_82!2901!t2!u_83!3164!t2!d_84!3171!t1!d_85!3248!t2!u_86!3252!t2!d_87!3267!t2!u_88!3338!t2!d_89!3360!t2!u_90!3414!t2!d_91!3456!t2!u_92!3518!t2!d_93!3551!t1!u_94!3577!t2!u_95!3619!t2!d_96!3648!t2!u_97!3725!t2!d_98!3741!t2!u_99!3830!t2!d_100!3836!t1!d_101!3918!t2!u_102!3922!t2!d_103!3932!c3!u!3941!t2!u_104!4007!t2!d_105!4026!t2!u_106!4115!t2!d_107!4124!i1!u!4143!t2!u_108!4185!t1!u_109!4213!t2!d_110!4217!t2!u_111!4286!c3!d!4303!t2!d_112!4310!t2!u_113!4399!t2!d_114!4405!t2!u_115!4494!t2!d_116!4500!i1!d!4548!t1!d_117!4550!t2!u_118!4554!t2!d_119!4785!t2!u_120!4827!t2!d_121!4880!t2!u_122!4952!t2!d_123!4976!t2!u_124!5065!t2!d_125!5071!t2!u_126!5160!t2!d_127!5166!t2!u_128!5255!t2!d_129!5261!t2!u_130!5351!t2!d_131!5357!t2!u_132!5399!t2!d_133!5452!t2!u_134!5518!t2!d_135!5547!t2!u_136!5619!c1!u!5641!t2!d_137!5643!t2!u_138!5693!t2!d_139!5738!t2!u_140!5827!t2!d_141!5835!i3!u!5858!t1!u_0!5901!t2!u_1!5917!t2!d_2!5928!t2!u_3!6016!t2!d_4!6022!c1!d!6039!t2!u_5!6112!t2!d_6!6118!t2!u_7!6184!t2!d_8!6212!i3!d!6263!r!1750!6268!t1!d_9!6282!t2!u_10!6286!t2!d_11!6298!t2!u_12!6588!t2!d_13!6593!t1!u_14!6605!t2!u_15!6682!t2!d_16!6688!t2!u_17!6765!t2!d_18!6784!t2!u_19!6851!t2!d_20!6879!map!u!6902!t2!u_21!6952!t2!d_22!6975!t1!d_23!6990!t2!u_24!7021!t2!d_25!7071!t2!u_26!7124!t2!d_27!7167!t2!u_28!7205!t2!d_29!7262!t1!u_30!7300!t2!u_31!7304!c3!u!7328!t2!d_32!7358!map!d!7380!t2!u_33!7447!t2!d_34!7454!t2!u_35!7538!t2!d_36!7549!i4!u!7571!t2!u_37!7619!t2!d_38!7644!t1!d_39!7663!t2!u_40!7734!t2!d_41!7740!c3!d!7758!t2!u_42!7829!t2!d_43!7835!t2!u_44!7925!t2!d_45!7932!HIP!u!7951!i4!d!7976!t1!u_46!7995!t2!u_47!7999!t2!d_48!8218!t2!u_49!8285!t2!d_50!8314!t2!u_51!8392!t2!d_52!8410!t2!u_53!8455!t2!d_54!8505!t2!u_55!8595!t2!d_56!8602!t2!u_57!8691!t2!d_58!8697!t2!u_59!8789!t2!d_60!8793!t2!u_61!8872!t2!d_62!8889!HIP!d!8903!t2!u_63!8952!t2!d_64!8985!t2!u_65!9061!t2!d_66!9081!c1!u!9086!t2!u_67!9171!t2!d_68!9176!t2!u_69!9266!t2!d_70!9275!i2!u!9294!t2!u_71!9362!t2!d_72!9368!t1!d_73!9403!t2!u_74!9459!t2!d_75!9464!c1!d!9477!t2!u_76!9538!t2!d_77!9560!t2!u_78!9618!t2!d_79!9655!i2!d!9699!t2!u_80!9735!t2!d_81!9741!t1!u_82!9763!t2!u_83!9995!t2!d_84!10038!t2!u_85!10098!t1!d_86!10116!t2!d_87!10133!t2!u_88!10205!t2!d_89!10229!t2!u_90!10285!t2!d_91!10324!t2!u_92!10368!t2!d_93!10420!t1!u_94!10444!t2!u_95!10510!t2!d_96!10516!t2!u_97!10566!t2!d_98!10612!t2!u_99!10700!t2!d_100!10707!t1!d_101!10785!t2!u_102!10789!t2!d_103!10803!c3!u!10810!t2!u_104!10871!t2!d_105!10898!t2!u_106!10987!t2!d_107!10996!i1!u!11016!t1!u_108!11078!t2!u_109!11082!t2!d_110!11091!t2!u_111!11178!t2!d_112!11185!c3!d!11196!t2!u_113!11274!t2!d_114!11280!t2!u_115!11364!t2!d_116!11375!t1!d_117!11408!i1!d!11421!t2!u_118!11452!t2!d_119!11662!t2!u_120!11751!t2!d_121!11758!t2!u_122!11847!t2!d_123!11853!t2!u_124!11933!t2!d_125!11948!t2!u_126!11998!t2!d_127!12044!t2!u_128!12098!t2!d_129!12139!t2!u_130!12182!t2!d_131!12235!t2!u_132!12285!t2!d_133!12330!t2!u_134!12396!t2!d_135!12426!t2!u_136!12516!t2!d_137!12521!c1!u!12539!t2!u_138!12611!,
Thu Jul 16 08:00:52 EDT 2015<EOT>: : t2!u_19!0!t2!d_20!28!map!u!47!t2!u_21!96!t2!d_22!124!t1!d_23!134!t2!u_24!185!t2!d_25!219!t2!u_26!286!t2!d_27!314!t2!u_28!380!t2!d_29!410!t1!u_30!449!t2!u_31!452!c3!u!487!t2!d_32!504!map!d!524!t2!u_33!594!t2!d_34!600!t2!u_35!679!t2!d_36!695!i4!u!713!t2!u_37!784!t2!d_38!789!t1!d_39!810!t2!u_40!852!c3!d!876!t2!d_41!884!t2!u_42!953!t2!d_43!980!t2!u_44!1070!t2!d_45!1074!HIP!u!1090!i4!d!1118!t1!u_46!1141!t2!u_47!1145!t2!d_48!1360!t2!u_49!1430!t2!d_50!1455!t2!u_51!1518!t2!d_52!1551!t2!u_53!1620!t2!d_54!1647!t2!u_55!1736!t2!d_56!1742!t2!u_57!1809!t2!d_58!1837!t2!u_59!1926!t2!d_60!1933!t2!u_61!2022!t2!d_62!2028!HIP!d!2039!t2!u_63!2117!t2!d_64!2123!t2!u_65!2185!c1!u!2205!t2!d_66!2219!t2!u_67!2286!t2!d_68!2314!t2!u_69!2403!t2!d_70!2413!i2!u!2431!t2!u_71!2498!t2!d_72!2504!t1!d_73!2545!t2!u_74!2549!c1!d!2568!t2!d_75!2600!t2!u_76!2689!t2!d_77!2695!t2!u_78!2784!t2!d_79!2790!i2!d!2836!t2!u_80!2858!t2!d_81!2876!t1!u_82!2901!t2!u_83!3164!t2!d_84!3171!t1!d_85!3248!t2!u_86!3252!t2!d_87!3267!t2!u_88!3338!t2!d_89!3360!t2!u_90!3414!t2!d_91!3456!t2!u_92!3518!t2!d_93!3551!t1!u_94!3577!t2!u_95!3619!t2!d_96!3648!t2!u_97!3725!t2!d_98!3741!t2!u_99!3830!t2!d_100!3836!t1!d_101!3918!t2!u_102!3922!t2!d_103!3932!c3!u!3941!t2!u_104!4007!t2!d_105!4026!t2!u_106!4115!t2!d_107!4124!i1!u!4143!t2!u_108!4185!t1!u_109!4213!t2!d_110!4217!t2!u_111!4286!c3!d!4303!t2!d_112!4310!t2!u_113!4399!t2!d_114!4405!t2!u_115!4494!t2!d_116!4500!i1!d!4548!t1!d_117!4550!t2!u_118!4554!t2!d_119!4785!t2!u_120!4827!t2!d_121!4880!t2!u_122!4952!t2!d_123!4976!t2!u_124!5065!t2!d_125!5071!t2!u_126!5160!t2!d_127!5166!t2!u_128!5255!t2!d_129!5261!t2!u_130!5351!t2!d_131!5357!t2!u_132!5399!t2!d_133!5452!t2!u_134!5518!t2!d_135!5547!t2!u_136!5619!c1!u!5641!t2!d_137!5643!t2!u_138!5693!t2!d_139!5738!t2!u_140!5827!t2!d_141!5835!i3!u!5858!t1!u_0!5901!t2!u_1!5917!t2!d_2!5928!t2!u_3!6016!t2!d_4!6022!c1!d!6039!t2!u_5!6112!t2!d_6!6118!t2!u_7!6184!t2!d_8!6212!i3!d!6263!r!1750!6268!t1!d_9!6282!t2!u_10!6286!t2!d_11!6298!t2!u_12!6588!t2!d_13!6593!t1!u_14!6605!t2!u_15!6682!t2!d_16!6688!t2!u_17!6765!t2!d_18!6784!t2!u_19!6851!t2!d_20!6879!map!u!6902!t2!u_21!6952!t2!d_22!6975!t1!d_23!6990!t2!u_24!7021!t2!d_25!7071!t2!u_26!7124!t2!d_27!7167!t2!u_28!7205!t2!d_29!7262!t1!u_30!7300!t2!u_31!7304!c3!u!7328!t2!d_32!7358!map!d!7380!t2!u_33!7447!t2!d_34!7454!t2!u_35!7538!t2!d_36!7549!i4!u!7571!t2!u_37!7619!t2!d_38!7644!t1!d_39!7663!t2!u_40!7734!t2!d_41!7740!c3!d!7758!t2!u_42!7829!t2!d_43!7835!t2!u_44!7925!t2!d_45!7932!HIP!u!7951!i4!d!7976!t1!u_46!7995!t2!u_47!7999!t2!d_48!8218!t2!u_49!8285!t2!d_50!8314!t2!u_51!8392!t2!d_52!8410!t2!u_53!8455!t2!d_54!8505!t2!u_55!8595!t2!d_56!8602!t2!u_57!8691!t2!d_58!8697!t2!u_59!8789!t2!d_60!8793!t2!u_61!8872!t2!d_62!8889!HIP!d!8903!t2!u_63!8952!t2!d_64!8985!t2!u_65!9061!t2!d_66!9081!c1!u!9086!t2!u_67!9171!t2!d_68!9176!t2!u_69!9266!t2!d_70!9275!i2!u!9294!t2!u_71!9362!t2!d_72!9368!t1!d_73!9403!t2!u_74!9459!t2!d_75!9464!c1!d!9477!t2!u_76!9538!t2!d_77!9560!t2!u_78!9618!t2!d_79!9655!i2!d!9699!t2!u_80!9735!t2!d_81!9741!t1!u_82!9763!t2!u_83!9995!t2!d_84!10038!t2!u_85!10098!t1!d_86!10116!t2!d_87!10133!t2!u_88!10205!t2!d_89!10229!t2!u_90!10285!t2!d_91!10324!t2!u_92!10368!t2!d_93!10420!t1!u_94!10444!t2!u_95!10510!t2!d_96!10516!t2!u_97!10566!t2!d_98!10612!t2!u_99!10700!t2!d_100!10707!t1!d_101!10785!t2!u_102!10789!t2!d_103!10803!c3!u!10810!t2!u_104!10871!t2!d_105!10898!t2!u_106!10987!t2!d_107!10996!i1!u!11016!t1!u_108!11078!t2!u_109!11082!t2!d_110!11091!t2!u_111!11178!t2!d_112!11185!c3!d!11196!t2!u_113!11274!t2!d_114!11280!t2!u_115!11364!t2!d_116!11375!t1!d_117!11408!i1!d!11421!t2!u_118!11452!t2!d_119!11662!t2!u_120!11751!t2!d_121!11758!t2!u_122!11847!t2!d_123!11853!t2!u_124!11933!t2!d_125!11948!t2!u_126!11998!t2!d_127!12044!t2!u_128!12098!t2!d_129!12139!t2!u_130!12182!t2!d_131!12235!t2!u_132!12285!t2!d_133!12330!t2!u_134!12396!t2!d_135!12426!t2!u_136!12516!t2!d_137!12521!c1!u!12539!t2!u_138!12611!
Thu Jul 16 08:00:52 EDT 2015<EOT>: Sending [0, 1, 71, 58, -70, 59, -66]
Thu Jul 16 08:00:52 EDT 2015<EOT>: Waiting for 2 byte(s): text header
Thu Jul 16 08:00:52 EDT 2015<EOT>: Waiting for 5 byte(s): text body
Thu Jul 16 08:00:52 EDT 2015<EOT>: Sending [0, 1, 71, 58, -70, 59, -66]
Thu Jul 16 08:00:52 EDT 2015<EOT>: Waiting for 2 byte(s): text header
Thu Jul 16 08:00:52 EDT 2015<EOT>: Waiting for 334 byte(s): text body
Thu Jul 16 08:00:52 EDT 2015<EOT>: time,116.314,rpm,1771,ENGINE_LOAD,23.20,MAP,23.20,afr,10.00,vss,0.00,ks,0.00,kv,2.52,vbatt,13.07,TP,0.00,CLT,21.20,MAT,19.63,ckp_c,41226,fuel_base,2.72,fuel_lag,1.00,fuel,4.04,timing,21.75,duty0,NaN,dwell0,0.00,total_dwell0,0.00,period0,0.00,advance0,682.000,duty1,NaN,dwell1,0.00,total_dwell1,0.00,period1,0.00,advance1,682.000,
Thu Jul 16 08:00:52 EDT 2015<EOT>: Sending [0, 1, 71, 58, -70, 59, -66]
Thu Jul 16 08:00:52 EDT 2015<EOT>: Waiting for 2 byte(s): text header
Thu Jul 16 08:00:52 EDT 2015<EOT>: Waiting for 5 byte(s): text body
Thu Jul 16 08:00:52 EDT 2015<EOT>: Sending [0, 1, 71, 58, -70, 59, -66]
Thu Jul 16 08:00:52 EDT 2015<EOT>: Waiting for 2 byte(s): text header
Thu Jul 16 08:00:52 EDT 2015<EOT>: Waiting for 334 byte(s): text body
Thu Jul 16 08:00:52 EDT 2015<EOT>: time,116.514,rpm,1775,ENGINE_LOAD,23.20,MAP,23.20,afr,10.00,vss,0.00,ks,0.00,kv,2.41,vbatt,12.67,TP,0.00,CLT,21.25,MAT,21.60,ckp_c,41647,fuel_base,2.72,fuel_lag,1.00,fuel,4.04,timing,21.74,duty0,NaN,dwell0,0.00,total_dwell0,0.00,period0,0.00,advance0,682.000,duty1,NaN,dwell1,0.00,total_dwell1,0.00,period1,0.00,advance1,682.000,
Thu Jul 16 08:00:52 EDT 2015<EOT>: Sending [0, 1, 71, 58, -70, 59, -66]
Thu Jul 16 08:00:52 EDT 2015<EOT>: Waiting for 2 byte(s): text header
Thu Jul 16 08:00:52 EDT 2015<EOT>: Waiting for 5 byte(s): text body
Thu Jul 16 08:00:52 EDT 2015<EOT>: Sending [0, 1, 71, 58, -70, 59, -66]
Thu Jul 16 08:00:52 EDT 2015<EOT>: Waiting for 2 byte(s): text header
Thu Jul 16 08:00:52 EDT 2015<EOT>: Waiting for 334 byte(s): text body
Thu Jul 16 08:00:52 EDT 2015<EOT>: time,116.716,rpm,1766,ENGINE_LOAD,23.49,MAP,23.49,afr,10.00,vss,0.00,ks,0.00,kv,2.44,vbatt,13.20,TP,0.00,CLT,21.44,MAT,19.37,ckp_c,42066,fuel_base,2.74,fuel_lag,1.00,fuel,4.06,timing,21.75,duty0,NaN,dwell0,0.00,total_dwell0,0.00,period0,0.00,advance0,682.000,duty1,NaN,dwell1,0.00,total_dwell1,0.00,period1,0.00,advance1,682.000,
Thu Jul 16 08:00:53 EDT 2015<EOT>: Sending [0, 1, 71, 58, -70, 59, -66]
Thu Jul 16 08:00:53 EDT 2015<EOT>: Waiting for 2 byte(s): text header
Thu Jul 16 08:00:53 EDT 2015<EOT>: Waiting for 5 byte(s): text body
Thu Jul 16 08:00:53 EDT 2015<EOT>: Sending [0, 1, 71, 58, -70, 59, -66]
Thu Jul 16 08:00:53 EDT 2015<EOT>: Waiting for 2 byte(s): text header
Thu Jul 16 08:00:53 EDT 2015<EOT>: Waiting for 334 byte(s): text body
Thu Jul 16 08:00:53 EDT 2015<EOT>: time,116.916,rpm,1775,ENGINE_LOAD,23.45,MAP,23.45,afr,10.00,vss,0.00,ks,0.00,kv,2.53,vbatt,13.11,TP,0.00,CLT,21.25,MAT,19.37,ckp_c,42487,fuel_base,2.74,fuel_lag,1.00,fuel,4.06,timing,21.74,duty0,NaN,dwell0,0.00,total_dwell0,0.00,period0,0.00,advance0,682.000,duty1,NaN,dwell1,0.00,total_dwell1,0.00,period1,0.00,advance1,682.000,
Thu Jul 16 08:00:53 EDT 2015<EOT>: Sending [0, 1, 71, 58, -70, 59, -66]
Thu Jul 16 08:00:53 EDT 2015<EOT>: Waiting for 2 byte(s): text header
Thu Jul 16 08:00:53 EDT 2015<EOT>: Waiting for 2111 byte(s): text body
Thu Jul 16 08:00:53 EDT 2015<EOT>: analog_chart,0.00|0.00|1.53|3001.00|2.47|2002.00|11.76|3003.00|12.81|2004.00|21.72|3005.00|22.43|2006.00|31.63|3007.00|32.49|2008.00|40.65|9.00|41.23|3010.00|41.83|2011.00|66.77|3012.00|72.14|2013.00|74.14|1014.00|81.41|3015.00|82.03|2016.00|91.40|3017.00|92.05|2018.00|101.41|3019.00|102.04|2020.00|111.41|3021.00|112.54|2022.00|113.62|23.00|119.72|3024.00|122.05|2025.00|129.23|3026.00|132.06|2027.00|141.41|3028.00|142.04|2029.00|146.43|1030.00|147.04|3031.00|152.07|2032.00|161.34|3033.00|161.97|2034.00|167.01|3035.00|171.95|2036.00|181.27|3037.00|181.89|2038.00|184.63|39.00|190.72|3040.00|191.86|2041.00|201.19|3042.00|201.85|2043.00|211.15|3044.00|211.80|2045.00|218.13|3046.00|219.02|1047.00|241.75|2048.00|249.69|3049.00|251.68|2050.00|261.03|3051.00|261.72|2052.00|271.00|3053.00|271.66|2054.00|280.98|3055.00|281.64|2056.00|290.95|3057.00|291.59|2058.00|297.21|3059.00|301.59|2060.00|309.56|3061.00|311.56|2062.00|318.17|3063.00|321.56|2064.00|330.86|3065.00|331.62|2066.00|335.81|3067.00|341.43|2068.00|350.77|3069.00|351.92|2070.00|360.73|3071.00|361.36|2072.00|365.53|73.00|366.14|3074.00|371.32|2075.00|379.99|3076.00|381.29|2077.00|390.56|3078.00|391.19|2079.00|399.55|3080.00|400.23|2081.00|402.99|1082.00|425.17|3083.00|431.11|2084.00|439.18|3085.00|439.80|86.00|440.84|2087.00|450.11|3088.00|450.74|2089.00|456.27|3090.00|460.67|2091.00|467.15|3092.00|470.61|2093.00|473.97|1094.00|474.87|3095.00|480.51|2096.00|484.40|3097.00|490.44|2098.00|499.72|3099.00|500.38|2100.00|509.00|101.00|509.60|3102.00|510.66|2103.00|519.54|3104.00|520.19|2105.00|529.44|3106.00|530.59|2107.00|539.29|1108.00|539.91|3109.00|540.54|2110.00|546.67|3111.00|549.91|2112.00|559.13|3113.00|559.77|2114.00|569.02|3115.00|569.68|2116.00|573.70|117.00|574.31|3118.00|599.37|2119.00|608.66|3120.00|609.54|2121.00|617.53|3122.00|619.23|2123.00|625.14|3124.00|629.16|2125.00|638.43|3126.00|639.10|2127.00|648.37|3128.00|649.03|2129.00|653.03|3130.00|658.92|2131.00|663.97|3132.00|668.86|2133.00|678.14|3134.00|678.81|2135.00|688.07|3136.00|688.89|2137.00|697.96|3138.00|698.60|2139.00|707.86|3140.00|709.12|2141.00|,
Thu Jul 16 08:00:53 EDT 2015<EOT>: Analog chart from 0.0 to 709.12
Thu Jul 16 08:00:53 EDT 2015<EOT>: Sending [0, 1, 71, 58, -70, 59, -66]
Thu Jul 16 08:00:53 EDT 2015<EOT>: Waiting for 2 byte(s): text header
Thu Jul 16 08:00:53 EDT 2015<EOT>: Waiting for 4226 byte(s): text body
Thu Jul 16 08:00:53 EDT 2015<EOT>: time,117.117,rpm,1797,ENGINE_LOAD,23.08,MAP,23.08,afr,10.00,vss,0.00,ks,0.00,kv,2.59,vbatt,13.13,TP,0.00,CLT,21.44,MAT,19.21,ckp_c,42913,fuel_base,2.72,fuel_lag,1.00,fuel,4.04,timing,21.73,duty0,NaN,dwell0,0.00,total_dwell0,0.00,period0,0.00,advance0,682.000,duty1,NaN,dwell1,0.00,total_dwell1,0.00,period1,0.00,advance1,682.000,wave_chart,i1!u!0!t2!d_107!21!t1!u_108!107!t2!u_109!111!t2!d_110!115!t2!u_111!186!c3!d!204!t2!d_112!207!t2!u_113!298!t2!d_114!302!t2!u_115!390!t2!d_116!396!i1!d!406!t2!u_117!438!t1!d_118!442!t2!d_119!677!t2!u_120!727!t2!d_121!771!t2!u_122!853!t2!d_123!865!t2!u_124!955!t2!d_125!960!t2!u_126!1048!t2!d_127!1054!t2!u_128!1093!t2!d_129!1148!t2!u_130!1186!t2!d_131!1242!t2!u_132!1298!t2!d_133!1337!t2!u_134!1424!t2!d_135!1431!t2!u_136!1518!t2!d_137!1524!c1!u!1537!t2!u_138!1612!t2!d_139!1619!t2!u_140!1687!t2!d_141!1712!i3!u!1716!t1!u_0!1779!t2!u_1!1796!t2!d_2!1806!t2!u_3!1853!c1!d!1875!t2!d_4!1900!t2!u_5!1988!t2!d_6!1994!t2!u_7!2081!t2!d_8!2087!i3!d!2119!r!1773!2144!t1!d_9!2153!t2!u_10!2156!t2!d_11!2173!t2!u_12!2445!t2!d_13!2464!t1!u_14!2468!t2!u_15!2519!t2!d_16!2557!t2!u_17!2632!t2!d_18!2651!t2!u_19!2739!t2!d_20!2745!map!u!2770!t2!u_21!2832!t2!d_22!2838!t1!d_23!2851!t2!u_24!2926!t2!d_25!2932!t2!u_26!2989!t2!d_27!3027!t2!u_28!3082!t2!d_29!3120!t1!u_30!3152!t2!u_31!3186!c3!u!3205!t2!d_32!3214!map!d!3241!t2!u_33!3298!t2!d_34!3308!t2!u_35!3395!t2!d_36!3403!i4!u!3421!t2!u_37!3445!t2!d_38!3494!t1!d_39!3509!t2!u_40!3582!t2!d_41!3588!c3!d!3606!t2!u_42!3676!t2!d_43!3682!t2!u_44!3769!t2!d_45!3776!HIP!u!3807!i4!d!3825!t1!u_46!3832!t2!u_47!3836!t2!d_48!4057!t2!u_49!4145!t2!d_50!4151!t2!u_51!4239!t2!d_52!4245!t2!u_53!4298!t2!d_54!4339!t2!u_55!4403!t2!d_56!4433!t2!u_57!4519!t2!d_58!4527!t2!u_59!4615!t2!d_60!4621!t2!u_61!4705!t2!d_62!4716!HIP!d!4752!t2!u_63!4779!t2!d_64!4810!t2!u_65!4852!c1!u!4869!t2!d_66!4904!t2!u_67!4965!t2!d_68!4998!t2!u_69!5086!t2!d_70!5095!i2!u!5106!t2!u_71!5180!t2!d_72!5186!t1!d_73!5220!t2!u_74!5274!t2!d_75!5280!c1!d!5292!t2!u_76!5356!t2!d_77!5374!t2!u_78!5445!t2!d_79!5467!i2!d!5511!t2!u_80!5519!t2!d_81!5552!t1!u_82!5571!t2!u_83!5837!t2!d_84!5844!t1!d_85!5923!t2!u_86!5927!t2!d_87!5937!t2!u_88!5982!t2!d_89!6031!t2!u_90!6111!t2!d_91!6125!t2!u_92!6185!t2!d_93!6219!t1!u_94!6243!t2!u_95!6298!t2!d_96!6315!t2!u_97!6366!t2!d_98!6408!t2!u_99!6495!t2!d_100!6502!t1!d_101!6582!t2!u_102!6586!t2!d_103!6596!c3!u!6602!t2!u_104!6683!t2!d_105!6690!t2!u_106!6778!t2!d_107!6788!i1!u!6798!t2!u_108!6852!t1!u_109!6869!t2!d_110!6877!t2!u_111!6964!t2!d_112!6971!c3!d!6983!t2!u_113!7058!t2!d_114!7065!t2!u_115!7152!t2!d_116!7158!t1!d_117!7200!t2!u_118!7204!i1!d!7208!t2!d_119!7440!t2!u_120!7528!t2!d_121!7534!t2!u_122!7622!t2!d_123!7628!t2!u_124!7680!t2!d_125!7722!t2!u_126!7810!t2!d_127!7816!t2!u_128!7864!t2!d_129!7910!t2!u_130!7998!t2!d_131!8006!t2!u_132!8080!t2!d_133!8099!t2!u_134!8187!t2!d_135!8193!t2!u_136!8248!c1!u!8266!t2!d_137!8287!t2!u_138!8374!t2!d_139!8381!t2!u_140!8468!t2!d_141!8477!i3!u!8493!t2!u_142!8531!t1!u_0!8538!t2!d_1!8568!t2!u_2!8656!t2!d_3!8662!c1!d!8684!t2!u_4!8750!t2!d_5!8757!t2!u_6!8843!t2!d_7!8849!i3!d!8898!r!1775!8900!t1!d_8!8923!t2!u_9!8927!t2!d_10!8934!t2!u_11!9197!t2!d_12!9225!t1!u_13!9236!t2!u_14!9298!t2!d_15!9318!t2!u_16!9388!t2!d_17!9413!t2!u_18!9492!t2!d_19!9507!map!u!9526!t2!u_20!9595!t2!d_21!9601!t1!d_22!9613!t2!u_23!9675!t2!d_24!9697!t2!u_25!9785!t2!d_26!9789!t2!u_27!9863!t2!d_28!9883!t1!u_29!9922!t2!u_30!9926!t2!d_31!9977!map!d!9996!c3!u!9997!t2!u_32!10067!t2!d_33!10071!t2!u_34!10111!t2!d_35!10165!i4!u!10191!t2!u_36!10253!t2!d_37!10258!t1!d_38!10280!t2!u_39!10346!t2!d_40!10352!c3!d!10376!t2!u_41!10440!t2!d_42!10448!t2!u_43!10530!t2!d_44!10540!HIP!u!10561!i4!d!10595!t1!u_45!10605!t2!u_46!10609!t2!d_47!10822!t2!u_48!10864!t2!d_49!10918!t2!u_50!10964!t2!d_51!11010!t2!u_52!11098!t2!d_53!11105!t2!u_54!11193!t2!d_55!11199!t2!u_56!11287!t2!d_57!11293!t2!u_58!11362!t2!d_59!11387!t2!u_60!11476!t2!d_61!11482!HIP!d!11502!t2!u_62!11530!t2!d_63!11576!t2!u_64!11664!t2!d_65!11670!c1!u!11686!t2!u_66!11753!t2!d_67!11765!t2!u_68!11852!t2!d_69!11858!i2!u!11880!t2!u_70!11946!t2!d_71!11952!t1!d_72!11993!t2!u_73!11997!t2!d_74!12046!c1!d!12064!t2!u_75!12111!t2!d_76!12141!t2!u_77!12197!t2!d_78!12234!i2!d!12284!t2!u_79!12313!t2!d_80!12319!,
Thu Jul 16 08:00:53 EDT 2015<EOT>: : i1!u!0!t2!d_107!21!t1!u_108!107!t2!u_109!111!t2!d_110!115!t2!u_111!186!c3!d!204!t2!d_112!207!t2!u_113!298!t2!d_114!302!t2!u_115!390!t2!d_116!396!i1!d!406!t2!u_117!438!t1!d_118!442!t2!d_119!677!t2!u_120!727!t2!d_121!771!t2!u_122!853!t2!d_123!865!t2!u_124!955!t2!d_125!960!t2!u_126!1048!t2!d_127!1054!t2!u_128!1093!t2!d_129!1148!t2!u_130!1186!t2!d_131!1242!t2!u_132!1298!t2!d_133!1337!t2!u_134!1424!t2!d_135!1431!t2!u_136!1518!t2!d_137!1524!c1!u!1537!t2!u_138!1612!t2!d_139!1619!t2!u_140!1687!t2!d_141!1712!i3!u!1716!t1!u_0!1779!t2!u_1!1796!t2!d_2!1806!t2!u_3!1853!c1!d!1875!t2!d_4!1900!t2!u_5!1988!t2!d_6!1994!t2!u_7!2081!t2!d_8!2087!i3!d!2119!r!1773!2144!t1!d_9!2153!t2!u_10!2156!t2!d_11!2173!t2!u_12!2445!t2!d_13!2464!t1!u_14!2468!t2!u_15!2519!t2!d_16!2557!t2!u_17!2632!t2!d_18!2651!t2!u_19!2739!t2!d_20!2745!map!u!2770!t2!u_21!2832!t2!d_22!2838!t1!d_23!2851!t2!u_24!2926!t2!d_25!2932!t2!u_26!2989!t2!d_27!3027!t2!u_28!3082!t2!d_29!3120!t1!u_30!3152!t2!u_31!3186!c3!u!3205!t2!d_32!3214!map!d!3241!t2!u_33!3298!t2!d_34!3308!t2!u_35!3395!t2!d_36!3403!i4!u!3421!t2!u_37!3445!t2!d_38!3494!t1!d_39!3509!t2!u_40!3582!t2!d_41!3588!c3!d!3606!t2!u_42!3676!t2!d_43!3682!t2!u_44!3769!t2!d_45!3776!HIP!u!3807!i4!d!3825!t1!u_46!3832!t2!u_47!3836!t2!d_48!4057!t2!u_49!4145!t2!d_50!4151!t2!u_51!4239!t2!d_52!4245!t2!u_53!4298!t2!d_54!4339!t2!u_55!4403!t2!d_56!4433!t2!u_57!4519!t2!d_58!4527!t2!u_59!4615!t2!d_60!4621!t2!u_61!4705!t2!d_62!4716!HIP!d!4752!t2!u_63!4779!t2!d_64!4810!t2!u_65!4852!c1!u!4869!t2!d_66!4904!t2!u_67!4965!t2!d_68!4998!t2!u_69!5086!t2!d_70!5095!i2!u!5106!t2!u_71!5180!t2!d_72!5186!t1!d_73!5220!t2!u_74!5274!t2!d_75!5280!c1!d!5292!t2!u_76!5356!t2!d_77!5374!t2!u_78!5445!t2!d_79!5467!i2!d!5511!t2!u_80!5519!t2!d_81!5552!t1!u_82!5571!t2!u_83!5837!t2!d_84!5844!t1!d_85!5923!t2!u_86!5927!t2!d_87!5937!t2!u_88!5982!t2!d_89!6031!t2!u_90!6111!t2!d_91!6125!t2!u_92!6185!t2!d_93!6219!t1!u_94!6243!t2!u_95!6298!t2!d_96!6315!t2!u_97!6366!t2!d_98!6408!t2!u_99!6495!t2!d_100!6502!t1!d_101!6582!t2!u_102!6586!t2!d_103!6596!c3!u!6602!t2!u_104!6683!t2!d_105!6690!t2!u_106!6778!t2!d_107!6788!i1!u!6798!t2!u_108!6852!t1!u_109!6869!t2!d_110!6877!t2!u_111!6964!t2!d_112!6971!c3!d!6983!t2!u_113!7058!t2!d_114!7065!t2!u_115!7152!t2!d_116!7158!t1!d_117!7200!t2!u_118!7204!i1!d!7208!t2!d_119!7440!t2!u_120!7528!t2!d_121!7534!t2!u_122!7622!t2!d_123!7628!t2!u_124!7680!t2!d_125!7722!t2!u_126!7810!t2!d_127!7816!t2!u_128!7864!t2!d_129!7910!t2!u_130!7998!t2!d_131!8006!t2!u_132!8080!t2!d_133!8099!t2!u_134!8187!t2!d_135!8193!t2!u_136!8248!c1!u!8266!t2!d_137!8287!t2!u_138!8374!t2!d_139!8381!t2!u_140!8468!t2!d_141!8477!i3!u!8493!t2!u_142!8531!t1!u_0!8538!t2!d_1!8568!t2!u_2!8656!t2!d_3!8662!c1!d!8684!t2!u_4!8750!t2!d_5!8757!t2!u_6!8843!t2!d_7!8849!i3!d!8898!r!1775!8900!t1!d_8!8923!t2!u_9!8927!t2!d_10!8934!t2!u_11!9197!t2!d_12!9225!t1!u_13!9236!t2!u_14!9298!t2!d_15!9318!t2!u_16!9388!t2!d_17!9413!t2!u_18!9492!t2!d_19!9507!map!u!9526!t2!u_20!9595!t2!d_21!9601!t1!d_22!9613!t2!u_23!9675!t2!d_24!9697!t2!u_25!9785!t2!d_26!9789!t2!u_27!9863!t2!d_28!9883!t1!u_29!9922!t2!u_30!9926!t2!d_31!9977!map!d!9996!c3!u!9997!t2!u_32!10067!t2!d_33!10071!t2!u_34!10111!t2!d_35!10165!i4!u!10191!t2!u_36!10253!t2!d_37!10258!t1!d_38!10280!t2!u_39!10346!t2!d_40!10352!c3!d!10376!t2!u_41!10440!t2!d_42!10448!t2!u_43!10530!t2!d_44!10540!HIP!u!10561!i4!d!10595!t1!u_45!10605!t2!u_46!10609!t2!d_47!10822!t2!u_48!10864!t2!d_49!10918!t2!u_50!10964!t2!d_51!11010!t2!u_52!11098!t2!d_53!11105!t2!u_54!11193!t2!d_55!11199!t2!u_56!11287!t2!d_57!11293!t2!u_58!11362!t2!d_59!11387!t2!u_60!11476!t2!d_61!11482!HIP!d!11502!t2!u_62!11530!t2!d_63!11576!t2!u_64!11664!t2!d_65!11670!c1!u!11686!t2!u_66!11753!t2!d_67!11765!t2!u_68!11852!t2!d_69!11858!i2!u!11880!t2!u_70!11946!t2!d_71!11952!t1!d_72!11993!t2!u_73!11997!t2!d_74!12046!c1!d!12064!t2!u_75!12111!t2!d_76!12141!t2!u_77!12197!t2!d_78!12234!i2!d!12284!t2!u_79!12313!t2!d_80!12319!
Thu Jul 16 08:00:53 EDT 2015<EOT>: Sending [0, 1, 71, 58, -70, 59, -66]
Thu Jul 16 08:00:53 EDT 2015<EOT>: Waiting for 2 byte(s): text header
Thu Jul 16 08:00:53 EDT 2015<EOT>: Waiting for 5 byte(s): text body
Thu Jul 16 08:00:53 EDT 2015<EOT>: Sending [0, 1, 71, 58, -70, 59, -66]
Thu Jul 16 08:00:53 EDT 2015<EOT>: Waiting for 2 byte(s): text header
Thu Jul 16 08:00:53 EDT 2015<EOT>: Waiting for 334 byte(s): text body
Thu Jul 16 08:00:53 EDT 2015<EOT>: time,117.319,rpm,1806,ENGINE_LOAD,22.77,MAP,22.77,afr,10.00,vss,0.00,ks,0.00,kv,2.58,vbatt,13.12,TP,0.00,CLT,21.25,MAT,19.27,ckp_c,43342,fuel_base,2.70,fuel_lag,1.00,fuel,4.02,timing,21.75,duty0,NaN,dwell0,0.00,total_dwell0,0.00,period0,0.00,advance0,682.000,duty1,NaN,dwell1,0.00,total_dwell1,0.00,period1,0.00,advance1,682.000,
Thu Jul 16 08:00:53 EDT 2015<EOT>: Sending [0, 1, 71, 58, -70, 59, -66]
Thu Jul 16 08:00:53 EDT 2015<EOT>: Waiting for 2 byte(s): text header
Thu Jul 16 08:00:53 EDT 2015<EOT>: Waiting for 5 byte(s): text body
Thu Jul 16 08:00:53 EDT 2015<EOT>: Sending [0, 1, 71, 58, -70, 59, -66]
Thu Jul 16 08:00:53 EDT 2015<EOT>: Waiting for 2 byte(s): text header
Thu Jul 16 08:00:53 EDT 2015<EOT>: Waiting for 334 byte(s): text body
Thu Jul 16 08:00:53 EDT 2015<EOT>: time,117.519,rpm,1793,ENGINE_LOAD,22.76,MAP,22.76,afr,10.00,vss,0.00,ks,0.00,kv,2.61,vbatt,12.83,TP,0.00,CLT,21.25,MAT,19.50,ckp_c,43770,fuel_base,2.70,fuel_lag,1.00,fuel,4.02,timing,21.77,duty0,NaN,dwell0,0.00,total_dwell0,0.00,period0,0.00,advance0,682.000,duty1,NaN,dwell1,0.00,total_dwell1,0.00,period1,0.00,advance1,682.000,
Thu Jul 16 08:00:53 EDT 2015<EOT>: Sending [0, 1, 71, 58, -70, 59, -66]
Thu Jul 16 08:00:53 EDT 2015<EOT>: Waiting for 2 byte(s): text header
Thu Jul 16 08:00:53 EDT 2015<EOT>: Waiting for 5 byte(s): text body
Thu Jul 16 08:00:53 EDT 2015<EOT>: Sending [0, 1, 71, 58, -70, 59, -66]
Thu Jul 16 08:00:53 EDT 2015<EOT>: Waiting for 2 byte(s): text header
Thu Jul 16 08:00:53 EDT 2015<EOT>: Waiting for 334 byte(s): text body
Thu Jul 16 08:00:53 EDT 2015<EOT>: time,117.721,rpm,1788,ENGINE_LOAD,23.03,MAP,23.03,afr,10.00,vss,0.00,ks,0.00,kv,2.57,vbatt,12.90,TP,0.00,CLT,21.04,MAT,19.47,ckp_c,44195,fuel_base,2.72,fuel_lag,1.00,fuel,4.04,timing,21.73,duty0,NaN,dwell0,0.00,total_dwell0,0.00,period0,0.00,advance0,682.000,duty1,NaN,dwell1,0.00,total_dwell1,0.00,period1,0.00,advance1,682.000,
Thu Jul 16 08:00:54 EDT 2015<EOT>: Sending [0, 1, 71, 58, -70, 59, -66]
Thu Jul 16 08:00:54 EDT 2015<EOT>: Waiting for 2 byte(s): text header
Thu Jul 16 08:00:54 EDT 2015<EOT>: Waiting for 5 byte(s): text body
Thu Jul 16 08:00:54 EDT 2015<EOT>: Sending [0, 1, 71, 58, -70, 59, -66]
Thu Jul 16 08:00:54 EDT 2015<EOT>: Waiting for 2 byte(s): text header
Thu Jul 16 08:00:54 EDT 2015<EOT>: Waiting for 334 byte(s): text body
Thu Jul 16 08:00:54 EDT 2015<EOT>: time,117.921,rpm,1779,ENGINE_LOAD,23.10,MAP,23.10,afr,10.00,vss,0.00,ks,0.00,kv,2.53,vbatt,12.84,TP,0.00,CLT,21.91,MAT,19.50,ckp_c,44621,fuel_base,2.72,fuel_lag,1.00,fuel,4.04,timing,21.73,duty0,NaN,dwell0,0.00,total_dwell0,0.00,period0,0.00,advance0,682.000,duty1,NaN,dwell1,0.00,total_dwell1,0.00,period1,0.00,advance1,682.000,
Thu Jul 16 08:00:54 EDT 2015<EOT>: Sending [0, 1, 71, 58, -70, 59, -66]
Thu Jul 16 08:00:54 EDT 2015<EOT>: Waiting for 2 byte(s): text header
Thu Jul 16 08:00:54 EDT 2015<EOT>: Waiting for 5 byte(s): text body
Thu Jul 16 08:00:54 EDT 2015<EOT>: Sending [0, 1, 71, 58, -70, 59, -66]
Thu Jul 16 08:00:54 EDT 2015<EOT>: Waiting for 2 byte(s): text header
Thu Jul 16 08:00:54 EDT 2015<EOT>: Waiting for 4238 byte(s): text body
Thu Jul 16 08:00:54 EDT 2015<EOT>: time,118.123,rpm,1777,ENGINE_LOAD,23.27,MAP,23.27,afr,10.00,vss,0.00,ks,0.00,kv,2.53,vbatt,12.80,TP,0.00,CLT,21.25,MAT,19.92,ckp_c,45042,fuel_base,2.73,fuel_lag,1.00,fuel,4.05,timing,21.74,duty0,NaN,dwell0,0.00,total_dwell0,0.00,period0,0.00,advance0,682.000,duty1,NaN,dwell1,0.00,total_dwell1,0.00,period1,0.00,advance1,682.000,wave_chart,t2!d_77!0!t2!u_78!86!t2!d_79!92!i2!d!136!t2!u_80!169!t2!d_81!175!t1!u_82!198!t2!u_83!455!t2!d_84!462!t2!u_85!514!t1!d_86!536!t2!d_87!555!t2!u_88!626!t2!d_89!646!t2!u_90!720!t2!d_91!739!t2!u_92!825!t2!d_93!831!t1!u_94!854!t2!u_95!870!t2!d_96!923!t2!u_97!965!t2!d_98!1016!t2!u_99!1065!t2!d_100!1110!t2!u_101!1180!t1!d_102!1189!t2!d_103!1201!c3!u!1204!t2!u_104!1287!t2!d_105!1293!t2!u_106!1379!t2!d_107!1388!i1!u!1396!t2!u_108!1471!t1!u_109!1475!t2!d_110!1479!t2!u_111!1514!c3!d!1532!t2!d_112!1569!t2!u_113!1656!t2!d_114!1662!t2!u_115!1748!t2!d_116!1755!t1!d_117!1801!t2!u_118!1805!i1!d!1808!t2!d_119!2031!t2!u_120!2106!t2!d_121!2123!t2!u_122!2180!t2!d_123!2215!t2!u_124!2292!t2!d_125!2308!t2!u_126!2360!t2!d_127!2400!t2!u_128!2487!t2!d_129!2492!t2!u_130!2578!t2!d_131!2584!t2!u_132!2626!t2!d_133!2676!t2!u_134!2763!t2!d_135!2769!t2!u_136!2847!t2!d_137!2861!c1!u!2866!t2!u_138!2947!t2!d_139!2953!t2!u_140!3039!t2!d_141!3049!i3!u!3060!t1!u_0!3112!t2!u_1!3129!t2!d_2!3138!t2!u_3!3182!c1!d!3204!t2!d_4!3229!t2!u_5!3294!t2!d_6!3321!t2!u_7!3407!t2!d_8!3413!i3!d!3464!r!1801!3472!t2!u_9!3486!t1!d_10!3491!t2!d_11!3496!t2!u_12!3743!t2!d_13!3781!t1!u_14!3795!t2!u_15!3847!t2!d_16!3873!t2!u_17!3960!t2!d_18!3966!t2!u_19!4053!t2!d_20!4059!map!u!4089!t2!u_21!4145!t2!d_22!4151!t1!d_23!4169!t2!u_24!4238!t2!d_25!4244!t2!u_26!4292!t2!d_27!4337!t2!u_28!4423!t2!d_29!4429!t1!u_30!4471!t2!u_31!4475!c3!u!4489!t2!d_32!4522!map!d!4554!t2!u_33!4608!t2!d_34!4614!t2!u_35!4700!t2!d_36!4711!i4!u!4722!t2!u_37!4793!t2!d_38!4798!t1!d_39!4821!t2!u_40!4847!c3!d!4871!t2!d_41!4890!t2!u_42!4960!t2!d_43!4983!t2!u_44!5069!t2!d_45!5075!HIP!u!5108!i4!d!5125!t1!u_46!5135!t2!u_47!5139!t2!d_48!5352!t2!u_49!5439!t2!d_50!5445!t2!u_51!5513!t2!d_52!5537!t2!u_53!5625!t2!d_54!5630!t2!u_55!5667!t2!d_56!5722!t2!u_57!5809!t2!d_58!5815!t2!u_59!5902!t2!d_60!5908!t2!u_61!5960!t2!d_62!6000!HIP!d!6039!t2!u_63!6068!t2!d_64!6093!t2!u_65!6179!t2!d_66!6185!c1!u!6190!t2!u_67!6272!t2!d_68!6278!t2!u_69!6364!t2!d_70!6373!i2!u!6381!t2!u_71!6456!t2!d_72!6463!t1!d_73!6495!t2!u_74!6513!c1!d!6532!t2!d_75!6555!t2!u_76!6641!t2!d_77!6647!t2!u_78!6733!t2!d_79!6739!i2!d!6784!t2!u_80!6816!t2!d_81!6823!t1!u_82!6842!t2!u_83!7064!t2!d_84!7109!t2!u_85!7180!t1!d_86!7183!t2!d_87!7200!t2!u_88!7254!t2!d_89!7294!t2!u_90!7372!t2!d_91!7385!t2!u_92!7472!t2!d_93!7478!t1!u_94!7499!t2!u_95!7513!t2!d_96!7570!t2!u_97!7625!t2!d_98!7663!t2!u_99!7749!t2!d_100!7755!t2!u_101!7832!t1!d_102!7836!c3!u!7846!t2!d_103!7848!t2!u_104!7933!t2!d_105!7939!t2!u_106!8015!t2!d_107!8031!i1!u!8035!t1!u_108!8117!t2!u_109!8121!t2!d_110!8125!t2!u_111!8186!c3!d!8204!t2!d_112!8216!t2!u_113!8304!t2!d_114!8308!t2!u_115!8394!t2!d_116!8400!i1!d!8437!t1!d_117!8440!t2!u_118!8444!t2!d_119!8678!t2!u_120!8763!t2!d_121!8769!t2!u_122!8852!t2!d_123!8861!t2!u_124!8948!t2!d_125!8954!t2!u_126!9010!t2!d_127!9046!t2!u_128!9123!t2!d_129!9139!t2!u_130!9185!t2!d_131!9231!t2!u_132!9280!t2!d_133!9324!t2!u_134!9411!t2!d_135!9417!t2!u_136!9503!t2!d_137!9509!c1!u!9516!t2!u_138!9578!t2!d_139!9602!t2!u_140!9688!t2!d_141!9696!i3!u!9708!t1!u_0!9760!t2!u_1!9777!t2!d_2!9786!t2!u_3!9852!c1!d!9874!t2!d_4!9877!t2!u_5!9965!t2!d_6!9971!t2!u_7!10057!t2!d_8!10063!i3!d!10112!r!1805!10117!t1!d_9!10127!t2!u_10!10131!t2!d_11!10146!t2!u_12!10384!t2!d_13!10432!t1!u_14!10439!t2!u_15!10518!t2!d_16!10524!t2!u_17!10611!t2!d_18!10617!t2!u_19!10686!t2!d_20!10710!map!u!10733!t2!u_21!10772!t2!d_22!10802!t1!d_23!10811!t2!u_24!10847!t2!d_25!10894!t2!u_26!10960!t2!d_27!10989!t2!u_28!11048!t2!d_29!11079!t1!u_30!11110!t2!u_31!11165!t2!d_32!11171!c3!u!11179!map!d!11196!t2!u_33!11257!t2!d_34!11263!t2!u_35!11349!t2!d_36!11358!i4!u!11370!t2!u_37!11442!t2!d_38!11449!t1!d_39!11462!t2!u_40!11519!t2!d_41!11539!c3!d!11543!t2!u_42!11625!t2!d_43!11631!t2!u_44!11718!t2!d_45!11723!HIP!u!11751!t1!u_46!11779!t2!u_47!11783!i4!d!11788!t2!d_48!12001!t2!u_49!12075!t2!d_50!12093!t2!u_51!12174!t2!d_52!12185!t2!u_53!12272!t2!d_54!12278!,
Thu Jul 16 08:00:54 EDT 2015<EOT>: : t2!d_77!0!t2!u_78!86!t2!d_79!92!i2!d!136!t2!u_80!169!t2!d_81!175!t1!u_82!198!t2!u_83!455!t2!d_84!462!t2!u_85!514!t1!d_86!536!t2!d_87!555!t2!u_88!626!t2!d_89!646!t2!u_90!720!t2!d_91!739!t2!u_92!825!t2!d_93!831!t1!u_94!854!t2!u_95!870!t2!d_96!923!t2!u_97!965!t2!d_98!1016!t2!u_99!1065!t2!d_100!1110!t2!u_101!1180!t1!d_102!1189!t2!d_103!1201!c3!u!1204!t2!u_104!1287!t2!d_105!1293!t2!u_106!1379!t2!d_107!1388!i1!u!1396!t2!u_108!1471!t1!u_109!1475!t2!d_110!1479!t2!u_111!1514!c3!d!1532!t2!d_112!1569!t2!u_113!1656!t2!d_114!1662!t2!u_115!1748!t2!d_116!1755!t1!d_117!1801!t2!u_118!1805!i1!d!1808!t2!d_119!2031!t2!u_120!2106!t2!d_121!2123!t2!u_122!2180!t2!d_123!2215!t2!u_124!2292!t2!d_125!2308!t2!u_126!2360!t2!d_127!2400!t2!u_128!2487!t2!d_129!2492!t2!u_130!2578!t2!d_131!2584!t2!u_132!2626!t2!d_133!2676!t2!u_134!2763!t2!d_135!2769!t2!u_136!2847!t2!d_137!2861!c1!u!2866!t2!u_138!2947!t2!d_139!2953!t2!u_140!3039!t2!d_141!3049!i3!u!3060!t1!u_0!3112!t2!u_1!3129!t2!d_2!3138!t2!u_3!3182!c1!d!3204!t2!d_4!3229!t2!u_5!3294!t2!d_6!3321!t2!u_7!3407!t2!d_8!3413!i3!d!3464!r!1801!3472!t2!u_9!3486!t1!d_10!3491!t2!d_11!3496!t2!u_12!3743!t2!d_13!3781!t1!u_14!3795!t2!u_15!3847!t2!d_16!3873!t2!u_17!3960!t2!d_18!3966!t2!u_19!4053!t2!d_20!4059!map!u!4089!t2!u_21!4145!t2!d_22!4151!t1!d_23!4169!t2!u_24!4238!t2!d_25!4244!t2!u_26!4292!t2!d_27!4337!t2!u_28!4423!t2!d_29!4429!t1!u_30!4471!t2!u_31!4475!c3!u!4489!t2!d_32!4522!map!d!4554!t2!u_33!4608!t2!d_34!4614!t2!u_35!4700!t2!d_36!4711!i4!u!4722!t2!u_37!4793!t2!d_38!4798!t1!d_39!4821!t2!u_40!4847!c3!d!4871!t2!d_41!4890!t2!u_42!4960!t2!d_43!4983!t2!u_44!5069!t2!d_45!5075!HIP!u!5108!i4!d!5125!t1!u_46!5135!t2!u_47!5139!t2!d_48!5352!t2!u_49!5439!t2!d_50!5445!t2!u_51!5513!t2!d_52!5537!t2!u_53!5625!t2!d_54!5630!t2!u_55!5667!t2!d_56!5722!t2!u_57!5809!t2!d_58!5815!t2!u_59!5902!t2!d_60!5908!t2!u_61!5960!t2!d_62!6000!HIP!d!6039!t2!u_63!6068!t2!d_64!6093!t2!u_65!6179!t2!d_66!6185!c1!u!6190!t2!u_67!6272!t2!d_68!6278!t2!u_69!6364!t2!d_70!6373!i2!u!6381!t2!u_71!6456!t2!d_72!6463!t1!d_73!6495!t2!u_74!6513!c1!d!6532!t2!d_75!6555!t2!u_76!6641!t2!d_77!6647!t2!u_78!6733!t2!d_79!6739!i2!d!6784!t2!u_80!6816!t2!d_81!6823!t1!u_82!6842!t2!u_83!7064!t2!d_84!7109!t2!u_85!7180!t1!d_86!7183!t2!d_87!7200!t2!u_88!7254!t2!d_89!7294!t2!u_90!7372!t2!d_91!7385!t2!u_92!7472!t2!d_93!7478!t1!u_94!7499!t2!u_95!7513!t2!d_96!7570!t2!u_97!7625!t2!d_98!7663!t2!u_99!7749!t2!d_100!7755!t2!u_101!7832!t1!d_102!7836!c3!u!7846!t2!d_103!7848!t2!u_104!7933!t2!d_105!7939!t2!u_106!8015!t2!d_107!8031!i1!u!8035!t1!u_108!8117!t2!u_109!8121!t2!d_110!8125!t2!u_111!8186!c3!d!8204!t2!d_112!8216!t2!u_113!8304!t2!d_114!8308!t2!u_115!8394!t2!d_116!8400!i1!d!8437!t1!d_117!8440!t2!u_118!8444!t2!d_119!8678!t2!u_120!8763!t2!d_121!8769!t2!u_122!8852!t2!d_123!8861!t2!u_124!8948!t2!d_125!8954!t2!u_126!9010!t2!d_127!9046!t2!u_128!9123!t2!d_129!9139!t2!u_130!9185!t2!d_131!9231!t2!u_132!9280!t2!d_133!9324!t2!u_134!9411!t2!d_135!9417!t2!u_136!9503!t2!d_137!9509!c1!u!9516!t2!u_138!9578!t2!d_139!9602!t2!u_140!9688!t2!d_141!9696!i3!u!9708!t1!u_0!9760!t2!u_1!9777!t2!d_2!9786!t2!u_3!9852!c1!d!9874!t2!d_4!9877!t2!u_5!9965!t2!d_6!9971!t2!u_7!10057!t2!d_8!10063!i3!d!10112!r!1805!10117!t1!d_9!10127!t2!u_10!10131!t2!d_11!10146!t2!u_12!10384!t2!d_13!10432!t1!u_14!10439!t2!u_15!10518!t2!d_16!10524!t2!u_17!10611!t2!d_18!10617!t2!u_19!10686!t2!d_20!10710!map!u!10733!t2!u_21!10772!t2!d_22!10802!t1!d_23!10811!t2!u_24!10847!t2!d_25!10894!t2!u_26!10960!t2!d_27!10989!t2!u_28!11048!t2!d_29!11079!t1!u_30!11110!t2!u_31!11165!t2!d_32!11171!c3!u!11179!map!d!11196!t2!u_33!11257!t2!d_34!11263!t2!u_35!11349!t2!d_36!11358!i4!u!11370!t2!u_37!11442!t2!d_38!11449!t1!d_39!11462!t2!u_40!11519!t2!d_41!11539!c3!d!11543!t2!u_42!11625!t2!d_43!11631!t2!u_44!11718!t2!d_45!11723!HIP!u!11751!t1!u_46!11779!t2!u_47!11783!i4!d!11788!t2!d_48!12001!t2!u_49!12075!t2!d_50!12093!t2!u_51!12174!t2!d_52!12185!t2!u_53!12272!t2!d_54!12278!
Thu Jul 16 08:00:54 EDT 2015<EOT>: Sending [0, 1, 71, 58, -70, 59, -66]
Thu Jul 16 08:00:54 EDT 2015<EOT>: Waiting for 2 byte(s): text header
Thu Jul 16 08:00:54 EDT 2015<EOT>: Waiting for 5 byte(s): text body
Thu Jul 16 08:00:54 EDT 2015<EOT>: Sending [0, 1, 71, 58, -70, 59, -66]
Thu Jul 16 08:00:54 EDT 2015<EOT>: Waiting for 2 byte(s): text header
Thu Jul 16 08:00:54 EDT 2015<EOT>: Waiting for 334 byte(s): text body
Thu Jul 16 08:00:54 EDT 2015<EOT>: time,118.323,rpm,1768,ENGINE_LOAD,23.49,MAP,23.49,afr,10.00,vss,0.00,ks,0.00,kv,2.42,vbatt,12.74,TP,0.00,CLT,32.44,MAT,21.88,ckp_c,45463,fuel_base,2.74,fuel_lag,1.00,fuel,4.06,timing,21.73,duty0,NaN,dwell0,0.00,total_dwell0,0.00,period0,0.00,advance0,682.000,duty1,NaN,dwell1,0.00,total_dwell1,0.00,period1,0.00,advance1,682.000,
Thu Jul 16 08:00:54 EDT 2015<EOT>: Sending [0, 1, 71, 58, -70, 59, -66]
Thu Jul 16 08:00:54 EDT 2015<EOT>: Waiting for 2 byte(s): text header
Thu Jul 16 08:00:54 EDT 2015<EOT>: Waiting for 2111 byte(s): text body
Thu Jul 16 08:00:54 EDT 2015<EOT>: analog_chart,0.00|0.00|1.53|3001.00|2.30|2002.00|11.62|3003.00|12.35|2004.00|21.60|3005.00|22.48|2006.00|31.53|3007.00|32.17|2008.00|38.99|9.00|39.58|3010.00|41.21|2011.00|71.40|3012.00|72.10|2013.00|72.72|1014.00|77.71|3015.00|82.02|2016.00|91.36|3017.00|92.23|2018.00|101.36|3019.00|102.02|2020.00|111.45|3021.00|112.07|2022.00|112.95|23.00|118.90|3024.00|122.01|2025.00|127.79|3026.00|131.99|2027.00|138.65|3028.00|141.97|2029.00|145.35|1030.00|146.50|3031.00|151.95|2032.00|161.25|3033.00|161.91|2034.00|171.22|3035.00|172.31|2036.00|181.18|3037.00|181.84|2038.00|183.31|39.00|191.13|3040.00|192.02|2041.00|200.53|3042.00|201.80|2043.00|208.73|3044.00|211.70|2045.00|217.80|1046.00|218.42|3047.00|241.62|2048.00|250.97|3049.00|251.64|2050.00|259.94|3051.00|261.62|2052.00|271.02|3053.00|271.70|2054.00|280.08|3055.00|281.70|2056.00|291.11|3057.00|291.76|2058.00|296.55|3059.00|301.80|2060.00|306.61|3061.00|311.84|2062.00|320.59|3063.00|321.89|2064.00|328.88|3065.00|331.88|2066.00|341.27|3067.00|341.97|2068.00|350.79|3069.00|352.05|2070.00|361.29|3071.00|361.92|2072.00|365.53|73.00|371.30|3074.00|372.09|2075.00|377.30|3076.00|382.03|2077.00|388.69|3078.00|391.94|2079.00|399.15|3080.00|401.04|2081.00|403.04|1082.00|431.28|3083.00|431.96|2084.00|437.08|3085.00|440.48|86.00|441.89|2087.00|448.01|3088.00|451.89|2089.00|456.35|3090.00|461.86|2091.00|468.52|3092.00|471.85|2093.00|474.25|1094.00|481.17|3095.00|482.05|2096.00|491.17|3097.00|492.04|2098.00|501.14|3099.00|501.78|2100.00|509.96|3101.00|510.58|102.00|511.75|2103.00|518.81|3104.00|521.72|2105.00|531.05|3106.00|532.20|2107.00|540.90|1108.00|541.52|3109.00|542.13|2110.00|550.96|3111.00|551.88|2112.00|560.91|3113.00|561.75|2114.00|570.87|3115.00|571.51|2116.00|575.93|117.00|576.53|3118.00|601.42|2119.00|607.91|3120.00|611.41|2121.00|620.77|3122.00|621.40|2123.00|630.78|3124.00|631.40|2125.00|635.76|3126.00|641.43|2127.00|649.22|3128.00|651.47|2129.00|660.16|3130.00|661.48|2131.00|668.49|3132.00|671.48|2133.00|677.61|3134.00|681.50|2135.00|686.03|3136.00|691.51|2137.00|695.51|3138.00|701.51|2139.00|710.85|3140.00|712.00|2141.00|,
Thu Jul 16 08:00:54 EDT 2015<EOT>: Analog chart from 0.0 to 712.0
Thu Jul 16 08:00:54 EDT 2015<EOT>: Sending [0, 1, 71, 58, -70, 59, -66]
Thu Jul 16 08:00:54 EDT 2015<EOT>: Waiting for 2 byte(s): text header
Thu Jul 16 08:00:54 EDT 2015<EOT>: Waiting for 334 byte(s): text body
Thu Jul 16 08:00:54 EDT 2015<EOT>: time,118.525,rpm,1760,ENGINE_LOAD,22.97,MAP,22.97,afr,10.00,vss,0.00,ks,0.00,kv,2.44,vbatt,13.05,TP,0.00,CLT,21.12,MAT,19.66,ckp_c,45881,fuel_base,2.69,fuel_lag,1.00,fuel,4.01,timing,21.71,duty0,NaN,dwell0,0.00,total_dwell0,0.00,period0,0.00,advance0,682.000,duty1,NaN,dwell1,0.00,total_dwell1,0.00,period1,0.00,advance1,682.000,
Thu Jul 16 08:00:54 EDT 2015<EOT>: Sending [0, 1, 71, 58, -70, 59, -66]
Thu Jul 16 08:00:54 EDT 2015<EOT>: Waiting for 2 byte(s): text header
Thu Jul 16 08:00:54 EDT 2015<EOT>: Waiting for 5 byte(s): text body
Thu Jul 16 08:00:54 EDT 2015<EOT>: Sending [0, 1, 71, 58, -70, 59, -66]
Thu Jul 16 08:00:54 EDT 2015<EOT>: Waiting for 2 byte(s): text header
Thu Jul 16 08:00:54 EDT 2015<EOT>: Waiting for 334 byte(s): text body
Thu Jul 16 08:00:54 EDT 2015<EOT>: time,118.725,rpm,1769,ENGINE_LOAD,23.61,MAP,23.61,afr,10.00,vss,0.00,ks,0.00,kv,2.39,vbatt,12.98,TP,0.00,CLT,21.04,MAT,19.68,ckp_c,46303,fuel_base,2.75,fuel_lag,1.00,fuel,4.08,timing,21.71,duty0,NaN,dwell0,0.00,total_dwell0,0.00,period0,0.00,advance0,682.000,duty1,NaN,dwell1,0.00,total_dwell1,0.00,period1,0.00,advance1,682.000,
Thu Jul 16 08:00:55 EDT 2015<EOT>: Sending [0, 1, 71, 58, -70, 59, -66]
Thu Jul 16 08:00:55 EDT 2015<EOT>: Waiting for 2 byte(s): text header
Thu Jul 16 08:00:55 EDT 2015<EOT>: Waiting for 5 byte(s): text body
Thu Jul 16 08:00:55 EDT 2015<EOT>: Sending [0, 1, 71, 58, -70, 59, -66]
Thu Jul 16 08:00:55 EDT 2015<EOT>: Waiting for 2 byte(s): text header
Thu Jul 16 08:00:55 EDT 2015<EOT>: Waiting for 334 byte(s): text body
Thu Jul 16 08:00:55 EDT 2015<EOT>: time,118.927,rpm,1785,ENGINE_LOAD,23.45,MAP,23.45,afr,10.00,vss,0.00,ks,0.00,kv,2.51,vbatt,12.97,TP,0.00,CLT,21.31,MAT,19.58,ckp_c,46729,fuel_base,2.75,fuel_lag,1.00,fuel,4.07,timing,21.74,duty0,NaN,dwell0,0.00,total_dwell0,0.00,period0,0.00,advance0,682.000,duty1,NaN,dwell1,0.00,total_dwell1,0.00,period1,0.00,advance1,682.000,
Thu Jul 16 08:00:55 EDT 2015<EOT>: Sending [0, 1, 71, 58, -70, 59, -66]
Thu Jul 16 08:00:55 EDT 2015<EOT>: Waiting for 2 byte(s): text header
Thu Jul 16 08:00:55 EDT 2015<EOT>: Waiting for 5 byte(s): text body
Thu Jul 16 08:00:55 EDT 2015<EOT>: Sending [0, 1, 71, 58, -70, 59, -66]
Thu Jul 16 08:00:55 EDT 2015<EOT>: Waiting for 2 byte(s): text header
Thu Jul 16 08:00:55 EDT 2015<EOT>: Waiting for 4451 byte(s): text body
Thu Jul 16 08:00:55 EDT 2015<EOT>: time,119.127,rpm,1774,ENGINE_LOAD,23.36,MAP,23.36,afr,9.99,vss,0.00,ks,0.00,kv,2.50,vbatt,12.94,TP,0.00,CLT,21.25,MAT,19.53,rusEfiVersion,20150713@8529 Neon03,outpin,t1@PA5,outpin,t2@PC6,outpin,input1@NONE,outpin,input2@NONE,outpin,c1@PC9,outpin,i1@PB8,outpin,c2@NONE,outpin,i2@PB9,outpin,c3@PE8,outpin,i3@PE2,outpin,c4@NONE,outpin,i4@PB7,ckp_c,47150,fuel_base,2.73,fuel_lag,1.00,fuel,4.06,timing,21.73,duty0,NaN,dwell0,0.00,total_dwell0,0.00,period0,0.00,advance0,682.000,duty1,NaN,dwell1,0.00,total_dwell1,0.00,period1,0.00,advance1,682.000,wave_chart,t2!u_65!0!c1!u!15!t2!d_66!35!t2!u_67!122!t2!d_68!129!t2!u_69!216!t2!d_70!225!i2!u!237!t2!u_71!292!t2!d_72!316!t1!d_73!345!t2!u_74!404!t2!d_75!411!c1!d!423!t2!u_76!478!t2!d_77!505!t2!u_78!566!t2!d_79!598!i2!d!644!t2!u_80!677!t2!d_81!683!t1!u_82!699!t2!u_83!968!t2!d_84!975!t1!d_85!1050!t2!u_86!1054!t2!d_87!1068!t2!u_88!1144!t2!d_89!1162!t2!u_90!1233!t2!d_91!1256!t2!u_92!1344!t2!d_93!1351!t1!u_94!1368!t2!u_95!1438!t2!d_96!1444!t2!u_97!1533!t2!d_98!1538!t2!u_99!1608!t2!d_100!1633!t2!u_101!1670!t1!d_102!1708!c3!u!1723!t2!d_103!1727!t2!u_104!1811!t2!d_105!1820!t2!u_106!1899!t2!d_107!1914!i1!u!1920!t1!u_108!2000!t2!u_109!2004!t2!d_110!2008!t2!u_111!2096!t2!d_112!2102!c3!d!2114!t2!u_113!2144!t2!d_114!2195!t2!u_115!2283!t2!d_116!2290!i1!d!2327!t1!d_117!2329!t2!u_118!2333!t2!d_119!2571!t2!u_120!2646!t2!d_121!2665!t2!u_122!2753!t2!d_123!2759!t2!u_124!2811!t2!d_125!2853!t2!u_126!2899!t2!d_127!2947!t2!u_128!3018!t2!d_129!3041!t2!u_130!3116!t2!d_131!3135!t2!u_132!3223!t2!d_133!3229!t2!u_134!3303!t2!d_135!3323!t2!u_136!3411!t2!d_137!3417!c1!u!3429!t2!u_138!3477!t2!d_139!3511!t2!u_140!3599!t2!d_141!3607!i3!u!3624!t1!u_0!3668!t2!u_1!3683!t2!d_2!3699!t2!u_3!3786!t2!d_4!3792!c1!d!3808!t2!u_5!3880!t2!d_6!3887!t2!u_7!3973!t2!d_8!3979!r!1773!4029!i3!d!4031!t2!u_9!4047!t1!d_10!4051!t2!d_11!4064!t2!u_12!4349!t2!d_13!4355!t1!u_14!4370!t2!u_15!4429!t2!d_16!4449!t2!u_17!4537!t2!d_18!4543!t2!u_19!4631!t2!d_20!4638!map!u!4657!t2!u_21!4723!t2!d_22!4732!t1!d_23!4744!t2!u_24!4811!t2!d_25!4826!t2!u_26!4899!t2!d_27!4921!t2!u_28!5006!t2!d_29!5015!t1!u_30!5053!t2!u_31!5057!c3!u!5075!t2!d_32!5110!map!d!5128!t2!u_33!5198!t2!d_34!5204!t2!u_35!5292!t2!d_36!5302!i4!u!5318!t2!u_37!5386!t2!d_38!5393!t1!d_39!5408!t2!u_40!5477!t2!d_41!5487!c3!d!5503!t2!u_42!5566!t2!d_43!5581!t2!u_44!5669!t2!d_45!5675!HIP!u!5686!i4!d!5725!t1!u_46!5736!t2!u_47!5740!t2!d_48!5958!t2!u_49!6000!t2!d_50!6053!t2!u_51!6142!t2!d_52!6148!t2!u_53!6232!t2!d_54!6242!t2!u_55!6331!t2!d_56!6337!t2!u_57!6426!t2!d_58!6432!t2!u_59!6477!t2!d_60!6527!t2!u_61!6567!t2!d_62!6622!HIP!d!6626!t2!u_63!6713!t2!d_64!6719!t2!u_65!6805!t2!d_66!6811!c1!u!6820!t2!u_67!6899!t2!d_68!6906!t2!u_69!6994!t2!d_70!7004!i2!u!7014!t2!u_71!7091!t2!d_72!7095!t1!d_73!7131!t2!u_74!7135!c1!d!7153!t2!d_75!7189!t2!u_76!7278!t2!d_77!7284!t2!u_78!7372!t2!d_79!7379!i2!d!7421!t2!u_80!7457!t2!d_81!7464!t1!u_82!7488!t2!u_83!7712!t2!d_84!7756!t2!u_85!7810!t1!d_86!7833!t2!d_87!7850!t2!u_88!7891!t2!d_89!7945!t2!u_90!8033!t2!d_91!8039!t2!u_92!8127!t2!d_93!8134!t1!u_94!8161!t2!u_95!8181!t2!d_96!8228!t2!u_97!8273!t2!d_98!8322!t2!u_99!8380!t2!d_100!8417!t2!u_101!8464!t1!d_102!8499!t2!d_103!8511!c3!u!8514!t2!u_104!8566!t2!d_105!8605!t2!u_106!8693!t2!d_107!8702!i1!u!8713!t2!u_108!8787!t1!u_109!8791!t2!d_110!8795!t2!u_111!8881!t2!d_112!8887!c3!d!8899!t2!u_113!8976!t2!d_114!8981!t2!u_115!9070!t2!d_116!9076!i1!d!9122!t1!d_117!9124!t2!u_118!9128!t2!d_119!9358!t2!u_120!9447!t2!d_121!9453!t2!u_122!9541!t2!d_123!9548!t2!u_124!9636!t2!d_125!9642!t2!u_126!9730!t2!d_127!9737!t2!u_128!9798!t2!d_129!9831!t2!u_130!9899!t2!d_131!9926!t2!u_132!9966!t2!d_133!10021!t2!u_134!10098!t2!d_135!10114!t2!u_136!10203!t2!d_137!10209!c1!u!10220!t2!u_138!10278!t2!d_139!10303!t2!u_140!10392!t2!d_141!10400!i3!u!10416!t2!u_142!10464!t1!u_0!10467!t2!d_1!10492!t2!u_2!10566!t2!d_3!10586!c1!d!10609!t2!u_4!10674!t2!d_5!10682!t2!u_6!10768!t2!d_7!10774!i3!d!10822!r!1764!10829!t2!u_8!10853!t1!d_9!10857!t2!d_10!10861!t2!u_11!11130!t2!d_12!11152!t1!u_13!11167!t2!u_14!11233!t2!d_15!11246!t2!u_16!11334!t2!d_17!11340!t2!u_18!11379!t2!d_19!11435!map!u!11461!t2!u_20!11523!t2!d_21!11529!t1!d_22!11548!t2!u_23!11606!t2!d_24!11623!t2!u_25!11671!t2!d_26!11717!t2!u_27!11798!t2!d_28!11812!t1!u_29!11856!t2!u_30!11860!t2!d_31!11906!c3!u!11925!map!d!11935!t2!u_32!11996!t2!d_33!12000!t2!u_34!12088!t2!d_35!12094!i4!u!12122!t2!u_36!12182!t2!d_37!12188!t1!d_38!12211!t2!u_39!12276!t2!d_40!12282!c3!d!12307!,
Thu Jul 16 08:00:55 EDT 2015<EOT>: : t2!u_65!0!c1!u!15!t2!d_66!35!t2!u_67!122!t2!d_68!129!t2!u_69!216!t2!d_70!225!i2!u!237!t2!u_71!292!t2!d_72!316!t1!d_73!345!t2!u_74!404!t2!d_75!411!c1!d!423!t2!u_76!478!t2!d_77!505!t2!u_78!566!t2!d_79!598!i2!d!644!t2!u_80!677!t2!d_81!683!t1!u_82!699!t2!u_83!968!t2!d_84!975!t1!d_85!1050!t2!u_86!1054!t2!d_87!1068!t2!u_88!1144!t2!d_89!1162!t2!u_90!1233!t2!d_91!1256!t2!u_92!1344!t2!d_93!1351!t1!u_94!1368!t2!u_95!1438!t2!d_96!1444!t2!u_97!1533!t2!d_98!1538!t2!u_99!1608!t2!d_100!1633!t2!u_101!1670!t1!d_102!1708!c3!u!1723!t2!d_103!1727!t2!u_104!1811!t2!d_105!1820!t2!u_106!1899!t2!d_107!1914!i1!u!1920!t1!u_108!2000!t2!u_109!2004!t2!d_110!2008!t2!u_111!2096!t2!d_112!2102!c3!d!2114!t2!u_113!2144!t2!d_114!2195!t2!u_115!2283!t2!d_116!2290!i1!d!2327!t1!d_117!2329!t2!u_118!2333!t2!d_119!2571!t2!u_120!2646!t2!d_121!2665!t2!u_122!2753!t2!d_123!2759!t2!u_124!2811!t2!d_125!2853!t2!u_126!2899!t2!d_127!2947!t2!u_128!3018!t2!d_129!3041!t2!u_130!3116!t2!d_131!3135!t2!u_132!3223!t2!d_133!3229!t2!u_134!3303!t2!d_135!3323!t2!u_136!3411!t2!d_137!3417!c1!u!3429!t2!u_138!3477!t2!d_139!3511!t2!u_140!3599!t2!d_141!3607!i3!u!3624!t1!u_0!3668!t2!u_1!3683!t2!d_2!3699!t2!u_3!3786!t2!d_4!3792!c1!d!3808!t2!u_5!3880!t2!d_6!3887!t2!u_7!3973!t2!d_8!3979!r!1773!4029!i3!d!4031!t2!u_9!4047!t1!d_10!4051!t2!d_11!4064!t2!u_12!4349!t2!d_13!4355!t1!u_14!4370!t2!u_15!4429!t2!d_16!4449!t2!u_17!4537!t2!d_18!4543!t2!u_19!4631!t2!d_20!4638!map!u!4657!t2!u_21!4723!t2!d_22!4732!t1!d_23!4744!t2!u_24!4811!t2!d_25!4826!t2!u_26!4899!t2!d_27!4921!t2!u_28!5006!t2!d_29!5015!t1!u_30!5053!t2!u_31!5057!c3!u!5075!t2!d_32!5110!map!d!5128!t2!u_33!5198!t2!d_34!5204!t2!u_35!5292!t2!d_36!5302!i4!u!5318!t2!u_37!5386!t2!d_38!5393!t1!d_39!5408!t2!u_40!5477!t2!d_41!5487!c3!d!5503!t2!u_42!5566!t2!d_43!5581!t2!u_44!5669!t2!d_45!5675!HIP!u!5686!i4!d!5725!t1!u_46!5736!t2!u_47!5740!t2!d_48!5958!t2!u_49!6000!t2!d_50!6053!t2!u_51!6142!t2!d_52!6148!t2!u_53!6232!t2!d_54!6242!t2!u_55!6331!t2!d_56!6337!t2!u_57!6426!t2!d_58!6432!t2!u_59!6477!t2!d_60!6527!t2!u_61!6567!t2!d_62!6622!HIP!d!6626!t2!u_63!6713!t2!d_64!6719!t2!u_65!6805!t2!d_66!6811!c1!u!6820!t2!u_67!6899!t2!d_68!6906!t2!u_69!6994!t2!d_70!7004!i2!u!7014!t2!u_71!7091!t2!d_72!7095!t1!d_73!7131!t2!u_74!7135!c1!d!7153!t2!d_75!7189!t2!u_76!7278!t2!d_77!7284!t2!u_78!7372!t2!d_79!7379!i2!d!7421!t2!u_80!7457!t2!d_81!7464!t1!u_82!7488!t2!u_83!7712!t2!d_84!7756!t2!u_85!7810!t1!d_86!7833!t2!d_87!7850!t2!u_88!7891!t2!d_89!7945!t2!u_90!8033!t2!d_91!8039!t2!u_92!8127!t2!d_93!8134!t1!u_94!8161!t2!u_95!8181!t2!d_96!8228!t2!u_97!8273!t2!d_98!8322!t2!u_99!8380!t2!d_100!8417!t2!u_101!8464!t1!d_102!8499!t2!d_103!8511!c3!u!8514!t2!u_104!8566!t2!d_105!8605!t2!u_106!8693!t2!d_107!8702!i1!u!8713!t2!u_108!8787!t1!u_109!8791!t2!d_110!8795!t2!u_111!8881!t2!d_112!8887!c3!d!8899!t2!u_113!8976!t2!d_114!8981!t2!u_115!9070!t2!d_116!9076!i1!d!9122!t1!d_117!9124!t2!u_118!9128!t2!d_119!9358!t2!u_120!9447!t2!d_121!9453!t2!u_122!9541!t2!d_123!9548!t2!u_124!9636!t2!d_125!9642!t2!u_126!9730!t2!d_127!9737!t2!u_128!9798!t2!d_129!9831!t2!u_130!9899!t2!d_131!9926!t2!u_132!9966!t2!d_133!10021!t2!u_134!10098!t2!d_135!10114!t2!u_136!10203!t2!d_137!10209!c1!u!10220!t2!u_138!10278!t2!d_139!10303!t2!u_140!10392!t2!d_141!10400!i3!u!10416!t2!u_142!10464!t1!u_0!10467!t2!d_1!10492!t2!u_2!10566!t2!d_3!10586!c1!d!10609!t2!u_4!10674!t2!d_5!10682!t2!u_6!10768!t2!d_7!10774!i3!d!10822!r!1764!10829!t2!u_8!10853!t1!d_9!10857!t2!d_10!10861!t2!u_11!11130!t2!d_12!11152!t1!u_13!11167!t2!u_14!11233!t2!d_15!11246!t2!u_16!11334!t2!d_17!11340!t2!u_18!11379!t2!d_19!11435!map!u!11461!t2!u_20!11523!t2!d_21!11529!t1!d_22!11548!t2!u_23!11606!t2!d_24!11623!t2!u_25!11671!t2!d_26!11717!t2!u_27!11798!t2!d_28!11812!t1!u_29!11856!t2!u_30!11860!t2!d_31!11906!c3!u!11925!map!d!11935!t2!u_32!11996!t2!d_33!12000!t2!u_34!12088!t2!d_35!12094!i4!u!12122!t2!u_36!12182!t2!d_37!12188!t1!d_38!12211!t2!u_39!12276!t2!d_40!12282!c3!d!12307!
Thu Jul 16 08:00:55 EDT 2015<EOT>: Sending [0, 1, 71, 58, -70, 59, -66]
Thu Jul 16 08:00:55 EDT 2015<EOT>: Waiting for 2 byte(s): text header
Thu Jul 16 08:00:55 EDT 2015<EOT>: Waiting for 5 byte(s): text body
Thu Jul 16 08:00:55 EDT 2015<EOT>: Sending [0, 1, 71, 58, -70, 59, -66]
Thu Jul 16 08:00:55 EDT 2015<EOT>: Waiting for 2 byte(s): text header
Thu Jul 16 08:00:55 EDT 2015<EOT>: Waiting for 334 byte(s): text body
Thu Jul 16 08:00:55 EDT 2015<EOT>: time,119.329,rpm,1771,ENGINE_LOAD,23.37,MAP,23.37,afr,10.01,vss,0.00,ks,0.00,kv,2.41,vbatt,12.87,TP,0.00,CLT,21.31,MAT,20.00,ckp_c,47571,fuel_base,2.73,fuel_lag,1.00,fuel,4.05,timing,21.72,duty0,NaN,dwell0,0.00,total_dwell0,0.00,period0,0.00,advance0,682.000,duty1,NaN,dwell1,0.00,total_dwell1,0.00,period1,0.00,advance1,682.000,
Thu Jul 16 08:00:55 EDT 2015<EOT>: Sending [0, 1, 71, 58, -70, 59, -66]
Thu Jul 16 08:00:55 EDT 2015<EOT>: Waiting for 2 byte(s): text header
Thu Jul 16 08:00:55 EDT 2015<EOT>: Waiting for 5 byte(s): text body
Thu Jul 16 08:00:55 EDT 2015<EOT>: Sending [0, 1, 71, 58, -70, 59, -66]
Thu Jul 16 08:00:55 EDT 2015<EOT>: Waiting for 2 byte(s): text header
Thu Jul 16 08:00:55 EDT 2015<EOT>: Waiting for 334 byte(s): text body
Thu Jul 16 08:00:55 EDT 2015<EOT>: time,119.529,rpm,1778,ENGINE_LOAD,23.59,MAP,23.59,afr,10.00,vss,0.00,ks,0.00,kv,2.47,vbatt,12.69,TP,0.00,CLT,21.36,MAT,20.94,ckp_c,47993,fuel_base,2.93,fuel_lag,1.00,fuel,4.28,timing,22.02,duty0,NaN,dwell0,0.00,total_dwell0,0.00,period0,0.00,advance0,682.000,duty1,NaN,dwell1,0.00,total_dwell1,0.00,period1,0.00,advance1,682.000,
Thu Jul 16 08:00:55 EDT 2015<EOT>: Sending [0, 1, 71, 58, -70, 59, -66]
Thu Jul 16 08:00:55 EDT 2015<EOT>: Waiting for 2 byte(s): text header
Thu Jul 16 08:00:55 EDT 2015<EOT>: Waiting for 5 byte(s): text body
Thu Jul 16 08:00:55 EDT 2015<EOT>: Sending [0, 1, 71, 58, -70, 59, -66]
Thu Jul 16 08:00:55 EDT 2015<EOT>: Waiting for 2 byte(s): text header
Thu Jul 16 08:00:55 EDT 2015<EOT>: Waiting for 2427 byte(s): text body
Thu Jul 16 08:00:55 EDT 2015<EOT>: time,119.731,rpm,1778,ENGINE_LOAD,23.83,MAP,23.83,afr,10.03,vss,0.00,ks,0.00,kv,2.44,vbatt,12.94,TP,0.00,CLT,21.31,MAT,19.63,ckp_c,48416,fuel_base,2.77,fuel_lag,1.00,fuel,4.10,timing,21.73,duty0,NaN,dwell0,0.00,total_dwell0,0.00,period0,0.00,advance0,682.000,duty1,NaN,dwell1,0.00,total_dwell1,0.00,period1,0.00,advance1,682.000,analog_chart,0.00|0.00|2.37|2001.00|11.68|3002.00|12.31|2003.00|21.65|3004.00|22.39|2005.00|31.58|3006.00|32.19|2007.00|40.43|8.00|41.00|3009.00|41.60|2010.00|71.43|3011.00|72.12|2012.00|74.03|1013.00|78.33|3014.00|82.03|2015.00|91.37|3016.00|91.99|2017.00|101.34|3018.00|101.97|2019.00|110.09|3020.00|111.95|2021.00|113.56|22.00|120.62|3023.00|121.90|2024.00|131.08|3025.00|132.02|2026.00|141.25|3027.00|141.86|2028.00|146.40|1029.00|147.02|3030.00|151.83|2031.00|161.11|3032.00|161.75|2033.00|166.63|3034.00|171.67|2035.00|176.81|3036.00|181.60|2037.00|183.93|38.00|190.93|3039.00|191.55|2040.00|200.86|3041.00|201.74|2042.00|210.81|3043.00|211.47|2044.00|218.70|1045.00|219.31|3046.00|241.31|2047.00|247.92|3048.00|251.31|2049.00|255.75|3050.00|261.25|2051.00|270.04|3052.00|271.24|2053.00|280.58|3054.00|281.20|2055.00|290.56|3056.00|291.21|2057.00|300.54|3058.00|301.18|2059.00|308.86|3060.00|311.15|2061.00|319.03|3062.00|321.21|2063.00|325.96|3064.00|331.13|2065.00|340.44|3066.00|341.05|2067.00|350.38|3068.00|351.04|2069.00|360.44|3070.00|361.05|2071.00|365.08|72.00|365.69|3073.00|370.91|2074.00|378.10|3075.00|380.98|2076.00|390.15|3077.00|390.82|2078.00|398.71|3079.00|399.81|2080.00|402.44|1081.00|429.91|3082.00|430.60|2083.00|438.95|84.00|439.56|3085.00|440.50|2086.00|447.46|3087.00|450.43|2088.00|459.70|3089.00|460.35|2090.00|469.63|3091.00|470.27|2092.00|473.80|1093.00|476.98|3094.00|480.22|2095.00|486.63|3096.00|490.16|2097.00|496.81|3098.00|500.10|2099.00|508.64|100.00|509.26|3101.00|510.01|2102.00|519.30|3103.00|519.94|2104.00|529.22|3105.00|529.84|2106.00|539.12|3107.00|539.75|1108.00|540.38|2109.00|549.04|3110.00|549.65|2111.00|557.75|3112.00|559.64|2113.00|568.96|3114.00|569.57|2115.00|573.47|116.00|574.08|3117.00|599.23|2118.00|603.49|3119.00|609.21|2120.00|618.51|3121.00|619.14|2122.00|628.48|3123.00|629.12|2124.00|638.43|3125.00|639.07|2126.00|648.37|3127.00|649.07|2128.00|658.36|3129.00|659.01|2130.00|663.21|3131.00|668.99|2132.00|674.60|3133.00|678.93|2134.00|688.24|3135.00|688.88|2136.00|698.22|3137.00|698.84|2138.00|708.11|3139.00|708.75|2140.00|,
Thu Jul 16 08:00:55 EDT 2015<EOT>: Analog chart from 0.0 to 708.75
Thu Jul 16 08:00:56 EDT 2015<EOT>: Sending [0, 1, 71, 58, -70, 59, -66]
Thu Jul 16 08:00:56 EDT 2015<EOT>: Waiting for 2 byte(s): text header
Thu Jul 16 08:00:56 EDT 2015<EOT>: Waiting for 5 byte(s): text body
Thu Jul 16 08:00:56 EDT 2015<EOT>: Sending [0, 1, 71, 58, -70, 59, -66]
Thu Jul 16 08:00:56 EDT 2015<EOT>: Waiting for 2 byte(s): text header
Thu Jul 16 08:00:56 EDT 2015<EOT>: Waiting for 334 byte(s): text body
Thu Jul 16 08:00:56 EDT 2015<EOT>: time,119.931,rpm,1782,ENGINE_LOAD,23.75,MAP,23.75,afr,10.00,vss,0.00,ks,0.00,kv,2.43,vbatt,12.94,TP,0.00,CLT,21.28,MAT,19.55,ckp_c,48842,fuel_base,2.77,fuel_lag,1.00,fuel,4.10,timing,21.73,duty0,NaN,dwell0,0.00,total_dwell0,0.00,period0,0.00,advance0,682.000,duty1,NaN,dwell1,0.00,total_dwell1,0.00,period1,0.00,advance1,682.000,
Thu Jul 16 08:00:56 EDT 2015<EOT>: Sending [0, 1, 71, 58, -70, 59, -66]
Thu Jul 16 08:00:56 EDT 2015<EOT>: Waiting for 2 byte(s): text header
Thu Jul 16 08:00:56 EDT 2015<EOT>: Waiting for 5 byte(s): text body
Thu Jul 16 08:00:56 EDT 2015<EOT>: Sending [0, 1, 71, 58, -70, 59, -66]
Thu Jul 16 08:00:56 EDT 2015<EOT>: Waiting for 2 byte(s): text header
Thu Jul 16 08:00:56 EDT 2015<EOT>: Waiting for 4234 byte(s): text body
Thu Jul 16 08:00:56 EDT 2015<EOT>: time,120.133,rpm,1794,ENGINE_LOAD,23.44,MAP,23.44,afr,10.02,vss,0.00,ks,0.00,kv,2.54,vbatt,12.99,TP,0.00,CLT,21.36,MAT,19.55,ckp_c,49269,fuel_base,2.75,fuel_lag,1.00,fuel,4.08,timing,21.73,duty0,NaN,dwell0,0.00,total_dwell0,0.00,period0,0.00,advance0,682.000,duty1,NaN,dwell1,0.00,total_dwell1,0.00,period1,0.00,advance1,682.000,wave_chart,t2!d_32!0!map!d!23!t2!u_33!87!t2!d_34!94!t2!u_35!171!t2!d_36!187!i4!u!197!t2!u_37!275!t2!d_38!280!t1!d_39!304!t2!u_40!368!t2!d_41!374!c3!d!393!t2!u_42!462!t2!d_43!468!t2!u_44!556!t2!d_45!562!HIP!u!586!i4!d!605!t1!u_46!630!t2!u_47!634!t2!d_48!844!t2!u_49!932!t2!d_50!938!t2!u_51!1026!t2!d_52!1032!t2!u_53!1089!t2!d_54!1126!t2!u_55!1171!t2!d_56!1220!t2!u_57!1269!t2!d_58!1314!t2!u_59!1402!t2!d_60!1408!t2!u_61!1498!t2!d_62!1502!HIP!d!1527!t2!u_63!1590!t2!d_64!1597!t2!u_65!1685!t2!d_66!1691!c1!u!1701!t2!u_67!1779!t2!d_68!1784!t2!u_69!1839!i2!u!1859!t2!d_70!1878!t2!u_71!1966!t2!d_72!1972!t1!d_73!2014!t2!u_74!2017!c1!d!2036!t2!d_75!2066!t2!u_76!2154!t2!d_77!2160!t2!u_78!2248!t2!d_79!2254!i2!d!2266!t2!u_80!2300!t2!d_81!2339!t1!u_82!2363!t2!u_83!2602!t2!d_84!2629!t1!d_85!2707!t2!u_86!2711!t2!d_87!2722!t2!u_88!2790!t2!d_89!2816!t2!u_90!2903!t2!d_91!2909!t2!u_92!2989!t2!d_93!3003!t1!u_94!3034!t2!u_95!3083!t2!d_96!3096!t2!u_97!3171!t2!d_98!3190!t2!u_99!3269!t2!d_100!3284!t1!d_101!3365!t2!u_102!3369!t2!d_103!3377!c3!u!3385!t2!u_104!3465!t2!d_105!3471!t2!u_106!3558!t2!d_107!3567!i1!u!3579!t1!u_108!3651!t2!u_109!3655!t2!d_110!3659!t2!u_111!3745!t2!d_112!3754!c3!d!3762!t2!u_113!3838!t2!d_114!3844!t2!u_115!3931!t2!d_116!3938!t1!d_117!3975!t2!u_118!3979!i1!d!3986!t2!d_119!4218!t2!u_120!4259!t2!d_121!4311!t2!u_122!4356!t2!d_123!4406!t2!u_124!4493!t2!d_125!4499!t2!u_126!4587!t2!d_127!4594!t2!u_128!4678!t2!d_129!4687!t2!u_130!4750!t2!d_131!4781!t2!u_132!4837!t2!d_133!4875!t2!u_134!4936!t2!d_135!4969!t2!u_136!5057!t2!d_137!5063!c1!u!5074!t2!u_138!5150!t2!d_139!5156!t2!u_140!5244!t2!d_141!5252!i3!u!5269!t1!u_0!5315!t2!u_1!5331!t2!d_2!5344!t2!u_3!5431!t2!d_4!5437!c1!d!5455!t2!u_5!5505!t2!d_6!5532!t2!u_7!5602!t2!d_8!5625!r!1777!5686!i3!d!5687!t1!d_9!5697!t2!u_10!5701!t2!d_11!5709!t2!u_12!5935!t2!d_13!5999!t1!u_14!6010!t2!u_15!6087!t2!d_16!6094!t2!u_17!6170!t2!d_18!6187!t2!u_19!6269!t2!d_20!6281!map!u!6302!t2!u_21!6345!t2!d_22!6375!t1!d_23!6385!t2!u_24!6463!t2!d_25!6469!t2!u_26!6557!t2!d_27!6563!t2!u_28!6602!t2!d_29!6657!t1!u_30!6696!t2!u_31!6700!c3!u!6719!t2!d_32!6751!map!d!6772!t2!u_33!6838!t2!d_34!6845!t2!u_35!6932!t2!d_36!6942!i4!u!6956!t2!u_37!7026!t2!d_38!7032!t1!d_39!7053!t2!u_40!7120!t2!d_41!7126!c3!d!7144!t2!u_42!7171!t2!d_43!7220!t2!u_44!7307!t2!d_45!7313!HIP!u!7337!i4!d!7364!t1!u_46!7374!t2!u_47!7378!t2!d_48!7595!t2!u_49!7664!t2!d_50!7689!t2!u_51!7749!t2!d_52!7784!t2!u_53!7837!t2!d_54!7878!t2!u_55!7966!t2!d_56!7972!t2!u_57!8062!t2!d_58!8067!t2!u_59!8155!t2!d_60!8161!t2!u_61!8249!t2!d_62!8255!HIP!d!8278!t2!u_63!8344!t2!d_64!8350!t2!u_65!8438!t2!d_66!8444!c1!u!8454!t2!u_67!8504!t2!d_68!8538!t2!u_69!8602!i2!u!8621!t2!d_70!8632!t2!u_71!8720!t2!d_72!8726!t1!d_73!8755!t2!u_74!8814!t2!d_75!8821!c1!d!8833!t2!u_76!8909!t2!d_77!8915!t2!u_78!9002!t2!d_79!9008!i2!d!9028!t2!u_80!9074!t2!d_81!9094!t1!u_82!9110!t2!u_83!9370!t2!d_84!9385!t1!d_85!9457!t2!u_86!9461!t2!d_87!9479!t2!u_88!9567!t2!d_89!9573!t2!u_90!9661!t2!d_91!9668!t2!u_92!9731!t2!d_93!9762!t1!u_94!9778!t2!u_95!9838!t2!d_96!9856!t2!u_97!9944!t2!d_98!9950!t2!u_99!10025!t2!d_100!10044!t1!d_101!10121!t2!u_102!10125!t2!d_103!10139!c3!u!10142!t2!u_104!10227!t2!d_105!10233!t2!u_106!10321!t2!d_107!10330!i1!u!10340!t1!u_108!10412!t2!u_109!10416!t2!d_110!10425!t2!u_111!10507!t2!d_112!10514!c3!d!10525!t2!u_113!10602!t2!d_114!10608!t2!u_115!10696!t2!d_116!10702!t1!d_117!10743!t2!u_118!10747!i1!d!10752!t2!d_119!10985!t2!u_120!11049!t2!d_121!11079!t2!u_122!11167!t2!d_123!11175!t2!u_124!11261!t2!d_125!11268!t2!u_126!11344!t2!d_127!11362!t2!u_128!11450!t2!d_129!11457!t2!u_130!11505!t2!d_131!11551!t2!u_132!11636!t2!d_133!11645!t2!u_134!11733!t2!d_135!11740!t2!u_136!11807!c1!u!11825!t2!d_137!11834!t2!u_138!11922!t2!d_139!11928!t2!u_140!12016!t2!d_141!12025!i3!u!12041!t1!u_0!12087!t2!u_1!12104!t2!d_2!12116!t2!u_3!12171!c1!d!12194!t2!d_4!12210!t2!u_5!12268!t2!d_6!12305!t2!u_7!12392!t2!d_8!12399!i3!d!12446!,
Thu Jul 16 08:00:56 EDT 2015<EOT>: : t2!d_32!0!map!d!23!t2!u_33!87!t2!d_34!94!t2!u_35!171!t2!d_36!187!i4!u!197!t2!u_37!275!t2!d_38!280!t1!d_39!304!t2!u_40!368!t2!d_41!374!c3!d!393!t2!u_42!462!t2!d_43!468!t2!u_44!556!t2!d_45!562!HIP!u!586!i4!d!605!t1!u_46!630!t2!u_47!634!t2!d_48!844!t2!u_49!932!t2!d_50!938!t2!u_51!1026!t2!d_52!1032!t2!u_53!1089!t2!d_54!1126!t2!u_55!1171!t2!d_56!1220!t2!u_57!1269!t2!d_58!1314!t2!u_59!1402!t2!d_60!1408!t2!u_61!1498!t2!d_62!1502!HIP!d!1527!t2!u_63!1590!t2!d_64!1597!t2!u_65!1685!t2!d_66!1691!c1!u!1701!t2!u_67!1779!t2!d_68!1784!t2!u_69!1839!i2!u!1859!t2!d_70!1878!t2!u_71!1966!t2!d_72!1972!t1!d_73!2014!t2!u_74!2017!c1!d!2036!t2!d_75!2066!t2!u_76!2154!t2!d_77!2160!t2!u_78!2248!t2!d_79!2254!i2!d!2266!t2!u_80!2300!t2!d_81!2339!t1!u_82!2363!t2!u_83!2602!t2!d_84!2629!t1!d_85!2707!t2!u_86!2711!t2!d_87!2722!t2!u_88!2790!t2!d_89!2816!t2!u_90!2903!t2!d_91!2909!t2!u_92!2989!t2!d_93!3003!t1!u_94!3034!t2!u_95!3083!t2!d_96!3096!t2!u_97!3171!t2!d_98!3190!t2!u_99!3269!t2!d_100!3284!t1!d_101!3365!t2!u_102!3369!t2!d_103!3377!c3!u!3385!t2!u_104!3465!t2!d_105!3471!t2!u_106!3558!t2!d_107!3567!i1!u!3579!t1!u_108!3651!t2!u_109!3655!t2!d_110!3659!t2!u_111!3745!t2!d_112!3754!c3!d!3762!t2!u_113!3838!t2!d_114!3844!t2!u_115!3931!t2!d_116!3938!t1!d_117!3975!t2!u_118!3979!i1!d!3986!t2!d_119!4218!t2!u_120!4259!t2!d_121!4311!t2!u_122!4356!t2!d_123!4406!t2!u_124!4493!t2!d_125!4499!t2!u_126!4587!t2!d_127!4594!t2!u_128!4678!t2!d_129!4687!t2!u_130!4750!t2!d_131!4781!t2!u_132!4837!t2!d_133!4875!t2!u_134!4936!t2!d_135!4969!t2!u_136!5057!t2!d_137!5063!c1!u!5074!t2!u_138!5150!t2!d_139!5156!t2!u_140!5244!t2!d_141!5252!i3!u!5269!t1!u_0!5315!t2!u_1!5331!t2!d_2!5344!t2!u_3!5431!t2!d_4!5437!c1!d!5455!t2!u_5!5505!t2!d_6!5532!t2!u_7!5602!t2!d_8!5625!r!1777!5686!i3!d!5687!t1!d_9!5697!t2!u_10!5701!t2!d_11!5709!t2!u_12!5935!t2!d_13!5999!t1!u_14!6010!t2!u_15!6087!t2!d_16!6094!t2!u_17!6170!t2!d_18!6187!t2!u_19!6269!t2!d_20!6281!map!u!6302!t2!u_21!6345!t2!d_22!6375!t1!d_23!6385!t2!u_24!6463!t2!d_25!6469!t2!u_26!6557!t2!d_27!6563!t2!u_28!6602!t2!d_29!6657!t1!u_30!6696!t2!u_31!6700!c3!u!6719!t2!d_32!6751!map!d!6772!t2!u_33!6838!t2!d_34!6845!t2!u_35!6932!t2!d_36!6942!i4!u!6956!t2!u_37!7026!t2!d_38!7032!t1!d_39!7053!t2!u_40!7120!t2!d_41!7126!c3!d!7144!t2!u_42!7171!t2!d_43!7220!t2!u_44!7307!t2!d_45!7313!HIP!u!7337!i4!d!7364!t1!u_46!7374!t2!u_47!7378!t2!d_48!7595!t2!u_49!7664!t2!d_50!7689!t2!u_51!7749!t2!d_52!7784!t2!u_53!7837!t2!d_54!7878!t2!u_55!7966!t2!d_56!7972!t2!u_57!8062!t2!d_58!8067!t2!u_59!8155!t2!d_60!8161!t2!u_61!8249!t2!d_62!8255!HIP!d!8278!t2!u_63!8344!t2!d_64!8350!t2!u_65!8438!t2!d_66!8444!c1!u!8454!t2!u_67!8504!t2!d_68!8538!t2!u_69!8602!i2!u!8621!t2!d_70!8632!t2!u_71!8720!t2!d_72!8726!t1!d_73!8755!t2!u_74!8814!t2!d_75!8821!c1!d!8833!t2!u_76!8909!t2!d_77!8915!t2!u_78!9002!t2!d_79!9008!i2!d!9028!t2!u_80!9074!t2!d_81!9094!t1!u_82!9110!t2!u_83!9370!t2!d_84!9385!t1!d_85!9457!t2!u_86!9461!t2!d_87!9479!t2!u_88!9567!t2!d_89!9573!t2!u_90!9661!t2!d_91!9668!t2!u_92!9731!t2!d_93!9762!t1!u_94!9778!t2!u_95!9838!t2!d_96!9856!t2!u_97!9944!t2!d_98!9950!t2!u_99!10025!t2!d_100!10044!t1!d_101!10121!t2!u_102!10125!t2!d_103!10139!c3!u!10142!t2!u_104!10227!t2!d_105!10233!t2!u_106!10321!t2!d_107!10330!i1!u!10340!t1!u_108!10412!t2!u_109!10416!t2!d_110!10425!t2!u_111!10507!t2!d_112!10514!c3!d!10525!t2!u_113!10602!t2!d_114!10608!t2!u_115!10696!t2!d_116!10702!t1!d_117!10743!t2!u_118!10747!i1!d!10752!t2!d_119!10985!t2!u_120!11049!t2!d_121!11079!t2!u_122!11167!t2!d_123!11175!t2!u_124!11261!t2!d_125!11268!t2!u_126!11344!t2!d_127!11362!t2!u_128!11450!t2!d_129!11457!t2!u_130!11505!t2!d_131!11551!t2!u_132!11636!t2!d_133!11645!t2!u_134!11733!t2!d_135!11740!t2!u_136!11807!c1!u!11825!t2!d_137!11834!t2!u_138!11922!t2!d_139!11928!t2!u_140!12016!t2!d_141!12025!i3!u!12041!t1!u_0!12087!t2!u_1!12104!t2!d_2!12116!t2!u_3!12171!c1!d!12194!t2!d_4!12210!t2!u_5!12268!t2!d_6!12305!t2!u_7!12392!t2!d_8!12399!i3!d!12446!
Thu Jul 16 08:00:56 EDT 2015<EOT>: Sending [0, 1, 71, 58, -70, 59, -66]
Thu Jul 16 08:00:56 EDT 2015<EOT>: Waiting for 2 byte(s): text header
Thu Jul 16 08:00:56 EDT 2015<EOT>: Waiting for 5 byte(s): text body
Thu Jul 16 08:00:56 EDT 2015<EOT>: Sending [0, 1, 71, 58, -70, 59, -66]
Thu Jul 16 08:00:56 EDT 2015<EOT>: Waiting for 2 byte(s): text header
Thu Jul 16 08:00:56 EDT 2015<EOT>: Waiting for 334 byte(s): text body
Thu Jul 16 08:00:56 EDT 2015<EOT>: time,120.333,rpm,1787,ENGINE_LOAD,23.47,MAP,23.47,afr,10.04,vss,0.00,ks,0.00,kv,2.54,vbatt,12.96,TP,0.00,CLT,21.36,MAT,19.74,ckp_c,49695,fuel_base,2.75,fuel_lag,1.00,fuel,4.08,timing,21.75,duty0,NaN,dwell0,0.00,total_dwell0,0.00,period0,0.00,advance0,682.000,duty1,NaN,dwell1,0.00,total_dwell1,0.00,period1,0.00,advance1,682.000,
Thu Jul 16 08:00:56 EDT 2015<EOT>: Sending [0, 1, 71, 58, -70, 59, -66]
Thu Jul 16 08:00:56 EDT 2015<EOT>: Waiting for 2 byte(s): text header
Thu Jul 16 08:00:56 EDT 2015<EOT>: Waiting for 5 byte(s): text body
Thu Jul 16 08:00:56 EDT 2015<EOT>: Sending [0, 1, 71, 58, -70, 59, -66]
Thu Jul 16 08:00:56 EDT 2015<EOT>: Waiting for 2 byte(s): text header
Thu Jul 16 08:00:56 EDT 2015<EOT>: Waiting for 334 byte(s): text body
Thu Jul 16 08:00:56 EDT 2015<EOT>: time,120.535,rpm,1808,ENGINE_LOAD,23.27,MAP,23.27,afr,10.02,vss,0.00,ks,0.00,kv,2.57,vbatt,12.98,TP,0.00,CLT,21.54,MAT,19.68,ckp_c,50125,fuel_base,2.75,fuel_lag,1.00,fuel,4.07,timing,21.71,duty0,NaN,dwell0,0.00,total_dwell0,0.00,period0,0.00,advance0,682.000,duty1,NaN,dwell1,0.00,total_dwell1,0.00,period1,0.00,advance1,682.000,
Thu Jul 16 08:00:56 EDT 2015<EOT>: Sending [0, 1, 71, 58, -70, 59, -66]
Thu Jul 16 08:00:56 EDT 2015<EOT>: Waiting for 2 byte(s): text header
Thu Jul 16 08:00:56 EDT 2015<EOT>: Waiting for 5 byte(s): text body
Thu Jul 16 08:00:56 EDT 2015<EOT>: Sending [0, 1, 71, 58, -70, 59, -66]
Thu Jul 16 08:00:56 EDT 2015<EOT>: Waiting for 2 byte(s): text header
Thu Jul 16 08:00:56 EDT 2015<EOT>: Waiting for 334 byte(s): text body
Thu Jul 16 08:00:56 EDT 2015<EOT>: time,120.736,rpm,1802,ENGINE_LOAD,23.09,MAP,23.09,afr,10.01,vss,0.00,ks,0.00,kv,2.55,vbatt,12.97,TP,0.00,CLT,21.44,MAT,19.68,ckp_c,50554,fuel_base,2.73,fuel_lag,1.00,fuel,4.05,timing,21.74,duty0,NaN,dwell0,0.00,total_dwell0,0.00,period0,0.00,advance0,682.000,duty1,NaN,dwell1,0.00,total_dwell1,0.00,period1,0.00,advance1,682.000,
Thu Jul 16 08:00:57 EDT 2015<EOT>: Sending [0, 1, 71, 58, -70, 59, -66]
Thu Jul 16 08:00:57 EDT 2015<EOT>: Waiting for 2 byte(s): text header
Thu Jul 16 08:00:57 EDT 2015<EOT>: Waiting for 5 byte(s): text body
Thu Jul 16 08:00:57 EDT 2015<EOT>: Sending [0, 1, 71, 58, -70, 59, -66]
Thu Jul 16 08:00:57 EDT 2015<EOT>: Waiting for 2 byte(s): text header
Thu Jul 16 08:00:57 EDT 2015<EOT>: Waiting for 334 byte(s): text body
Thu Jul 16 08:00:57 EDT 2015<EOT>: time,120.936,rpm,1808,ENGINE_LOAD,23.11,MAP,23.11,afr,10.00,vss,0.00,ks,0.00,kv,2.64,vbatt,12.85,TP,0.00,CLT,21.65,MAT,19.55,ckp_c,50984,fuel_base,2.73,fuel_lag,1.00,fuel,4.05,timing,21.71,duty0,NaN,dwell0,0.00,total_dwell0,0.00,period0,0.00,advance0,682.000,duty1,NaN,dwell1,0.00,total_dwell1,0.00,period1,0.00,advance1,682.000,
Thu Jul 16 08:00:57 EDT 2015<EOT>: Sending [0, 1, 71, 58, -70, 59, -66]
Thu Jul 16 08:00:57 EDT 2015<EOT>: Waiting for 2 byte(s): text header
Thu Jul 16 08:00:57 EDT 2015<EOT>: Waiting for 5 byte(s): text body
Thu Jul 16 08:00:57 EDT 2015<EOT>: Sending [0, 1, 71, 58, -70, 59, -66]
Thu Jul 16 08:00:57 EDT 2015<EOT>: Waiting for 2 byte(s): text header
Thu Jul 16 08:00:57 EDT 2015<EOT>: Waiting for 6333 byte(s): text body
Thu Jul 16 08:00:57 EDT 2015<EOT>: analog_chart,0.00|0.00|1.56|3001.00|2.25|2002.00|11.60|3003.00|12.34|2004.00|21.63|3005.00|22.40|2006.00|31.60|3007.00|32.27|2008.00|39.16|9.00|39.76|3010.00|41.31|2011.00|65.56|3012.00|72.37|2013.00|73.00|1014.00|81.69|3015.00|82.36|2016.00|86.70|3017.00|92.37|2018.00|96.61|3019.00|102.39|2020.00|111.07|3021.00|112.62|2022.00|113.53|23.00|117.15|3024.00|122.48|2025.00|131.85|3026.00|132.52|2027.00|141.86|3028.00|142.54|2029.00|145.90|1030.00|151.87|3031.00|152.55|2032.00|159.22|3033.00|162.53|2034.00|171.88|3035.00|173.06|2036.00|181.87|3037.00|182.52|2038.00|184.08|39.00|191.87|3040.00|192.62|2041.00|201.86|3042.00|202.57|2043.00|211.86|3044.00|212.51|2045.00|218.70|1046.00|219.33|3047.00|242.54|2048.00|251.97|3049.00|252.59|2050.00|262.00|3051.00|262.66|2052.00|267.97|3053.00|272.72|2054.00|277.89|3055.00|282.82|2056.00|292.21|3057.00|292.88|2058.00|302.29|3059.00|303.20|2060.00|312.36|3061.00|313.04|2062.00|322.44|3063.00|323.07|2064.00|332.50|3065.00|333.17|2066.00|340.49|3067.00|343.42|2068.00|350.56|3069.00|353.24|2070.00|362.64|3071.00|363.29|2072.00|367.02|73.00|372.92|3074.00|373.72|2075.00|382.75|3076.00|383.48|2077.00|392.75|3078.00|393.43|2079.00|401.82|3080.00|402.47|2081.00|404.68|1082.00|429.39|3083.00|433.61|2084.00|438.93|3085.00|441.96|86.00|443.59|2087.00|448.27|3088.00|453.60|2089.00|460.82|3090.00|463.64|2091.00|468.48|3092.00|473.69|2093.00|476.13|1094.00|483.04|3095.00|483.94|2096.00|493.08|3097.00|493.72|2098.00|503.10|3099.00|503.78|2100.00|512.07|101.00|513.03|3102.00|513.77|2103.00|520.77|3104.00|523.85|2105.00|531.88|3106.00|533.79|2107.00|543.10|1108.00|543.73|3109.00|544.37|2110.00|553.14|3111.00|553.95|2112.00|563.32|3113.00|563.94|2114.00|573.15|3115.00|573.84|2116.00|578.32|117.00|578.94|3118.00|603.85|2119.00|613.26|3120.00|613.91|2121.00|620.21|3122.00|623.96|2123.00|629.56|3124.00|634.02|2125.00|640.45|3126.00|644.12|2127.00|649.97|3128.00|654.20|2129.00|663.62|3130.00|664.28|2131.00|673.69|3132.00|674.37|2133.00|681.98|3134.00|684.44|2135.00|691.91|3136.00|694.49|2137.00|702.06|3138.00|704.54|2139.00|713.93|3140.00|715.22|2141.00|,time,121.138,rpm,1804,ENGINE_LOAD,23.09,MAP,23.09,afr,10.04,vss,0.00,ks,0.00,kv,2.55,vbatt,12.97,TP,0.00,CLT,21.52,MAT,19.68,ckp_c,51415,fuel_base,2.73,fuel_lag,1.00,fuel,4.05,timing,21.69,duty0,NaN,dwell0,0.00,total_dwell0,0.00,period0,0.00,advance0,682.000,duty1,NaN,dwell1,0.00,total_dwell1,0.00,period1,0.00,advance1,682.000,wave_chart,t2!u_12!0!t2!d_13!6!t1!u_14!14!t2!u_15!92!t2!d_16!98!t2!u_17!182!t2!d_18!191!t2!u_19!278!t2!d_20!284!map!u!302!t2!u_21!334!t2!d_22!377!t1!d_23!387!t2!u_24!465!t2!d_25!471!t2!u_26!558!t2!d_27!564!t2!u_28!651!t2!d_29!657!t1!u_30!692!t2!u_31!696!c3!u!710!t2!d_32!750!map!d!765!t2!u_33!836!t2!d_34!843!t2!u_35!929!t2!d_36!939!i4!u!947!t2!u_37!1001!t2!d_38!1028!t1!d_39!1046!t2!u_40!1115!t2!d_41!1121!c3!d!1139!t2!u_42!1207!t2!d_43!1214!t2!u_44!1300!t2!d_45!1308!HIP!u!1326!i4!d!1354!t1!u_46!1367!t2!u_47!1371!t2!d_48!1587!t2!u_49!1667!t2!d_50!1678!t2!u_51!1765!t2!d_52!1772!t2!u_53!1859!t2!d_54!1865!t2!u_55!1952!t2!d_56!1958!t2!u_57!2001!t2!d_58!2051!t2!u_59!2139!t2!d_60!2145!t2!u_61!2232!t2!d_62!2238!HIP!d!2257!t2!u_63!2327!t2!d_64!2332!t2!u_65!2419!t2!d_66!2425!c1!u!2431!t2!u_67!2512!t2!d_68!2518!i2!u!2577!t2!u_69!2605!t2!d_70!2611!t2!u_71!2667!t2!d_72!2704!t1!d_73!2738!t2!u_74!2768!c1!d!2786!t2!d_75!2797!t2!u_76!2885!t2!d_77!2891!t2!u_78!2978!t2!d_79!2984!i2!d!2987!t2!u_80!3062!t2!d_81!3068!t1!u_82!3085!t2!u_83!3334!t2!d_84!3356!t1!d_85!3429!t2!u_86!3433!t2!d_87!3449!t2!u_88!3536!t2!d_89!3542!t2!u_90!3629!t2!d_91!3635!t2!u_92!3722!t2!d_93!3728!t1!u_94!3749!t2!u_95!3768!t2!d_96!3821!t2!u_97!3908!t2!d_98!3916!t2!u_99!4000!t2!d_100!4007!t1!d_101!4084!t2!u_102!4087!c3!u!4098!t2!d_103!4102!t2!u_104!4187!t2!d_105!4193!i1!u!4260!t2!u_106!4280!t2!d_107!4286!t2!u_108!4335!t1!u_109!4374!t2!d_110!4379!t2!u_111!4466!t2!d_112!4472!c3!d!4483!t2!u_113!4559!t2!d_114!4565!t2!u_115!4652!t2!d_116!4657!i1!d!4668!t1!d_117!4702!t2!u_118!4706!t2!d_119!4937!t2!u_120!5000!t2!d_121!5030!t2!u_122!5102!t2!d_123!5123!t2!u_124!5196!t2!d_125!5216!t2!u_126!5304!t2!d_127!5310!t2!u_128!5357!t2!d_129!5403!t2!u_130!5491!t2!d_131!5497!t2!u_132!5584!t2!d_133!5590!t2!u_134!5667!t2!d_135!5683!t2!u_136!5768!t2!d_137!5777!c1!u!5781!t2!u_138!5864!t2!d_139!5870!t2!u_140!5959!t2!d_141!5968!i3!u!5975!t2!u_142!6000!t1!u_0!6029!t2!d_1!6056!t2!u_2!6143!t2!d_3!6149!c1!d!6171!t2!u_4!6236!t2!d_5!6244!t2!u_6!6329!t2!d_7!6335!i3!d!6383!r!1790!6386!t1!d_8!6413!t2!u_9!6417!t2!d_10!6420!t2!u_11!6667!t2!d_12!6708!t1!u_13!6725!t2!u_14!6795!t2!d_15!6801!t2!u_16!6888!t2!d_17!6894!t2!u_18!6981!t2!d_19!6987!map!u!7010!t2!u_20!7075!t2!d_21!7081!t1!d_22!7096!t2!u_23!7168!t2!d_24!7174!t2!u_25!7262!t2!d_26!7268!t2!u_27!7333!t2!d_28!7361!t1!u_29!7403!t2!u_30!7407!t2!d_31!7454!c3!u!7467!map!d!7477!t2!u_32!7538!t2!d_33!7549!t2!u_34!7634!t2!d_35!7640!i4!u!7661!t2!u_36!7727!t2!d_37!7733!t1!d_38!7757!t2!u_39!7820!t2!d_40!7827!c3!d!7851!t2!u_41!7915!t2!d_42!7922!t2!u_43!8000!t2!d_44!8013!HIP!u!8020!i4!d!8068!t1!u_45!8079!t2!u_46!8083!t2!d_47!8292!t2!u_48!8333!t2!d_49!8386!t2!u_50!8473!t2!d_51!8479!t2!u_52!8567!t2!d_53!8573!t2!u_54!8661!t2!d_55!8667!t2!u_56!8754!t2!d_57!8760!t2!u_58!8848!t2!d_59!8854!t2!u_60!8915!t2!d_61!8947!HIP!d!8952!t2!u_62!9000!t2!d_63!9041!t2!u_64!9101!t2!d_65!9135!c1!u!9145!t2!u_66!9222!t2!d_67!9228!t2!u_68!9315!t2!d_69!9321!i2!u!9337!t2!u_70!9409!t2!d_71!9415!t1!d_72!9455!t2!u_73!9459!t2!d_74!9508!c1!d!9526!t2!u_75!9596!t2!d_76!9603!t2!u_77!9668!t2!d_78!9697!i2!d!9744!t2!u_79!9773!t2!d_80!9779!t1!u_81!9803!t2!u_82!10062!t2!d_83!10068!t1!d_84!10149!t2!u_85!10153!t2!d_86!10161!t2!u_87!10248!t2!d_88!10255!t2!u_89!10334!t2!d_90!10350!t2!u_91!10434!t2!d_92!10441!t1!u_93!10474!t2!u_94!10528!t2!d_95!10534!t2!u_96!10621!t2!d_97!10627!t2!u_98!10668!t2!d_99!10720!t2!u_100!10797!t1!d_101!10803!t2!d_102!10813!c3!u!10823!t2!u_103!10900!t2!d_104!10907!t2!u_105!10994!t2!d_106!11000!i1!u!11015!t1!u_107!11086!t2!u_108!11090!t2!d_109!11094!t2!u_110!11179!t2!d_111!11187!c3!d!11205!t2!u_112!11272!t2!d_113!11279!t2!u_114!11334!t2!d_115!11371!t1!d_116!11410!t2!u_117!11414!i1!d!11423!t2!d_118!11650!t2!u_119!11738!t2!d_120!11744!t2!u_121!11831!t2!d_122!11837!t2!u_123!11915!t2!d_124!11931!t2!u_125!11999!t2!d_126!12024!t2!u_127!12101!t2!d_128!12118!t2!u_129!12205!t2!d_130!12211!t2!u_131!12277!,
Thu Jul 16 08:00:57 EDT 2015<EOT>: Analog chart from 0.0 to 715.22
Thu Jul 16 08:00:57 EDT 2015<EOT>: : t2!u_12!0!t2!d_13!6!t1!u_14!14!t2!u_15!92!t2!d_16!98!t2!u_17!182!t2!d_18!191!t2!u_19!278!t2!d_20!284!map!u!302!t2!u_21!334!t2!d_22!377!t1!d_23!387!t2!u_24!465!t2!d_25!471!t2!u_26!558!t2!d_27!564!t2!u_28!651!t2!d_29!657!t1!u_30!692!t2!u_31!696!c3!u!710!t2!d_32!750!map!d!765!t2!u_33!836!t2!d_34!843!t2!u_35!929!t2!d_36!939!i4!u!947!t2!u_37!1001!t2!d_38!1028!t1!d_39!1046!t2!u_40!1115!t2!d_41!1121!c3!d!1139!t2!u_42!1207!t2!d_43!1214!t2!u_44!1300!t2!d_45!1308!HIP!u!1326!i4!d!1354!t1!u_46!1367!t2!u_47!1371!t2!d_48!1587!t2!u_49!1667!t2!d_50!1678!t2!u_51!1765!t2!d_52!1772!t2!u_53!1859!t2!d_54!1865!t2!u_55!1952!t2!d_56!1958!t2!u_57!2001!t2!d_58!2051!t2!u_59!2139!t2!d_60!2145!t2!u_61!2232!t2!d_62!2238!HIP!d!2257!t2!u_63!2327!t2!d_64!2332!t2!u_65!2419!t2!d_66!2425!c1!u!2431!t2!u_67!2512!t2!d_68!2518!i2!u!2577!t2!u_69!2605!t2!d_70!2611!t2!u_71!2667!t2!d_72!2704!t1!d_73!2738!t2!u_74!2768!c1!d!2786!t2!d_75!2797!t2!u_76!2885!t2!d_77!2891!t2!u_78!2978!t2!d_79!2984!i2!d!2987!t2!u_80!3062!t2!d_81!3068!t1!u_82!3085!t2!u_83!3334!t2!d_84!3356!t1!d_85!3429!t2!u_86!3433!t2!d_87!3449!t2!u_88!3536!t2!d_89!3542!t2!u_90!3629!t2!d_91!3635!t2!u_92!3722!t2!d_93!3728!t1!u_94!3749!t2!u_95!3768!t2!d_96!3821!t2!u_97!3908!t2!d_98!3916!t2!u_99!4000!t2!d_100!4007!t1!d_101!4084!t2!u_102!4087!c3!u!4098!t2!d_103!4102!t2!u_104!4187!t2!d_105!4193!i1!u!4260!t2!u_106!4280!t2!d_107!4286!t2!u_108!4335!t1!u_109!4374!t2!d_110!4379!t2!u_111!4466!t2!d_112!4472!c3!d!4483!t2!u_113!4559!t2!d_114!4565!t2!u_115!4652!t2!d_116!4657!i1!d!4668!t1!d_117!4702!t2!u_118!4706!t2!d_119!4937!t2!u_120!5000!t2!d_121!5030!t2!u_122!5102!t2!d_123!5123!t2!u_124!5196!t2!d_125!5216!t2!u_126!5304!t2!d_127!5310!t2!u_128!5357!t2!d_129!5403!t2!u_130!5491!t2!d_131!5497!t2!u_132!5584!t2!d_133!5590!t2!u_134!5667!t2!d_135!5683!t2!u_136!5768!t2!d_137!5777!c1!u!5781!t2!u_138!5864!t2!d_139!5870!t2!u_140!5959!t2!d_141!5968!i3!u!5975!t2!u_142!6000!t1!u_0!6029!t2!d_1!6056!t2!u_2!6143!t2!d_3!6149!c1!d!6171!t2!u_4!6236!t2!d_5!6244!t2!u_6!6329!t2!d_7!6335!i3!d!6383!r!1790!6386!t1!d_8!6413!t2!u_9!6417!t2!d_10!6420!t2!u_11!6667!t2!d_12!6708!t1!u_13!6725!t2!u_14!6795!t2!d_15!6801!t2!u_16!6888!t2!d_17!6894!t2!u_18!6981!t2!d_19!6987!map!u!7010!t2!u_20!7075!t2!d_21!7081!t1!d_22!7096!t2!u_23!7168!t2!d_24!7174!t2!u_25!7262!t2!d_26!7268!t2!u_27!7333!t2!d_28!7361!t1!u_29!7403!t2!u_30!7407!t2!d_31!7454!c3!u!7467!map!d!7477!t2!u_32!7538!t2!d_33!7549!t2!u_34!7634!t2!d_35!7640!i4!u!7661!t2!u_36!7727!t2!d_37!7733!t1!d_38!7757!t2!u_39!7820!t2!d_40!7827!c3!d!7851!t2!u_41!7915!t2!d_42!7922!t2!u_43!8000!t2!d_44!8013!HIP!u!8020!i4!d!8068!t1!u_45!8079!t2!u_46!8083!t2!d_47!8292!t2!u_48!8333!t2!d_49!8386!t2!u_50!8473!t2!d_51!8479!t2!u_52!8567!t2!d_53!8573!t2!u_54!8661!t2!d_55!8667!t2!u_56!8754!t2!d_57!8760!t2!u_58!8848!t2!d_59!8854!t2!u_60!8915!t2!d_61!8947!HIP!d!8952!t2!u_62!9000!t2!d_63!9041!t2!u_64!9101!t2!d_65!9135!c1!u!9145!t2!u_66!9222!t2!d_67!9228!t2!u_68!9315!t2!d_69!9321!i2!u!9337!t2!u_70!9409!t2!d_71!9415!t1!d_72!9455!t2!u_73!9459!t2!d_74!9508!c1!d!9526!t2!u_75!9596!t2!d_76!9603!t2!u_77!9668!t2!d_78!9697!i2!d!9744!t2!u_79!9773!t2!d_80!9779!t1!u_81!9803!t2!u_82!10062!t2!d_83!10068!t1!d_84!10149!t2!u_85!10153!t2!d_86!10161!t2!u_87!10248!t2!d_88!10255!t2!u_89!10334!t2!d_90!10350!t2!u_91!10434!t2!d_92!10441!t1!u_93!10474!t2!u_94!10528!t2!d_95!10534!t2!u_96!10621!t2!d_97!10627!t2!u_98!10668!t2!d_99!10720!t2!u_100!10797!t1!d_101!10803!t2!d_102!10813!c3!u!10823!t2!u_103!10900!t2!d_104!10907!t2!u_105!10994!t2!d_106!11000!i1!u!11015!t1!u_107!11086!t2!u_108!11090!t2!d_109!11094!t2!u_110!11179!t2!d_111!11187!c3!d!11205!t2!u_112!11272!t2!d_113!11279!t2!u_114!11334!t2!d_115!11371!t1!d_116!11410!t2!u_117!11414!i1!d!11423!t2!d_118!11650!t2!u_119!11738!t2!d_120!11744!t2!u_121!11831!t2!d_122!11837!t2!u_123!11915!t2!d_124!11931!t2!u_125!11999!t2!d_126!12024!t2!u_127!12101!t2!d_128!12118!t2!u_129!12205!t2!d_130!12211!t2!u_131!12277!
Thu Jul 16 08:00:57 EDT 2015<EOT>: Sending [0, 1, 71, 58, -70, 59, -66]
Thu Jul 16 08:00:57 EDT 2015<EOT>: Waiting for 2 byte(s): text header
Thu Jul 16 08:00:57 EDT 2015<EOT>: Waiting for 5 byte(s): text body
Thu Jul 16 08:00:57 EDT 2015<EOT>: Sending [0, 1, 71, 58, -70, 59, -66]
Thu Jul 16 08:00:57 EDT 2015<EOT>: Waiting for 2 byte(s): text header
Thu Jul 16 08:00:57 EDT 2015<EOT>: Waiting for 334 byte(s): text body
Thu Jul 16 08:00:57 EDT 2015<EOT>: time,121.338,rpm,1801,ENGINE_LOAD,23.29,MAP,23.29,afr,10.00,vss,0.00,ks,0.00,kv,2.60,vbatt,12.91,TP,0.00,CLT,21.39,MAT,19.94,ckp_c,51841,fuel_base,2.74,fuel_lag,1.00,fuel,4.07,timing,21.72,duty0,NaN,dwell0,0.00,total_dwell0,0.00,period0,0.00,advance0,682.000,duty1,NaN,dwell1,0.00,total_dwell1,0.00,period1,0.00,advance1,682.000,
Thu Jul 16 08:00:57 EDT 2015<EOT>: Sending [0, 1, 71, 58, -70, 59, -66]
Thu Jul 16 08:00:57 EDT 2015<EOT>: Waiting for 2 byte(s): text header
Thu Jul 16 08:00:57 EDT 2015<EOT>: Waiting for 5 byte(s): text body
Thu Jul 16 08:00:57 EDT 2015<EOT>: Sending [0, 1, 71, 58, -70, 59, -66]
Thu Jul 16 08:00:57 EDT 2015<EOT>: Waiting for 2 byte(s): text header
Thu Jul 16 08:00:57 EDT 2015<EOT>: Waiting for 334 byte(s): text body
Thu Jul 16 08:00:57 EDT 2015<EOT>: time,121.540,rpm,1790,ENGINE_LOAD,23.41,MAP,23.41,afr,10.05,vss,0.00,ks,0.00,kv,2.57,vbatt,13.02,TP,0.00,CLT,21.46,MAT,20.00,ckp_c,52267,fuel_base,2.75,fuel_lag,1.00,fuel,4.07,timing,21.70,duty0,NaN,dwell0,0.00,total_dwell0,0.00,period0,0.00,advance0,682.000,duty1,NaN,dwell1,0.00,total_dwell1,0.00,period1,0.00,advance1,682.000,
Thu Jul 16 08:00:57 EDT 2015<EOT>: Sending [0, 1, 71, 58, -70, 59, -66]
Thu Jul 16 08:00:57 EDT 2015<EOT>: Waiting for 2 byte(s): text header
Thu Jul 16 08:00:57 EDT 2015<EOT>: Waiting for 5 byte(s): text body
Thu Jul 16 08:00:57 EDT 2015<EOT>: Sending [0, 1, 71, 58, -70, 59, -66]
Thu Jul 16 08:00:57 EDT 2015<EOT>: Waiting for 2 byte(s): text header
Thu Jul 16 08:00:57 EDT 2015<EOT>: Waiting for 334 byte(s): text body
Thu Jul 16 08:00:57 EDT 2015<EOT>: time,121.740,rpm,1803,ENGINE_LOAD,23.63,MAP,23.63,afr,10.02,vss,0.00,ks,0.00,kv,2.56,vbatt,12.99,TP,0.00,CLT,21.46,MAT,19.66,ckp_c,52696,fuel_base,2.77,fuel_lag,1.00,fuel,4.10,timing,21.70,duty0,NaN,dwell0,0.00,total_dwell0,0.00,period0,0.00,advance0,682.000,duty1,NaN,dwell1,0.00,total_dwell1,0.00,period1,0.00,advance1,682.000,
Thu Jul 16 08:00:58 EDT 2015<EOT>: Sending [0, 1, 71, 58, -70, 59, -66]
Thu Jul 16 08:00:58 EDT 2015<EOT>: Waiting for 2 byte(s): text header
Thu Jul 16 08:00:58 EDT 2015<EOT>: Waiting for 5 byte(s): text body
Thu Jul 16 08:00:58 EDT 2015<EOT>: Sending [0, 1, 71, 58, -70, 59, -66]
Thu Jul 16 08:00:58 EDT 2015<EOT>: Waiting for 2 byte(s): text header
Thu Jul 16 08:00:58 EDT 2015<EOT>: Waiting for 334 byte(s): text body
Thu Jul 16 08:00:58 EDT 2015<EOT>: time,121.942,rpm,1818,ENGINE_LOAD,23.25,MAP,23.25,afr,10.00,vss,0.00,ks,0.00,kv,2.58,vbatt,12.69,TP,0.00,CLT,21.44,MAT,20.28,ckp_c,53128,fuel_base,2.75,fuel_lag,1.00,fuel,4.07,timing,21.71,duty0,NaN,dwell0,0.00,total_dwell0,0.00,period0,0.00,advance0,682.000,duty1,NaN,dwell1,0.00,total_dwell1,0.00,period1,0.00,advance1,682.000,
Thu Jul 16 08:00:58 EDT 2015<EOT>: Sending [0, 1, 71, 58, -70, 59, -66]
Thu Jul 16 08:00:58 EDT 2015<EOT>: Waiting for 2 byte(s): text header
Thu Jul 16 08:00:58 EDT 2015<EOT>: Waiting for 5 byte(s): text body
Thu Jul 16 08:00:58 EDT 2015<EOT>: Sending [0, 1, 71, 58, -70, 59, -66]
Thu Jul 16 08:00:58 EDT 2015<EOT>: Waiting for 2 byte(s): text header
Thu Jul 16 08:00:58 EDT 2015<EOT>: Waiting for 4231 byte(s): text body
Thu Jul 16 08:00:58 EDT 2015<EOT>: wave_chart,t2!d_13!0!t1!u_14!10!t2!u_15!86!t2!d_16!91!t2!u_17!168!t2!d_18!183!t2!u_19!267!t2!d_20!275!map!u!301!t2!u_21!363!t2!d_22!368!t1!d_23!382!t2!u_24!414!t2!d_25!461!t2!u_26!501!t2!d_27!554!t2!u_28!593!t2!d_29!646!t1!u_30!683!t2!u_31!688!t2!d_32!738!c3!u!747!map!d!765!t2!u_33!825!t2!d_34!831!t2!u_35!917!t2!d_36!925!i4!u!936!t2!u_37!1009!t2!d_38!1015!t1!d_39!1034!t2!u_40!1102!t2!d_41!1108!c3!d!1125!t2!u_42!1167!t2!d_43!1200!t2!u_44!1286!t2!d_45!1292!HIP!u!1312!i4!d!1343!t1!u_46!1355!t2!u_47!1359!t2!d_48!1570!t2!u_49!1656!t2!d_50!1663!t2!u_51!1749!t2!d_52!1755!t2!u_53!1834!t2!d_54!1848!t2!u_55!1934!t2!d_56!1941!t2!u_57!2028!t2!d_58!2034!t2!u_59!2120!t2!d_60!2126!t2!u_61!2167!t2!d_62!2219!HIP!d!2235!t2!u_63!2306!t2!d_64!2312!c1!u!2372!t2!u_65!2399!t2!d_66!2405!t2!u_67!2491!t2!d_68!2498!t2!u_69!2584!t2!d_70!2592!i2!u!2598!t2!u_71!2676!t2!d_72!2682!t1!d_73!2717!t2!u_74!2721!c1!d!2739!t2!d_75!2775!t2!u_76!2834!t2!d_77!2867!t2!u_78!2954!t2!d_79!2960!i2!d!3004!t2!u_80!3033!t2!d_81!3043!t1!u_82!3065!t2!u_83!3267!t2!d_84!3330!t2!u_85!3403!t1!d_86!3407!t2!d_87!3421!t2!u_88!3501!t2!d_89!3514!t2!u_90!3600!t2!d_91!3606!t2!u_92!3692!t2!d_93!3698!t1!u_94!3721!t2!u_95!3785!t2!d_96!3791!t2!u_97!3834!t2!d_98!3883!t2!u_99!3934!t2!d_100!3976!t1!d_101!4050!t2!u_102!4055!t2!d_103!4067!c3!u!4071!t2!u_104!4154!t2!d_105!4160!t2!u_106!4246!t2!d_107!4255!i1!u!4260!t1!u_108!4334!t2!u_109!4338!t2!d_110!4344!t2!u_111!4430!t2!d_112!4436!c3!d!4447!t2!u_113!4501!t2!d_114!4528!t2!u_115!4600!t2!d_116!4620!t1!d_117!4652!i1!d!4666!t2!u_118!4725!t2!d_119!4896!t2!u_120!4983!t2!d_121!4989!t2!u_122!5066!t2!d_123!5082!t2!u_124!5167!t2!d_125!5174!t2!u_126!5261!t2!d_127!5267!t2!u_128!5337!t2!d_129!5360!t2!u_130!5446!t2!d_131!5452!t2!u_132!5500!t2!d_133!5545!t2!u_134!5623!t2!d_135!5638!c1!u!5700!t2!u_136!5725!t2!d_137!5730!t2!u_138!5817!t2!d_139!5823!t2!u_140!5909!t2!d_141!5918!i3!u!5927!t1!u_0!5976!t2!u_1!5992!t2!d_2!6007!t2!u_3!6094!t2!d_4!6099!c1!d!6115!t2!u_5!6167!t2!d_6!6193!t2!u_7!6278!t2!d_8!6284!r!1804!6333!i3!d!6334!t1!d_9!6354!t2!u_10!6357!t2!d_11!6368!t2!u_12!6600!t2!d_13!6655!t1!u_14!6662!t2!u_15!6741!t2!d_16!6748!t2!u_17!6834!t2!d_18!6840!t2!u_19!6927!t2!d_20!6933!map!u!6950!t2!u_21!7019!t2!d_22!7026!t1!d_23!7034!t2!u_24!7113!t2!d_25!7118!t2!u_26!7167!t2!d_27!7211!t2!u_28!7267!t2!d_29!7304!t1!u_30!7340!t2!u_31!7344!c3!u!7356!t2!d_32!7397!map!d!7413!t2!u_33!7483!t2!d_34!7489!t2!u_35!7576!t2!d_36!7584!i4!u!7594!t2!u_37!7668!t2!d_38!7674!t1!d_39!7692!t2!u_40!7760!t2!d_41!7766!c3!d!7785!t2!u_42!7833!t2!d_43!7859!t2!u_44!7933!t2!d_45!7951!HIP!u!7965!i4!d!8001!t1!u_46!8013!t2!u_47!8017!t2!d_48!8229!t2!u_49!8318!t2!d_50!8322!t2!u_51!8409!t2!d_52!8415!t2!u_53!8500!t2!d_54!8508!t2!u_55!8595!t2!d_56!8601!t2!u_57!8688!t2!d_58!8694!t2!u_59!8781!t2!d_60!8787!t2!u_61!8833!t2!d_62!8879!HIP!d!8890!t2!u_63!8933!t2!d_64!8972!t2!u_65!9059!t2!d_66!9066!c1!u!9070!t2!u_67!9152!t2!d_68!9160!t2!u_69!9245!t2!d_70!9253!i2!u!9258!t2!u_71!9337!t2!d_72!9343!t1!d_73!9377!t2!u_74!9430!t2!d_75!9436!c1!d!9449!t2!u_76!9500!t2!d_77!9529!t2!u_78!9600!t2!d_79!9621!i2!d!9665!t2!u_80!9699!t2!d_81!9705!t1!u_82!9722!t2!u_83!9933!t2!d_84!9992!t1!d_85!10064!t2!u_86!10068!t2!d_87!10086!t2!u_88!10171!t2!d_89!10177!t2!u_90!10263!t2!d_91!10269!t2!u_92!10356!t2!d_93!10363!t1!u_94!10381!t2!u_95!10448!t2!d_96!10454!t2!u_97!10507!t2!d_98!10547!t2!u_99!10634!t2!d_100!10640!t2!u_101!10704!t1!d_102!10717!c3!u!10725!t2!d_103!10732!t2!u_104!10819!t2!d_105!10824!t2!u_106!10911!t2!d_107!10920!i1!u!10925!t2!u_108!11003!t1!u_109!11007!t2!d_110!11011!t2!u_111!11096!t2!d_112!11102!c3!d!11114!t2!u_113!11174!t2!d_114!11194!t2!u_115!11268!t2!d_116!11287!t1!d_117!11330!t2!u_118!11334!i1!d!11338!t2!d_119!11564!t2!u_120!11651!t2!d_121!11656!t2!u_122!11743!t2!d_123!11751!t2!u_124!11836!t2!d_125!11842!t2!u_126!11928!t2!d_127!11935!t2!u_128!12021!t2!d_129!12027!t2!u_130!12113!t2!d_131!12119!t2!u_132!12174!t2!d_133!12213!,time,122.142,rpm,1821,ENGINE_LOAD,23.03,MAP,23.03,afr,10.00,vss,0.00,ks,0.00,kv,2.59,vbatt,12.59,TP,0.00,CLT,21.49,MAT,21.78,ckp_c,53561,fuel_base,2.73,fuel_lag,1.00,fuel,4.05,timing,21.70,duty0,NaN,dwell0,0.00,total_dwell0,0.00,period0,0.00,advance0,682.000,duty1,NaN,dwell1,0.00,total_dwell1,0.00,period1,0.00,advance1,682.000,
Thu Jul 16 08:00:58 EDT 2015<EOT>: : t2!d_13!0!t1!u_14!10!t2!u_15!86!t2!d_16!91!t2!u_17!168!t2!d_18!183!t2!u_19!267!t2!d_20!275!map!u!301!t2!u_21!363!t2!d_22!368!t1!d_23!382!t2!u_24!414!t2!d_25!461!t2!u_26!501!t2!d_27!554!t2!u_28!593!t2!d_29!646!t1!u_30!683!t2!u_31!688!t2!d_32!738!c3!u!747!map!d!765!t2!u_33!825!t2!d_34!831!t2!u_35!917!t2!d_36!925!i4!u!936!t2!u_37!1009!t2!d_38!1015!t1!d_39!1034!t2!u_40!1102!t2!d_41!1108!c3!d!1125!t2!u_42!1167!t2!d_43!1200!t2!u_44!1286!t2!d_45!1292!HIP!u!1312!i4!d!1343!t1!u_46!1355!t2!u_47!1359!t2!d_48!1570!t2!u_49!1656!t2!d_50!1663!t2!u_51!1749!t2!d_52!1755!t2!u_53!1834!t2!d_54!1848!t2!u_55!1934!t2!d_56!1941!t2!u_57!2028!t2!d_58!2034!t2!u_59!2120!t2!d_60!2126!t2!u_61!2167!t2!d_62!2219!HIP!d!2235!t2!u_63!2306!t2!d_64!2312!c1!u!2372!t2!u_65!2399!t2!d_66!2405!t2!u_67!2491!t2!d_68!2498!t2!u_69!2584!t2!d_70!2592!i2!u!2598!t2!u_71!2676!t2!d_72!2682!t1!d_73!2717!t2!u_74!2721!c1!d!2739!t2!d_75!2775!t2!u_76!2834!t2!d_77!2867!t2!u_78!2954!t2!d_79!2960!i2!d!3004!t2!u_80!3033!t2!d_81!3043!t1!u_82!3065!t2!u_83!3267!t2!d_84!3330!t2!u_85!3403!t1!d_86!3407!t2!d_87!3421!t2!u_88!3501!t2!d_89!3514!t2!u_90!3600!t2!d_91!3606!t2!u_92!3692!t2!d_93!3698!t1!u_94!3721!t2!u_95!3785!t2!d_96!3791!t2!u_97!3834!t2!d_98!3883!t2!u_99!3934!t2!d_100!3976!t1!d_101!4050!t2!u_102!4055!t2!d_103!4067!c3!u!4071!t2!u_104!4154!t2!d_105!4160!t2!u_106!4246!t2!d_107!4255!i1!u!4260!t1!u_108!4334!t2!u_109!4338!t2!d_110!4344!t2!u_111!4430!t2!d_112!4436!c3!d!4447!t2!u_113!4501!t2!d_114!4528!t2!u_115!4600!t2!d_116!4620!t1!d_117!4652!i1!d!4666!t2!u_118!4725!t2!d_119!4896!t2!u_120!4983!t2!d_121!4989!t2!u_122!5066!t2!d_123!5082!t2!u_124!5167!t2!d_125!5174!t2!u_126!5261!t2!d_127!5267!t2!u_128!5337!t2!d_129!5360!t2!u_130!5446!t2!d_131!5452!t2!u_132!5500!t2!d_133!5545!t2!u_134!5623!t2!d_135!5638!c1!u!5700!t2!u_136!5725!t2!d_137!5730!t2!u_138!5817!t2!d_139!5823!t2!u_140!5909!t2!d_141!5918!i3!u!5927!t1!u_0!5976!t2!u_1!5992!t2!d_2!6007!t2!u_3!6094!t2!d_4!6099!c1!d!6115!t2!u_5!6167!t2!d_6!6193!t2!u_7!6278!t2!d_8!6284!r!1804!6333!i3!d!6334!t1!d_9!6354!t2!u_10!6357!t2!d_11!6368!t2!u_12!6600!t2!d_13!6655!t1!u_14!6662!t2!u_15!6741!t2!d_16!6748!t2!u_17!6834!t2!d_18!6840!t2!u_19!6927!t2!d_20!6933!map!u!6950!t2!u_21!7019!t2!d_22!7026!t1!d_23!7034!t2!u_24!7113!t2!d_25!7118!t2!u_26!7167!t2!d_27!7211!t2!u_28!7267!t2!d_29!7304!t1!u_30!7340!t2!u_31!7344!c3!u!7356!t2!d_32!7397!map!d!7413!t2!u_33!7483!t2!d_34!7489!t2!u_35!7576!t2!d_36!7584!i4!u!7594!t2!u_37!7668!t2!d_38!7674!t1!d_39!7692!t2!u_40!7760!t2!d_41!7766!c3!d!7785!t2!u_42!7833!t2!d_43!7859!t2!u_44!7933!t2!d_45!7951!HIP!u!7965!i4!d!8001!t1!u_46!8013!t2!u_47!8017!t2!d_48!8229!t2!u_49!8318!t2!d_50!8322!t2!u_51!8409!t2!d_52!8415!t2!u_53!8500!t2!d_54!8508!t2!u_55!8595!t2!d_56!8601!t2!u_57!8688!t2!d_58!8694!t2!u_59!8781!t2!d_60!8787!t2!u_61!8833!t2!d_62!8879!HIP!d!8890!t2!u_63!8933!t2!d_64!8972!t2!u_65!9059!t2!d_66!9066!c1!u!9070!t2!u_67!9152!t2!d_68!9160!t2!u_69!9245!t2!d_70!9253!i2!u!9258!t2!u_71!9337!t2!d_72!9343!t1!d_73!9377!t2!u_74!9430!t2!d_75!9436!c1!d!9449!t2!u_76!9500!t2!d_77!9529!t2!u_78!9600!t2!d_79!9621!i2!d!9665!t2!u_80!9699!t2!d_81!9705!t1!u_82!9722!t2!u_83!9933!t2!d_84!9992!t1!d_85!10064!t2!u_86!10068!t2!d_87!10086!t2!u_88!10171!t2!d_89!10177!t2!u_90!10263!t2!d_91!10269!t2!u_92!10356!t2!d_93!10363!t1!u_94!10381!t2!u_95!10448!t2!d_96!10454!t2!u_97!10507!t2!d_98!10547!t2!u_99!10634!t2!d_100!10640!t2!u_101!10704!t1!d_102!10717!c3!u!10725!t2!d_103!10732!t2!u_104!10819!t2!d_105!10824!t2!u_106!10911!t2!d_107!10920!i1!u!10925!t2!u_108!11003!t1!u_109!11007!t2!d_110!11011!t2!u_111!11096!t2!d_112!11102!c3!d!11114!t2!u_113!11174!t2!d_114!11194!t2!u_115!11268!t2!d_116!11287!t1!d_117!11330!t2!u_118!11334!i1!d!11338!t2!d_119!11564!t2!u_120!11651!t2!d_121!11656!t2!u_122!11743!t2!d_123!11751!t2!u_124!11836!t2!d_125!11842!t2!u_126!11928!t2!d_127!11935!t2!u_128!12021!t2!d_129!12027!t2!u_130!12113!t2!d_131!12119!t2!u_132!12174!t2!d_133!12213!
Thu Jul 16 08:00:58 EDT 2015<EOT>: Sending [0, 1, 71, 58, -70, 59, -66]
Thu Jul 16 08:00:58 EDT 2015<EOT>: Waiting for 2 byte(s): text header
Thu Jul 16 08:00:58 EDT 2015<EOT>: Waiting for 5 byte(s): text body
Thu Jul 16 08:00:58 EDT 2015<EOT>: Sending [0, 1, 71, 58, -70, 59, -66]
Thu Jul 16 08:00:58 EDT 2015<EOT>: Waiting for 2 byte(s): text header
Thu Jul 16 08:00:58 EDT 2015<EOT>: Waiting for 373 byte(s): text body
Thu Jul 16 08:00:58 EDT 2015<EOT>: msg,WARNING: unexpected eventIndex=142,time,122.344,rpm,1799,ENGINE_LOAD,23.50,MAP,23.50,afr,10.00,vss,0.00,ks,0.00,kv,2.54,vbatt,12.96,TP,0.00,CLT,21.52,MAT,20.26,ckp_c,53991,fuel_base,2.78,fuel_lag,1.00,fuel,4.10,timing,21.69,duty0,NaN,dwell0,0.00,total_dwell0,0.00,period0,0.00,advance0,682.000,duty1,NaN,dwell1,0.00,total_dwell1,0.00,period1,0.00,advance1,682.000,
Thu Jul 16 08:00:58 EDT 2015<EOT>: postMessage EngineState: WARNING: unexpected eventIndex=142
Thu Jul 16 08:00:58 EDT 2015<EOT>: Sending [0, 1, 71, 58, -70, 59, -66]
Thu Jul 16 08:00:58 EDT 2015<EOT>: Waiting for 2 byte(s): text header
Thu Jul 16 08:00:58 EDT 2015<EOT>: Waiting for 2098 byte(s): text body
Thu Jul 16 08:00:58 EDT 2015<EOT>: analog_chart,0.00|0.00|2.34|2001.00|11.72|3002.00|12.37|2003.00|21.77|3004.00|22.56|2005.00|31.79|3006.00|32.42|2007.00|40.86|8.00|41.45|3009.00|42.06|2010.00|70.20|3011.00|72.71|2012.00|74.51|1013.00|82.04|3014.00|82.70|2015.00|92.09|3016.00|92.75|2017.00|102.15|3018.00|102.77|2019.00|112.20|3020.00|112.87|2021.00|114.36|22.00|122.24|3023.00|122.91|2024.00|132.21|3025.00|132.95|2026.00|142.16|3027.00|142.99|2028.00|147.54|1029.00|148.16|3030.00|153.01|2031.00|162.38|3032.00|163.02|2033.00|168.23|3034.00|173.05|2035.00|178.13|3036.00|183.05|2037.00|185.61|38.00|192.44|3039.00|193.09|2040.00|202.46|3041.00|203.35|2042.00|212.49|3043.00|213.12|2044.00|218.09|3045.00|220.49|1046.00|243.25|2047.00|250.09|3048.00|253.30|2049.00|262.72|3050.00|263.36|2051.00|272.78|3052.00|273.42|2053.00|282.85|3054.00|283.49|2055.00|292.92|3056.00|293.59|2057.00|303.04|3058.00|303.65|2059.00|311.96|3060.00|313.68|2061.00|322.05|3062.00|323.77|2063.00|333.18|3064.00|334.13|2065.00|343.23|3066.00|343.90|2067.00|347.94|3068.00|353.91|2069.00|358.02|3070.00|363.96|2071.00|368.34|72.00|368.95|3073.00|374.02|2074.00|383.39|3075.00|384.17|2076.00|393.40|3077.00|394.03|2078.00|402.46|3079.00|403.13|2080.00|405.81|1081.00|433.53|3082.00|434.22|2083.00|442.79|84.00|443.40|3085.00|444.22|2086.00|453.58|3087.00|454.25|2088.00|463.61|3089.00|464.26|2090.00|473.63|3091.00|474.30|2092.00|477.70|1093.00|483.67|3094.00|484.57|2095.00|491.86|3096.00|494.37|2097.00|501.92|3098.00|504.48|2099.00|513.18|100.00|513.79|3101.00|514.61|2102.00|523.75|3103.00|524.38|2104.00|533.75|3105.00|534.86|2106.00|543.76|3107.00|544.40|1108.00|545.03|2109.00|553.79|3110.00|554.41|2111.00|563.75|3112.00|564.42|2113.00|573.89|3114.00|574.51|2115.00|578.55|116.00|579.18|3117.00|604.45|2118.00|613.81|3119.00|614.47|2120.00|620.10|3121.00|624.59|2122.00|633.92|3123.00|634.59|2124.00|643.98|3125.00|644.63|2126.00|654.03|3127.00|654.71|2128.00|661.71|3129.00|664.75|2130.00|671.74|3131.00|674.80|2132.00|684.19|3133.00|684.86|2134.00|694.23|3135.00|695.01|2136.00|704.27|3137.00|704.92|2138.00|714.30|3139.00|714.94|2140.00|,
Thu Jul 16 08:00:58 EDT 2015<EOT>: Analog chart from 0.0 to 714.94
Thu Jul 16 08:00:58 EDT 2015<EOT>: Sending [0, 1, 71, 58, -70, 59, -66]
Thu Jul 16 08:00:58 EDT 2015<EOT>: Waiting for 2 byte(s): text header
Thu Jul 16 08:00:58 EDT 2015<EOT>: Waiting for 334 byte(s): text body
Thu Jul 16 08:00:58 EDT 2015<EOT>: time,122.544,rpm,1790,ENGINE_LOAD,24.13,MAP,24.13,afr,10.00,vss,0.00,ks,0.00,kv,2.48,vbatt,12.59,TP,0.00,CLT,21.39,MAT,21.73,ckp_c,54418,fuel_base,2.87,fuel_lag,1.00,fuel,4.21,timing,21.72,duty0,NaN,dwell0,0.00,total_dwell0,0.00,period0,0.00,advance0,682.000,duty1,NaN,dwell1,0.00,total_dwell1,0.00,period1,0.00,advance1,682.000,
Thu Jul 16 08:00:58 EDT 2015<EOT>: Sending [0, 1, 71, 58, -70, 59, -66]
Thu Jul 16 08:00:58 EDT 2015<EOT>: Waiting for 2 byte(s): text header
Thu Jul 16 08:00:58 EDT 2015<EOT>: Waiting for 5 byte(s): text body
Thu Jul 16 08:00:58 EDT 2015<EOT>: Sending [0, 1, 71, 58, -70, 59, -66]
Thu Jul 16 08:00:58 EDT 2015<EOT>: Waiting for 2 byte(s): text header
Thu Jul 16 08:00:58 EDT 2015<EOT>: Waiting for 334 byte(s): text body
Thu Jul 16 08:00:58 EDT 2015<EOT>: time,122.746,rpm,1813,ENGINE_LOAD,24.03,MAP,24.03,afr,10.00,vss,0.00,ks,0.00,kv,2.47,vbatt,12.93,TP,0.00,CLT,21.52,MAT,20.08,ckp_c,54851,fuel_base,2.81,fuel_lag,1.00,fuel,4.14,timing,21.69,duty0,NaN,dwell0,0.00,total_dwell0,0.00,period0,0.00,advance0,682.000,duty1,NaN,dwell1,0.00,total_dwell1,0.00,period1,0.00,advance1,682.000,
Thu Jul 16 08:00:59 EDT 2015<EOT>: Sending [0, 1, 71, 58, -70, 59, -66]
Thu Jul 16 08:00:59 EDT 2015<EOT>: Waiting for 2 byte(s): text header
Thu Jul 16 08:00:59 EDT 2015<EOT>: Waiting for 5 byte(s): text body
Thu Jul 16 08:00:59 EDT 2015<EOT>: Sending [0, 1, 71, 58, -70, 59, -66]
Thu Jul 16 08:00:59 EDT 2015<EOT>: Waiting for 2 byte(s): text header
Thu Jul 16 08:00:59 EDT 2015<EOT>: Waiting for 334 byte(s): text body
Thu Jul 16 08:00:59 EDT 2015<EOT>: time,122.946,rpm,1808,ENGINE_LOAD,23.85,MAP,23.85,afr,10.10,vss,0.00,ks,0.00,kv,2.51,vbatt,13.03,TP,0.00,CLT,21.44,MAT,20.10,ckp_c,55281,fuel_base,2.79,fuel_lag,1.00,fuel,4.12,timing,21.71,duty0,NaN,dwell0,0.00,total_dwell0,0.00,period0,0.00,advance0,682.000,duty1,NaN,dwell1,0.00,total_dwell1,0.00,period1,0.00,advance1,682.000,
Thu Jul 16 08:00:59 EDT 2015<EOT>: Sending [0, 1, 71, 58, -70, 59, -66]
Thu Jul 16 08:00:59 EDT 2015<EOT>: Waiting for 2 byte(s): text header
Thu Jul 16 08:00:59 EDT 2015<EOT>: Waiting for 5 byte(s): text body
Thu Jul 16 08:00:59 EDT 2015<EOT>: Sending [0, 1, 71, 58, -70, 59, -66]
Thu Jul 16 08:00:59 EDT 2015<EOT>: Waiting for 2 byte(s): text header
Thu Jul 16 08:00:59 EDT 2015<EOT>: Waiting for 4441 byte(s): text body
Thu Jul 16 08:00:59 EDT 2015<EOT>: wave_chart,t2!u_21!0!t2!d_22!5!t1!d_23!16!t2!u_24!91!t2!d_25!97!t2!u_26!140!t2!d_27!189!t2!u_28!261!t2!d_29!280!t1!u_30!320!t2!u_31!327!t2!d_32!372!c3!u!380!map!d!393!t2!u_33!457!t2!d_34!464!t2!u_35!549!t2!d_36!559!i4!u!565!t2!u_37!640!t2!d_38!646!t1!d_39!666!t2!u_40!732!t2!d_41!738!c3!d!756!t2!u_42!819!t2!d_43!829!t2!u_44!885!t2!d_45!921!HIP!u!940!i4!d!970!t1!u_46!986!t2!u_47!990!t2!d_48!1195!t2!u_49!1281!t2!d_50!1288!t2!u_51!1365!t2!d_52!1379!t2!u_53!1465!t2!d_54!1471!t2!u_55!1552!t2!d_56!1563!t2!u_57!1649!t2!d_58!1655!t2!u_59!1699!t2!d_60!1747!t2!u_61!1819!t2!d_62!1840!HIP!d!1856!t2!u_63!1885!t2!d_64!1932!c1!u!1988!t2!u_65!1992!t2!d_66!2024!t2!u_67!2110!t2!d_68!2116!t2!u_69!2152!i2!u!2184!t2!d_70!2208!t2!u_71!2294!t2!d_72!2300!t1!d_73!2340!t2!u_74!2344!c1!d!2364!t2!d_75!2391!t2!u_76!2478!t2!d_77!2485!t2!u_78!2569!t2!d_79!2575!i2!d!2579!t2!u_80!2652!t2!d_81!2658!t1!u_82!2686!t2!u_83!2885!t2!d_84!2943!t1!d_85!3018!t2!u_86!3022!t2!d_87!3035!t2!u_88!3121!t2!d_89!3127!t2!u_90!3213!t2!d_91!3219!t2!u_92!3297!t2!d_93!3311!t1!u_94!3339!t2!u_95!3365!t2!d_96!3403!t2!u_97!3485!t2!d_98!3495!t2!u_99!3551!t2!d_100!3587!t1!d_101!3667!t2!u_102!3672!t2!d_103!3679!c3!u!3697!t2!u_104!3765!t2!d_105!3771!t2!u_106!3819!i1!u!3835!t2!d_107!3863!t2!u_108!3949!t2!d_109!3954!t1!u_110!3958!t2!u_111!4042!t2!d_112!4047!c3!d!4060!t2!u_113!4132!t2!d_114!4138!t2!u_115!4218!t2!d_116!4229!i1!d!4241!t1!d_117!4277!t2!u_118!4281!t2!d_119!4505!t2!u_120!4551!t2!d_121!4598!t2!u_122!4686!t2!d_123!4690!t2!u_124!4776!t2!d_125!4783!t2!u_126!4818!t2!d_127!4874!t2!u_128!4961!t2!d_129!4967!t2!u_130!5053!t2!d_131!5060!t2!u_132!5146!t2!d_133!5152!t2!u_134!5218!t2!d_135!5244!t2!u_136!5293!c1!u!5304!t2!d_137!5336!t2!u_138!5423!t2!d_139!5429!t2!u_140!5485!i3!u!5500!t2!d_141!5521!t1!u_0!5591!t2!u_1!5608!t2!d_2!5613!t2!u_3!5699!t2!d_4!5705!c1!d!5721!t2!u_5!5791!t2!d_6!5798!t2!u_7!5884!t2!d_8!5889!i3!d!5905!t2!u_9!5938!r!1812!5945!t1!d_10!5957!t2!d_11!5972!t2!u_12!6218!t2!d_13!6258!t1!u_14!6270!t2!u_15!6324!t2!d_16!6350!t2!u_17!6436!t2!d_18!6442!t2!u_19!6485!t2!d_20!6535!map!u!6562!t2!u_21!6622!t2!d_22!6628!t1!d_23!6643!t2!u_24!6708!t2!d_25!6720!t2!u_26!6807!t2!d_27!6813!t2!u_28!6884!t2!d_29!6905!t1!u_30!6943!t2!u_31!6949!t2!d_32!6998!c3!u!7004!map!d!7023!t2!u_33!7084!t2!d_34!7090!t2!u_35!7151!i4!u!7169!t2!d_36!7182!t2!u_37!7268!t2!d_38!7274!t1!d_39!7292!t2!u_40!7360!t2!d_41!7367!c3!d!7385!t2!u_42!7453!t2!d_43!7459!t2!u_44!7545!t2!d_45!7551!HIP!u!7561!i4!d!7577!t1!u_46!7615!t2!u_47!7619!t2!d_48!7830!t2!u_49!7907!t2!d_50!7921!t2!u_51!8007!t2!d_52!8013!t2!u_53!8099!t2!d_54!8106!t2!u_55!8151!t2!d_56!8198!t2!u_57!8267!t2!d_58!8290!t2!u_59!8365!t2!d_60!8383!t2!u_61!8469!t2!d_62!8475!HIP!d!8479!t2!u_63!8551!t2!d_64!8568!c1!u!8624!t2!u_65!8654!t2!d_66!8660!t2!u_67!8746!t2!d_68!8752!i2!u!8811!t2!u_69!8818!t2!d_70!8845!t2!u_71!8931!t2!d_72!8937!t1!d_73!8971!t2!u_74!9024!t2!d_75!9029!c1!d!9042!t2!u_76!9115!t2!d_77!9122!t2!u_78!9207!t2!d_79!9213!i2!d!9218!t2!u_80!9264!t2!d_81!9296!t1!u_82!9319!t2!u_83!9551!t2!d_84!9582!t1!d_85!9658!t2!u_86!9662!t2!d_87!9676!t2!u_88!9715!t2!d_89!9766!t2!u_90!9818!t2!d_91!9858!t2!u_92!9940!t2!d_93!9950!t1!u_94!9976!t2!u_95!10036!t2!d_96!10043!t2!u_97!10129!t2!d_98!10135!t2!u_99!10217!t2!d_100!10227!t1!d_101!10301!t2!u_102!10306!t2!d_103!10319!c3!u!10324!t2!u_104!10405!t2!d_105!10411!t2!u_106!10459!i1!u!10478!t2!d_107!10503!t1!u_108!10586!t2!u_109!10590!t2!d_110!10595!t2!u_111!10681!t2!d_112!10688!c3!d!10699!t2!u_113!10773!t2!d_114!10779!t2!u_115!10865!t2!d_116!10871!i1!d!10885!t1!d_117!10903!t2!u_118!10966!t2!d_119!11148!t2!u_120!11191!t2!d_121!11240!t2!u_122!11326!t2!d_123!11332!t2!u_124!11419!t2!d_125!11425!t2!u_126!11511!t2!d_127!11517!t2!u_128!11604!t2!d_129!11610!t2!u_130!11698!t2!d_131!11702!t2!u_132!11789!t2!d_133!11795!t2!u_134!11882!t2!d_135!11888!c1!u!11948!t2!u_136!11974!t2!d_137!11980!t2!u_138!12031!t2!d_139!12073!t2!u_140!12125!i3!u!12142!,time,123.148,rpm,1830,ENGINE_LOAD,23.26,MAP,23.26,afr,10.00,vss,0.00,ks,0.00,kv,2.53,vbatt,13.03,TP,0.00,CLT,21.49,MAT,19.81,rusEfiVersion,20150713@8529 Neon03,outpin,t1@PA5,outpin,t2@PC6,outpin,input1@NONE,outpin,input2@NONE,outpin,c1@PC9,outpin,i1@PB8,outpin,c2@NONE,outpin,i2@PB9,outpin,c3@PE8,outpin,i3@PE2,outpin,c4@NONE,outpin,i4@PB7,ckp_c,55714,fuel_base,2.75,fuel_lag,1.00,fuel,4.07,timing,21.70,duty0,NaN,dwell0,0.00,total_dwell0,0.00,period0,0.00,advance0,682.000,duty1,NaN,dwell1,0.00,total_dwell1,0.00,period1,0.00,advance1,682.000,
Thu Jul 16 08:00:59 EDT 2015<EOT>: : t2!u_21!0!t2!d_22!5!t1!d_23!16!t2!u_24!91!t2!d_25!97!t2!u_26!140!t2!d_27!189!t2!u_28!261!t2!d_29!280!t1!u_30!320!t2!u_31!327!t2!d_32!372!c3!u!380!map!d!393!t2!u_33!457!t2!d_34!464!t2!u_35!549!t2!d_36!559!i4!u!565!t2!u_37!640!t2!d_38!646!t1!d_39!666!t2!u_40!732!t2!d_41!738!c3!d!756!t2!u_42!819!t2!d_43!829!t2!u_44!885!t2!d_45!921!HIP!u!940!i4!d!970!t1!u_46!986!t2!u_47!990!t2!d_48!1195!t2!u_49!1281!t2!d_50!1288!t2!u_51!1365!t2!d_52!1379!t2!u_53!1465!t2!d_54!1471!t2!u_55!1552!t2!d_56!1563!t2!u_57!1649!t2!d_58!1655!t2!u_59!1699!t2!d_60!1747!t2!u_61!1819!t2!d_62!1840!HIP!d!1856!t2!u_63!1885!t2!d_64!1932!c1!u!1988!t2!u_65!1992!t2!d_66!2024!t2!u_67!2110!t2!d_68!2116!t2!u_69!2152!i2!u!2184!t2!d_70!2208!t2!u_71!2294!t2!d_72!2300!t1!d_73!2340!t2!u_74!2344!c1!d!2364!t2!d_75!2391!t2!u_76!2478!t2!d_77!2485!t2!u_78!2569!t2!d_79!2575!i2!d!2579!t2!u_80!2652!t2!d_81!2658!t1!u_82!2686!t2!u_83!2885!t2!d_84!2943!t1!d_85!3018!t2!u_86!3022!t2!d_87!3035!t2!u_88!3121!t2!d_89!3127!t2!u_90!3213!t2!d_91!3219!t2!u_92!3297!t2!d_93!3311!t1!u_94!3339!t2!u_95!3365!t2!d_96!3403!t2!u_97!3485!t2!d_98!3495!t2!u_99!3551!t2!d_100!3587!t1!d_101!3667!t2!u_102!3672!t2!d_103!3679!c3!u!3697!t2!u_104!3765!t2!d_105!3771!t2!u_106!3819!i1!u!3835!t2!d_107!3863!t2!u_108!3949!t2!d_109!3954!t1!u_110!3958!t2!u_111!4042!t2!d_112!4047!c3!d!4060!t2!u_113!4132!t2!d_114!4138!t2!u_115!4218!t2!d_116!4229!i1!d!4241!t1!d_117!4277!t2!u_118!4281!t2!d_119!4505!t2!u_120!4551!t2!d_121!4598!t2!u_122!4686!t2!d_123!4690!t2!u_124!4776!t2!d_125!4783!t2!u_126!4818!t2!d_127!4874!t2!u_128!4961!t2!d_129!4967!t2!u_130!5053!t2!d_131!5060!t2!u_132!5146!t2!d_133!5152!t2!u_134!5218!t2!d_135!5244!t2!u_136!5293!c1!u!5304!t2!d_137!5336!t2!u_138!5423!t2!d_139!5429!t2!u_140!5485!i3!u!5500!t2!d_141!5521!t1!u_0!5591!t2!u_1!5608!t2!d_2!5613!t2!u_3!5699!t2!d_4!5705!c1!d!5721!t2!u_5!5791!t2!d_6!5798!t2!u_7!5884!t2!d_8!5889!i3!d!5905!t2!u_9!5938!r!1812!5945!t1!d_10!5957!t2!d_11!5972!t2!u_12!6218!t2!d_13!6258!t1!u_14!6270!t2!u_15!6324!t2!d_16!6350!t2!u_17!6436!t2!d_18!6442!t2!u_19!6485!t2!d_20!6535!map!u!6562!t2!u_21!6622!t2!d_22!6628!t1!d_23!6643!t2!u_24!6708!t2!d_25!6720!t2!u_26!6807!t2!d_27!6813!t2!u_28!6884!t2!d_29!6905!t1!u_30!6943!t2!u_31!6949!t2!d_32!6998!c3!u!7004!map!d!7023!t2!u_33!7084!t2!d_34!7090!t2!u_35!7151!i4!u!7169!t2!d_36!7182!t2!u_37!7268!t2!d_38!7274!t1!d_39!7292!t2!u_40!7360!t2!d_41!7367!c3!d!7385!t2!u_42!7453!t2!d_43!7459!t2!u_44!7545!t2!d_45!7551!HIP!u!7561!i4!d!7577!t1!u_46!7615!t2!u_47!7619!t2!d_48!7830!t2!u_49!7907!t2!d_50!7921!t2!u_51!8007!t2!d_52!8013!t2!u_53!8099!t2!d_54!8106!t2!u_55!8151!t2!d_56!8198!t2!u_57!8267!t2!d_58!8290!t2!u_59!8365!t2!d_60!8383!t2!u_61!8469!t2!d_62!8475!HIP!d!8479!t2!u_63!8551!t2!d_64!8568!c1!u!8624!t2!u_65!8654!t2!d_66!8660!t2!u_67!8746!t2!d_68!8752!i2!u!8811!t2!u_69!8818!t2!d_70!8845!t2!u_71!8931!t2!d_72!8937!t1!d_73!8971!t2!u_74!9024!t2!d_75!9029!c1!d!9042!t2!u_76!9115!t2!d_77!9122!t2!u_78!9207!t2!d_79!9213!i2!d!9218!t2!u_80!9264!t2!d_81!9296!t1!u_82!9319!t2!u_83!9551!t2!d_84!9582!t1!d_85!9658!t2!u_86!9662!t2!d_87!9676!t2!u_88!9715!t2!d_89!9766!t2!u_90!9818!t2!d_91!9858!t2!u_92!9940!t2!d_93!9950!t1!u_94!9976!t2!u_95!10036!t2!d_96!10043!t2!u_97!10129!t2!d_98!10135!t2!u_99!10217!t2!d_100!10227!t1!d_101!10301!t2!u_102!10306!t2!d_103!10319!c3!u!10324!t2!u_104!10405!t2!d_105!10411!t2!u_106!10459!i1!u!10478!t2!d_107!10503!t1!u_108!10586!t2!u_109!10590!t2!d_110!10595!t2!u_111!10681!t2!d_112!10688!c3!d!10699!t2!u_113!10773!t2!d_114!10779!t2!u_115!10865!t2!d_116!10871!i1!d!10885!t1!d_117!10903!t2!u_118!10966!t2!d_119!11148!t2!u_120!11191!t2!d_121!11240!t2!u_122!11326!t2!d_123!11332!t2!u_124!11419!t2!d_125!11425!t2!u_126!11511!t2!d_127!11517!t2!u_128!11604!t2!d_129!11610!t2!u_130!11698!t2!d_131!11702!t2!u_132!11789!t2!d_133!11795!t2!u_134!11882!t2!d_135!11888!c1!u!11948!t2!u_136!11974!t2!d_137!11980!t2!u_138!12031!t2!d_139!12073!t2!u_140!12125!i3!u!12142!
Thu Jul 16 08:00:59 EDT 2015<EOT>: Sending [0, 1, 71, 58, -70, 59, -66]
Thu Jul 16 08:00:59 EDT 2015<EOT>: Waiting for 2 byte(s): text header
Thu Jul 16 08:00:59 EDT 2015<EOT>: Waiting for 5 byte(s): text body
Thu Jul 16 08:00:59 EDT 2015<EOT>: Sending [0, 1, 71, 58, -70, 59, -66]
Thu Jul 16 08:00:59 EDT 2015<EOT>: Waiting for 2 byte(s): text header
Thu Jul 16 08:00:59 EDT 2015<EOT>: Waiting for 334 byte(s): text body
Thu Jul 16 08:00:59 EDT 2015<EOT>: time,123.348,rpm,1845,ENGINE_LOAD,22.71,MAP,22.71,afr,10.00,vss,0.00,ks,0.00,kv,2.63,vbatt,13.05,TP,0.00,CLT,21.57,MAT,19.61,ckp_c,56151,fuel_base,2.72,fuel_lag,1.00,fuel,4.03,timing,21.68,duty0,NaN,dwell0,0.00,total_dwell0,0.00,period0,0.00,advance0,682.000,duty1,NaN,dwell1,0.00,total_dwell1,0.00,period1,0.00,advance1,682.000,
Thu Jul 16 08:00:59 EDT 2015<EOT>: Sending [0, 1, 71, 58, -70, 59, -66]
Thu Jul 16 08:00:59 EDT 2015<EOT>: Waiting for 2 byte(s): text header
Thu Jul 16 08:00:59 EDT 2015<EOT>: Waiting for 5 byte(s): text body
Thu Jul 16 08:00:59 EDT 2015<EOT>: Sending [0, 1, 71, 58, -70, 59, -66]
Thu Jul 16 08:00:59 EDT 2015<EOT>: Waiting for 2 byte(s): text header
Thu Jul 16 08:00:59 EDT 2015<EOT>: Waiting for 334 byte(s): text body
Thu Jul 16 08:00:59 EDT 2015<EOT>: time,123.550,rpm,1849,ENGINE_LOAD,22.50,MAP,22.50,afr,10.00,vss,0.00,ks,0.00,kv,2.63,vbatt,12.78,TP,0.00,CLT,21.57,MAT,20.86,ckp_c,56591,fuel_base,2.70,fuel_lag,1.00,fuel,4.01,timing,21.68,duty0,NaN,dwell0,0.00,total_dwell0,0.00,period0,0.00,advance0,682.000,duty1,NaN,dwell1,0.00,total_dwell1,0.00,period1,0.00,advance1,682.000,
Thu Jul 16 08:00:59 EDT 2015<EOT>: Sending [0, 1, 71, 58, -70, 59, -66]
Thu Jul 16 08:00:59 EDT 2015<EOT>: Waiting for 2 byte(s): text header
Thu Jul 16 08:00:59 EDT 2015<EOT>: Waiting for 5 byte(s): text body
Thu Jul 16 08:00:59 EDT 2015<EOT>: Sending [0, 1, 71, 58, -70, 59, -66]
Thu Jul 16 08:00:59 EDT 2015<EOT>: Waiting for 2 byte(s): text header
Thu Jul 16 08:00:59 EDT 2015<EOT>: Waiting for 2425 byte(s): text body
Thu Jul 16 08:00:59 EDT 2015<EOT>: analog_chart,0.00|0.00|1.89|2001.00|6.34|3002.00|11.91|2003.00|21.27|3004.00|22.08|2005.00|31.26|3006.00|31.93|2007.00|38.92|8.00|39.53|3009.00|40.98|2010.00|70.22|3011.00|72.09|2012.00|72.74|1013.00|80.40|3014.00|82.09|2015.00|91.48|3016.00|92.15|2017.00|96.75|3018.00|102.23|2019.00|107.28|3020.00|112.30|2021.00|113.37|22.00|121.73|3023.00|122.42|2024.00|130.35|3025.00|132.48|2026.00|141.89|3027.00|142.55|2028.00|146.05|1029.00|151.94|3030.00|152.75|2031.00|162.00|3032.00|162.69|2033.00|172.05|3034.00|172.69|2035.00|181.33|3036.00|182.73|2037.00|184.36|38.00|191.51|3039.00|192.76|2040.00|202.16|3041.00|202.89|2042.00|212.21|3043.00|212.90|2044.00|218.39|3045.00|219.19|1046.00|243.07|2047.00|247.50|3048.00|253.15|2049.00|262.57|3050.00|263.23|2051.00|268.65|3052.00|273.31|2053.00|281.93|3054.00|283.38|2055.00|292.44|3056.00|293.50|2057.00|302.62|3058.00|303.60|2059.00|312.70|3060.00|313.66|2061.00|323.10|3062.00|323.74|2063.00|329.50|3064.00|333.82|2065.00|339.66|3066.00|343.88|2067.00|353.28|3068.00|354.41|2069.00|363.34|3070.00|364.00|2071.00|367.73|72.00|373.40|3073.00|374.04|2074.00|383.45|3075.00|384.37|2076.00|393.47|3077.00|394.55|2078.00|402.78|3079.00|403.42|2080.00|405.46|1081.00|431.55|3082.00|434.40|2083.00|440.61|3084.00|442.75|85.00|444.43|2086.00|450.77|3087.00|454.51|2088.00|463.92|3089.00|464.60|2090.00|474.01|3091.00|474.69|2092.00|477.19|1093.00|484.11|3094.00|484.76|2095.00|494.20|3096.00|494.91|2097.00|504.27|3098.00|504.96|2099.00|513.38|100.00|514.03|3101.00|514.99|2102.00|524.42|3103.00|525.33|2104.00|534.48|3105.00|535.63|2106.00|544.54|1107.00|545.19|3108.00|545.83|2109.00|551.76|3110.00|555.24|2111.00|564.63|3112.00|565.57|2113.00|574.68|3114.00|575.63|2115.00|579.90|116.00|580.55|3117.00|605.52|2118.00|614.97|3119.00|615.88|2120.00|625.07|3121.00|625.79|2122.00|635.16|3123.00|635.83|2124.00|641.79|3125.00|646.08|2126.00|651.79|3127.00|656.01|2128.00|662.86|3129.00|666.09|2130.00|672.99|3131.00|676.18|2132.00|685.61|3133.00|686.30|2134.00|695.70|3135.00|696.50|2136.00|705.77|3137.00|706.43|2138.00|715.83|3139.00|716.53|2140.00|,time,123.750,rpm,1841,ENGINE_LOAD,22.51,MAP,22.51,afr,10.00,vss,0.00,ks,0.00,kv,2.58,vbatt,13.04,TP,0.00,CLT,21.60,MAT,19.76,ckp_c,57029,fuel_base,2.70,fuel_lag,1.00,fuel,4.01,timing,21.67,duty0,NaN,dwell0,0.00,total_dwell0,0.00,period0,0.00,advance0,682.000,duty1,NaN,dwell1,0.00,total_dwell1,0.00,period1,0.00,advance1,682.000,
Thu Jul 16 08:00:59 EDT 2015<EOT>: Analog chart from 0.0 to 716.53
Thu Jul 16 08:01:00 EDT 2015<EOT>: Sending [0, 1, 71, 58, -70, 59, -66]
Thu Jul 16 08:01:00 EDT 2015<EOT>: Waiting for 2 byte(s): text header
Thu Jul 16 08:01:00 EDT 2015<EOT>: Waiting for 5 byte(s): text body
Thu Jul 16 08:01:00 EDT 2015<EOT>: Sending [0, 1, 71, 58, -70, 59, -66]
Thu Jul 16 08:01:00 EDT 2015<EOT>: Waiting for 2 byte(s): text header
Thu Jul 16 08:01:00 EDT 2015<EOT>: Waiting for 334 byte(s): text body
Thu Jul 16 08:01:00 EDT 2015<EOT>: time,123.952,rpm,1829,ENGINE_LOAD,22.89,MAP,22.89,afr,10.00,vss,0.00,ks,0.00,kv,2.60,vbatt,12.93,TP,0.00,CLT,21.57,MAT,19.71,ckp_c,57463,fuel_base,2.72,fuel_lag,1.00,fuel,4.04,timing,21.68,duty0,NaN,dwell0,0.00,total_dwell0,0.00,period0,0.00,advance0,682.000,duty1,NaN,dwell1,0.00,total_dwell1,0.00,period1,0.00,advance1,682.000,
Thu Jul 16 08:01:00 EDT 2015<EOT>: Sending [0, 1, 71, 58, -70, 59, -66]
Thu Jul 16 08:01:00 EDT 2015<EOT>: Waiting for 2 byte(s): text header
Thu Jul 16 08:01:00 EDT 2015<EOT>: Waiting for 5 byte(s): text body
Thu Jul 16 08:01:00 EDT 2015<EOT>: Sending [0, 1, 71, 58, -70, 59, -66]
Thu Jul 16 08:01:00 EDT 2015<EOT>: Waiting for 2 byte(s): text header
Thu Jul 16 08:01:00 EDT 2015<EOT>: Waiting for 4219 byte(s): text body
Thu Jul 16 08:01:00 EDT 2015<EOT>: wave_chart,t2!u_33!0!t2!d_34!5!i4!u!65!t2!u_35!91!t2!d_36!96!t2!u_37!143!t2!d_38!187!t1!d_39!202!t2!u_40!271!t2!d_41!277!c3!d!295!t2!u_42!362!t2!d_43!368!t2!u_44!453!t2!d_45!459!i4!d!473!HIP!u!492!t1!u_46!514!t2!u_47!518!t2!d_48!734!t2!u_49!810!t2!d_50!823!t2!u_51!907!t2!d_52!913!t2!u_53!998!t2!d_54!1004!t2!u_55!1056!t2!d_56!1095!t2!u_57!1144!t2!d_58!1187!t2!u_59!1271!t2!d_60!1277!t2!u_61!1351!t2!d_62!1369!HIP!d!1406!t2!u_63!1454!t2!d_64!1460!c1!u!1516!t2!u_65!1545!t2!d_66!1550!t2!u_67!1636!t2!d_68!1642!i2!u!1690!t2!u_69!1726!t2!d_70!1733!t2!u_71!1810!t2!d_72!1823!t1!d_73!1858!t2!u_74!1862!c1!d!1880!t2!d_75!1914!t2!u_76!1999!t2!d_77!2005!t2!u_78!2089!t2!d_79!2095!i2!d!2099!t2!u_80!2144!t2!d_81!2178!t1!u_82!2197!t2!u_83!2401!t2!d_84!2459!t1!d_85!2532!t2!u_86!2536!t2!d_87!2548!t2!u_88!2623!t2!d_89!2639!t2!u_90!2724!t2!d_91!2730!t2!u_92!2810!t2!d_93!2820!t1!u_94!2842!t2!u_95!2905!t2!d_96!2911!t2!u_97!2996!t2!d_98!3002!t2!u_99!3048!t2!d_100!3092!t2!u_101!3144!c3!u!3161!t1!d_102!3169!t2!d_103!3182!t2!u_104!3267!t2!d_105!3273!i1!u!3329!t2!u_106!3358!t2!d_107!3363!t1!u_108!3447!t2!u_109!3451!t2!d_110!3455!t2!u_111!3538!t2!d_112!3544!c3!d!3555!t2!u_113!3628!t2!d_114!3634!t2!u_115!3718!t2!d_116!3726!i1!d!3737!t1!d_117!3766!t2!u_118!3770!t2!d_119!3995!t2!u_120!4046!t2!d_121!4086!t2!u_122!4143!t2!d_123!4176!t2!u_124!4242!t2!d_125!4267!t2!u_126!4352!t2!d_127!4358!t2!u_128!4443!t2!d_129!4449!t2!u_130!4534!t2!d_131!4540!t2!u_132!4624!t2!d_133!4630!t2!u_134!4716!t2!d_135!4724!c1!u!4783!t2!u_136!4806!t2!d_137!4812!t2!u_138!4896!t2!d_139!4902!i3!u!4962!t2!u_140!4987!t2!d_141!4993!t1!u_0!5056!t2!u_1!5073!t2!d_2!5083!t2!u_3!5143!c1!d!5165!t2!d_4!5173!t2!u_5!5258!t2!d_6!5264!t2!u_7!5348!t2!d_8!5354!i3!d!5370!r!1837!5408!t1!d_9!5426!t2!u_10!5430!t2!d_11!5435!t2!u_12!5710!t2!d_13!5716!t1!u_14!5726!t2!u_15!5800!t2!d_16!5808!t2!u_17!5891!t2!d_18!5897!t2!u_19!5982!t2!d_20!5988!map!u!6014!t2!u_21!6072!t2!d_22!6078!t1!d_23!6089!t2!u_24!6143!t2!d_25!6169!t2!u_26!6242!t2!d_27!6260!t2!u_28!6344!t2!d_29!6351!t1!u_30!6389!t2!u_31!6394!t2!d_32!6441!c3!u!6447!map!d!6470!t2!u_33!6476!t2!d_34!6531!i4!u!6592!t2!u_35!6615!t2!d_36!6623!t2!u_37!6706!t2!d_38!6712!t1!d_39!6732!t2!u_40!6796!t2!d_41!6803!c3!d!6820!t2!u_42!6886!t2!d_43!6892!t2!u_44!6976!t2!d_45!6983!i4!d!6998!HIP!u!7017!t1!u_46!7047!t2!u_47!7051!t2!d_48!7255!t2!u_49!7338!t2!d_50!7345!t2!u_51!7429!t2!d_52!7435!t2!u_53!7476!t2!d_54!7526!t2!u_55!7575!t2!d_56!7616!t2!u_57!7701!t2!d_58!7707!t2!u_59!7791!t2!d_60!7797!t2!u_61!7882!t2!d_62!7888!HIP!d!7929!t2!u_63!7973!t2!d_64!7979!c1!u!8033!t2!u_65!8056!t2!d_66!8069!t2!u_67!8143!t2!d_68!8159!i2!u!8209!t2!u_69!8244!t2!d_70!8250!t2!u_71!8334!t2!d_72!8340!t1!d_73!8380!t2!u_74!8384!c1!d!8402!t2!d_75!8431!t2!u_76!8476!t2!d_77!8521!t2!u_78!8575!t2!d_79!8611!i2!d!8616!t2!u_80!8686!t2!d_81!8692!t1!u_82!8718!t2!u_83!8966!t2!d_84!8973!t1!d_85!9046!t2!u_86!9050!t2!d_87!9062!t2!u_88!9143!t2!d_89!9153!t2!u_90!9237!t2!d_91!9243!t2!u_92!9327!t2!d_93!9333!t1!u_94!9359!t2!u_95!9418!t2!d_96!9424!t2!u_97!9476!t2!d_98!9514!t2!u_99!9575!t2!d_100!9605!t1!d_101!9684!t2!u_102!9690!t2!d_103!9695!c3!u!9700!t2!u_104!9779!t2!d_105!9785!i1!u!9843!t2!u_106!9869!t2!d_107!9875!t2!u_108!9959!t2!d_109!9964!t1!u_110!9968!t2!u_111!10050!t2!d_112!10056!c3!d!10067!t2!u_113!10140!t2!d_114!10145!t2!u_115!10230!t2!d_116!10235!i1!d!10250!t1!d_117!10284!t2!u_118!10288!t2!d_119!10507!t2!u_120!10591!t2!d_121!10597!t2!u_122!10681!t2!d_123!10688!t2!u_124!10772!t2!d_125!10778!t2!u_126!10863!t2!d_127!10869!t2!u_128!10908!t2!d_129!10960!t2!u_130!11045!t2!d_131!11052!t2!u_132!11135!t2!d_133!11141!t2!u_134!11226!t2!d_135!11232!c1!u!11290!t2!u_136!11296!t2!d_137!11323!t2!u_138!11407!t2!d_139!11413!i3!u!11474!t2!u_140!11488!t2!d_141!11503!t1!u_0!11571!t2!u_1!11588!t2!d_2!11594!t2!u_3!11678!t2!d_4!11684!c1!d!11700!t2!u_5!11769!t2!d_6!11775!t2!u_7!11821!t2!d_8!11865!i3!d!11881!t2!u_9!11908!r!1841!11922!,time,124.152,rpm,1825,ENGINE_LOAD,23.14,MAP,23.14,afr,10.00,vss,0.00,ks,0.00,kv,2.56,vbatt,12.87,TP,0.00,CLT,21.60,MAT,19.71,ckp_c,57901,fuel_base,2.74,fuel_lag,1.00,fuel,4.06,timing,21.67,duty0,NaN,dwell0,0.00,total_dwell0,0.00,period0,0.00,advance0,682.000,duty1,NaN,dwell1,0.00,total_dwell1,0.00,period1,0.00,advance1,682.000,
Thu Jul 16 08:01:00 EDT 2015<EOT>: : t2!u_33!0!t2!d_34!5!i4!u!65!t2!u_35!91!t2!d_36!96!t2!u_37!143!t2!d_38!187!t1!d_39!202!t2!u_40!271!t2!d_41!277!c3!d!295!t2!u_42!362!t2!d_43!368!t2!u_44!453!t2!d_45!459!i4!d!473!HIP!u!492!t1!u_46!514!t2!u_47!518!t2!d_48!734!t2!u_49!810!t2!d_50!823!t2!u_51!907!t2!d_52!913!t2!u_53!998!t2!d_54!1004!t2!u_55!1056!t2!d_56!1095!t2!u_57!1144!t2!d_58!1187!t2!u_59!1271!t2!d_60!1277!t2!u_61!1351!t2!d_62!1369!HIP!d!1406!t2!u_63!1454!t2!d_64!1460!c1!u!1516!t2!u_65!1545!t2!d_66!1550!t2!u_67!1636!t2!d_68!1642!i2!u!1690!t2!u_69!1726!t2!d_70!1733!t2!u_71!1810!t2!d_72!1823!t1!d_73!1858!t2!u_74!1862!c1!d!1880!t2!d_75!1914!t2!u_76!1999!t2!d_77!2005!t2!u_78!2089!t2!d_79!2095!i2!d!2099!t2!u_80!2144!t2!d_81!2178!t1!u_82!2197!t2!u_83!2401!t2!d_84!2459!t1!d_85!2532!t2!u_86!2536!t2!d_87!2548!t2!u_88!2623!t2!d_89!2639!t2!u_90!2724!t2!d_91!2730!t2!u_92!2810!t2!d_93!2820!t1!u_94!2842!t2!u_95!2905!t2!d_96!2911!t2!u_97!2996!t2!d_98!3002!t2!u_99!3048!t2!d_100!3092!t2!u_101!3144!c3!u!3161!t1!d_102!3169!t2!d_103!3182!t2!u_104!3267!t2!d_105!3273!i1!u!3329!t2!u_106!3358!t2!d_107!3363!t1!u_108!3447!t2!u_109!3451!t2!d_110!3455!t2!u_111!3538!t2!d_112!3544!c3!d!3555!t2!u_113!3628!t2!d_114!3634!t2!u_115!3718!t2!d_116!3726!i1!d!3737!t1!d_117!3766!t2!u_118!3770!t2!d_119!3995!t2!u_120!4046!t2!d_121!4086!t2!u_122!4143!t2!d_123!4176!t2!u_124!4242!t2!d_125!4267!t2!u_126!4352!t2!d_127!4358!t2!u_128!4443!t2!d_129!4449!t2!u_130!4534!t2!d_131!4540!t2!u_132!4624!t2!d_133!4630!t2!u_134!4716!t2!d_135!4724!c1!u!4783!t2!u_136!4806!t2!d_137!4812!t2!u_138!4896!t2!d_139!4902!i3!u!4962!t2!u_140!4987!t2!d_141!4993!t1!u_0!5056!t2!u_1!5073!t2!d_2!5083!t2!u_3!5143!c1!d!5165!t2!d_4!5173!t2!u_5!5258!t2!d_6!5264!t2!u_7!5348!t2!d_8!5354!i3!d!5370!r!1837!5408!t1!d_9!5426!t2!u_10!5430!t2!d_11!5435!t2!u_12!5710!t2!d_13!5716!t1!u_14!5726!t2!u_15!5800!t2!d_16!5808!t2!u_17!5891!t2!d_18!5897!t2!u_19!5982!t2!d_20!5988!map!u!6014!t2!u_21!6072!t2!d_22!6078!t1!d_23!6089!t2!u_24!6143!t2!d_25!6169!t2!u_26!6242!t2!d_27!6260!t2!u_28!6344!t2!d_29!6351!t1!u_30!6389!t2!u_31!6394!t2!d_32!6441!c3!u!6447!map!d!6470!t2!u_33!6476!t2!d_34!6531!i4!u!6592!t2!u_35!6615!t2!d_36!6623!t2!u_37!6706!t2!d_38!6712!t1!d_39!6732!t2!u_40!6796!t2!d_41!6803!c3!d!6820!t2!u_42!6886!t2!d_43!6892!t2!u_44!6976!t2!d_45!6983!i4!d!6998!HIP!u!7017!t1!u_46!7047!t2!u_47!7051!t2!d_48!7255!t2!u_49!7338!t2!d_50!7345!t2!u_51!7429!t2!d_52!7435!t2!u_53!7476!t2!d_54!7526!t2!u_55!7575!t2!d_56!7616!t2!u_57!7701!t2!d_58!7707!t2!u_59!7791!t2!d_60!7797!t2!u_61!7882!t2!d_62!7888!HIP!d!7929!t2!u_63!7973!t2!d_64!7979!c1!u!8033!t2!u_65!8056!t2!d_66!8069!t2!u_67!8143!t2!d_68!8159!i2!u!8209!t2!u_69!8244!t2!d_70!8250!t2!u_71!8334!t2!d_72!8340!t1!d_73!8380!t2!u_74!8384!c1!d!8402!t2!d_75!8431!t2!u_76!8476!t2!d_77!8521!t2!u_78!8575!t2!d_79!8611!i2!d!8616!t2!u_80!8686!t2!d_81!8692!t1!u_82!8718!t2!u_83!8966!t2!d_84!8973!t1!d_85!9046!t2!u_86!9050!t2!d_87!9062!t2!u_88!9143!t2!d_89!9153!t2!u_90!9237!t2!d_91!9243!t2!u_92!9327!t2!d_93!9333!t1!u_94!9359!t2!u_95!9418!t2!d_96!9424!t2!u_97!9476!t2!d_98!9514!t2!u_99!9575!t2!d_100!9605!t1!d_101!9684!t2!u_102!9690!t2!d_103!9695!c3!u!9700!t2!u_104!9779!t2!d_105!9785!i1!u!9843!t2!u_106!9869!t2!d_107!9875!t2!u_108!9959!t2!d_109!9964!t1!u_110!9968!t2!u_111!10050!t2!d_112!10056!c3!d!10067!t2!u_113!10140!t2!d_114!10145!t2!u_115!10230!t2!d_116!10235!i1!d!10250!t1!d_117!10284!t2!u_118!10288!t2!d_119!10507!t2!u_120!10591!t2!d_121!10597!t2!u_122!10681!t2!d_123!10688!t2!u_124!10772!t2!d_125!10778!t2!u_126!10863!t2!d_127!10869!t2!u_128!10908!t2!d_129!10960!t2!u_130!11045!t2!d_131!11052!t2!u_132!11135!t2!d_133!11141!t2!u_134!11226!t2!d_135!11232!c1!u!11290!t2!u_136!11296!t2!d_137!11323!t2!u_138!11407!t2!d_139!11413!i3!u!11474!t2!u_140!11488!t2!d_141!11503!t1!u_0!11571!t2!u_1!11588!t2!d_2!11594!t2!u_3!11678!t2!d_4!11684!c1!d!11700!t2!u_5!11769!t2!d_6!11775!t2!u_7!11821!t2!d_8!11865!i3!d!11881!t2!u_9!11908!r!1841!11922!
Thu Jul 16 08:01:00 EDT 2015<EOT>: Sending [0, 1, 71, 58, -70, 59, -66]
Thu Jul 16 08:01:00 EDT 2015<EOT>: Waiting for 2 byte(s): text header
Thu Jul 16 08:01:00 EDT 2015<EOT>: Waiting for 5 byte(s): text body
Thu Jul 16 08:01:00 EDT 2015<EOT>: Sending [0, 1, 71, 58, -70, 59, -66]
Thu Jul 16 08:01:00 EDT 2015<EOT>: Waiting for 2 byte(s): text header
Thu Jul 16 08:01:00 EDT 2015<EOT>: Waiting for 334 byte(s): text body
Thu Jul 16 08:01:00 EDT 2015<EOT>: time,124.353,rpm,1831,ENGINE_LOAD,23.17,MAP,23.17,afr,10.00,vss,0.00,ks,0.00,kv,2.57,vbatt,13.03,TP,0.00,CLT,21.70,MAT,19.71,ckp_c,58337,fuel_base,2.75,fuel_lag,1.00,fuel,4.07,timing,21.65,duty0,NaN,dwell0,0.00,total_dwell0,0.00,period0,0.00,advance0,682.000,duty1,NaN,dwell1,0.00,total_dwell1,0.00,period1,0.00,advance1,682.000,
Thu Jul 16 08:01:00 EDT 2015<EOT>: Sending [0, 1, 71, 58, -70, 59, -66]
Thu Jul 16 08:01:00 EDT 2015<EOT>: Waiting for 2 byte(s): text header
Thu Jul 16 08:01:00 EDT 2015<EOT>: Waiting for 5 byte(s): text body
Thu Jul 16 08:01:00 EDT 2015<EOT>: Sending [0, 1, 71, 58, -70, 59, -66]
Thu Jul 16 08:01:00 EDT 2015<EOT>: Waiting for 2 byte(s): text header
Thu Jul 16 08:01:00 EDT 2015<EOT>: Waiting for 334 byte(s): text body
Thu Jul 16 08:01:00 EDT 2015<EOT>: time,124.555,rpm,1832,ENGINE_LOAD,23.07,MAP,23.07,afr,10.00,vss,0.00,ks,0.00,kv,2.58,vbatt,12.55,TP,0.00,CLT,21.62,MAT,21.88,ckp_c,58771,fuel_base,2.73,fuel_lag,1.00,fuel,4.05,timing,21.67,duty0,NaN,dwell0,0.00,total_dwell0,0.00,period0,0.00,advance0,682.000,duty1,NaN,dwell1,0.00,total_dwell1,0.00,period1,0.00,advance1,682.000,
Thu Jul 16 08:01:00 EDT 2015<EOT>: Sending [0, 1, 71, 58, -70, 59, -66]
Thu Jul 16 08:01:00 EDT 2015<EOT>: Waiting for 2 byte(s): text header
Thu Jul 16 08:01:00 EDT 2015<EOT>: Waiting for 5 byte(s): text body
Thu Jul 16 08:01:00 EDT 2015<EOT>: Sending [0, 1, 71, 58, -70, 59, -66]
Thu Jul 16 08:01:00 EDT 2015<EOT>: Waiting for 2 byte(s): text header
Thu Jul 16 08:01:00 EDT 2015<EOT>: Waiting for 334 byte(s): text body
Thu Jul 16 08:01:00 EDT 2015<EOT>: time,124.755,rpm,1828,ENGINE_LOAD,23.35,MAP,23.35,afr,10.00,vss,0.00,ks,0.00,kv,2.56,vbatt,13.11,TP,0.00,CLT,21.65,MAT,19.58,ckp_c,59207,fuel_base,2.76,fuel_lag,1.00,fuel,4.09,timing,21.66,duty0,NaN,dwell0,0.00,total_dwell0,0.00,period0,0.00,advance0,682.000,duty1,NaN,dwell1,0.00,total_dwell1,0.00,period1,0.00,advance1,682.000,
Thu Jul 16 08:01:01 EDT 2015<EOT>: Sending [0, 1, 71, 58, -70, 59, -66]
Thu Jul 16 08:01:01 EDT 2015<EOT>: Waiting for 2 byte(s): text header
Thu Jul 16 08:01:01 EDT 2015<EOT>: Waiting for 5 byte(s): text body
Thu Jul 16 08:01:01 EDT 2015<EOT>: Sending [0, 1, 71, 58, -70, 59, -66]
Thu Jul 16 08:01:01 EDT 2015<EOT>: Waiting for 2 byte(s): text header
Thu Jul 16 08:01:01 EDT 2015<EOT>: Waiting for 334 byte(s): text body
Thu Jul 16 08:01:01 EDT 2015<EOT>: time,124.957,rpm,1846,ENGINE_LOAD,23.10,MAP,23.10,afr,10.00,vss,0.00,ks,0.00,kv,2.52,vbatt,13.03,TP,0.00,CLT,21.75,MAT,19.71,ckp_c,59646,fuel_base,2.75,fuel_lag,1.00,fuel,4.07,timing,21.64,duty0,NaN,dwell0,0.00,total_dwell0,0.00,period0,0.00,advance0,682.000,duty1,NaN,dwell1,0.00,total_dwell1,0.00,period1,0.00,advance1,682.000,
Thu Jul 16 08:01:01 EDT 2015<EOT>: Sending [0, 1, 71, 58, -70, 59, -66]
Thu Jul 16 08:01:01 EDT 2015<EOT>: Waiting for 2 byte(s): text header
Thu Jul 16 08:01:01 EDT 2015<EOT>: Waiting for 2112 byte(s): text body
Thu Jul 16 08:01:01 EDT 2015<EOT>: analog_chart,0.00|0.00|1.58|3001.00|2.36|2002.00|11.67|3003.00|12.48|2004.00|21.65|3005.00|22.56|2006.00|31.65|3007.00|32.27|2008.00|40.59|3009.00|41.23|10.00|41.85|2011.00|71.50|3012.00|72.23|2013.00|73.89|1014.00|78.34|3015.00|82.18|2016.00|89.12|3017.00|92.18|2018.00|101.51|3019.00|102.20|2020.00|111.52|3021.00|112.17|2022.00|113.83|23.00|121.54|3024.00|122.17|2025.00|131.55|3026.00|132.18|2027.00|141.51|3028.00|142.41|2029.00|146.63|1030.00|147.42|3031.00|152.24|2032.00|161.48|3033.00|162.13|2034.00|171.44|3035.00|172.33|2036.00|181.40|3037.00|182.06|2038.00|184.79|39.00|189.09|3040.00|192.02|2041.00|199.88|3042.00|202.01|2043.00|211.30|3044.00|211.95|2045.00|219.19|1046.00|219.83|3047.00|242.00|2048.00|251.21|3049.00|251.87|2050.00|261.19|3051.00|261.88|2052.00|271.19|3053.00|271.87|2054.00|281.19|3055.00|281.86|2056.00|291.28|3057.00|291.91|2058.00|299.93|3059.00|301.82|2060.00|310.62|3061.00|311.82|2062.00|321.16|3063.00|321.84|2064.00|331.14|3065.00|331.81|2066.00|336.76|3067.00|341.78|2068.00|351.10|3069.00|351.77|2070.00|361.06|3071.00|361.71|2072.00|366.10|73.00|366.73|3074.00|371.66|2075.00|380.99|3076.00|381.66|2077.00|390.92|3078.00|391.59|2079.00|399.92|3080.00|400.99|2081.00|403.20|1082.00|430.77|3083.00|431.49|2084.00|439.93|85.00|440.56|3086.00|441.41|2087.00|447.51|3088.00|451.37|2089.00|459.13|3090.00|461.34|2091.00|470.63|3092.00|471.31|2093.00|474.64|1094.00|480.60|3095.00|481.26|2096.00|490.57|3097.00|491.21|2098.00|500.53|3099.00|501.21|2100.00|510.04|101.00|510.68|3102.00|511.33|2103.00|520.59|3104.00|521.23|2105.00|530.38|3106.00|531.04|2107.00|540.31|3108.00|540.97|1109.00|541.61|2110.00|550.26|3111.00|551.08|2112.00|558.26|3113.00|560.83|2114.00|569.04|3115.00|570.77|2116.00|574.96|117.00|575.60|3118.00|600.59|2119.00|605.95|3120.00|610.60|2121.00|619.88|3122.00|620.52|2123.00|629.97|3124.00|630.60|2125.00|639.85|3126.00|640.49|2127.00|649.82|3128.00|650.50|2129.00|659.28|3130.00|660.48|2131.00|669.02|3132.00|670.47|2133.00|679.79|3134.00|680.42|2135.00|688.65|3136.00|690.42|2137.00|699.69|3138.00|700.37|2139.00|705.93|3140.00|710.31|2141.00|,
Thu Jul 16 08:01:01 EDT 2015<EOT>: Analog chart from 0.0 to 710.31
Thu Jul 16 08:01:01 EDT 2015<EOT>: Sending [0, 1, 71, 58, -70, 59, -66]
Thu Jul 16 08:01:01 EDT 2015<EOT>: Waiting for 2 byte(s): text header
Thu Jul 16 08:01:01 EDT 2015<EOT>: Waiting for 4228 byte(s): text body
Thu Jul 16 08:01:01 EDT 2015<EOT>: wave_chart,t2!u_78!0!t2!d_79!5!i2!d!12!t2!u_80!46!t2!d_81!88!t1!u_82!108!t2!u_83!363!t2!d_84!369!t1!d_85!444!t2!u_86!447!t2!d_87!459!t2!u_88!544!t2!d_89!551!t2!u_90!635!t2!d_91!641!t2!u_92!700!t2!d_93!732!t1!u_94!756!t2!u_95!811!t2!d_96!823!t2!u_97!898!t2!d_98!914!t2!u_99!999!t2!d_100!1005!t1!d_101!1081!t2!u_102!1087!t2!d_103!1096!c3!u!1099!t2!u_104!1144!t2!d_105!1187!t2!u_106!1232!i1!u!1250!t2!d_107!1278!t2!u_108!1362!t1!u_109!1366!t2!d_110!1370!t2!u_111!1453!t2!d_112!1460!c3!d!1470!t2!u_113!1543!t2!d_114!1549!t2!u_115!1634!t2!d_116!1640!i1!d!1656!t1!d_117!1683!t2!u_118!1687!t2!d_119!1913!t2!u_120!1998!t2!d_121!2004!t2!u_122!2089!t2!d_123!2094!t2!u_124!2145!t2!d_125!2186!t2!u_126!2232!t2!d_127!2277!t2!u_128!2362!t2!d_129!2368!t2!u_130!2453!t2!d_131!2459!t2!u_132!2544!t2!d_133!2550!t2!u_134!2621!t2!d_135!2641!c1!u!2701!t2!u_136!2712!t2!d_137!2732!t2!u_138!2812!t2!d_139!2823!t2!u_140!2898!i3!u!2911!t2!d_141!2914!t1!u_0!2981!t2!u_1!2996!t2!d_2!3004!t2!u_3!3089!t2!d_4!3095!c1!d!3111!t2!u_5!3145!t2!d_6!3186!t2!u_7!3232!t2!d_8!3276!i3!d!3317!r!1833!3333!t1!d_9!3339!t2!u_10!3343!t2!d_11!3358!t2!u_12!3622!t2!d_13!3640!t1!u_14!3646!t2!u_15!3725!t2!d_16!3731!t2!u_17!3811!t2!d_18!3822!t2!u_19!3898!t2!d_20!3913!map!u!3940!t2!u_21!3999!t2!d_22!4005!t1!d_23!4016!t2!u_24!4090!t2!d_25!4096!t2!u_26!4145!t2!d_27!4188!t2!u_28!4264!t2!d_29!4280!t1!u_30!4311!t2!u_31!4364!t2!d_32!4370!c3!u!4374!map!d!4396!t2!u_33!4455!t2!d_34!4461!t2!u_35!4546!t2!d_36!4555!i4!u!4558!t2!u_37!4637!t2!d_38!4643!t1!d_39!4658!t2!u_40!4728!t2!d_41!4734!c3!d!4753!t2!u_42!4811!t2!d_43!4825!t2!u_44!4898!t2!d_45!4917!HIP!u!4946!i4!d!4965!t1!u_46!4973!t2!u_47!4977!t2!d_48!5190!t2!u_49!5231!t2!d_50!5282!t2!u_51!5367!t2!d_52!5373!t2!u_53!5458!t2!d_54!5464!t2!u_55!5550!t2!d_56!5556!t2!u_57!5641!t2!d_58!5647!t2!u_59!5733!t2!d_60!5739!t2!u_61!5811!t2!d_62!5830!HIP!d!5861!t2!u_63!5915!t2!d_64!5921!c1!u!5977!t2!u_65!6006!t2!d_66!6013!t2!u_67!6098!t2!d_68!6104!t2!u_69!6144!i2!u!6156!t2!d_70!6195!t2!u_71!6280!t2!d_72!6286!t1!d_73!6319!t2!u_74!6371!t2!d_75!6378!c1!d!6389!t2!u_76!6462!t2!d_77!6472!t2!u_78!6553!t2!d_79!6559!i2!d!6565!t2!u_80!6624!t2!d_81!6641!t1!u_82!6661!t2!u_83!6898!t2!d_84!6924!t1!d_85!7000!t2!u_86!7004!t2!d_87!7014!t2!u_88!7099!t2!d_89!7105!t2!u_90!7144!t2!d_91!7196!t2!u_92!7281!t2!d_93!7287!t1!u_94!7311!t2!u_95!7372!t2!d_96!7378!t2!u_97!7463!t2!d_98!7472!t2!u_99!7554!t2!d_100!7560!t1!d_101!7637!t2!u_102!7643!t2!d_103!7651!c3!u!7654!t2!u_104!7735!t2!d_105!7742!i1!u!7801!t2!u_106!7812!t2!d_107!7832!t1!u_108!7917!t2!u_109!7921!t2!d_110!7925!t2!u_111!8008!t2!d_112!8014!c3!d!8026!t2!u_113!8098!t2!d_114!8104!t2!u_115!8146!t2!d_116!8195!i1!d!8209!t1!d_117!8237!t2!u_118!8241!t2!d_119!8467!t2!u_120!8553!t2!d_121!8559!t2!u_122!8644!t2!d_123!8650!t2!u_124!8711!t2!d_125!8741!t2!u_126!8811!t2!d_127!8832!t2!u_128!8898!t2!d_129!8924!t2!u_130!9009!t2!d_131!9015!t2!u_132!9100!t2!d_133!9108!t2!u_134!9144!t2!d_135!9198!c1!u!9257!t2!u_136!9283!t2!d_137!9289!t2!u_138!9374!t2!d_139!9380!t2!u_140!9465!i3!u!9475!t2!d_141!9477!t1!u_0!9534!t2!u_1!9550!t2!d_2!9562!t2!u_3!9647!t2!d_4!9653!c1!d!9669!t2!u_5!9738!t2!d_6!9745!t2!u_7!9811!t2!d_8!9834!i3!d!9882!r!1831!9885!t2!u_9!9897!t1!d_10!9907!t2!d_11!9917!t2!u_12!10144!t2!d_13!10199!t1!u_14!10212!t2!u_15!10284!t2!d_16!10290!t2!u_17!10329!t2!d_18!10381!t2!u_19!10466!t2!d_20!10474!map!u!10495!t2!u_21!10557!t2!d_22!10565!t1!d_23!10574!t2!u_24!10648!t2!d_25!10654!t2!u_26!10724!t2!d_27!10745!t2!u_28!10811!t2!d_29!10837!t1!u_30!10875!t2!u_31!10880!t2!d_32!10930!c3!u!10933!map!d!10951!t2!u_33!11014!t2!d_34!11018!t2!u_35!11103!t2!d_36!11113!i4!u!11117!t2!u_37!11194!t2!d_38!11200!t1!d_39!11221!t2!u_40!11285!t2!d_41!11291!c3!d!11309!t2!u_42!11375!t2!d_43!11382!t2!u_44!11465!t2!d_45!11472!HIP!u!11491!i4!d!11523!t1!u_46!11537!t2!u_47!11541!t2!d_48!11745!t2!u_49!11798!t2!d_50!11836!t2!u_51!11897!t2!d_52!11928!t2!u_53!12013!t2!d_54!12019!t2!u_55!12104!,time,125.157,rpm,1857,ENGINE_LOAD,22.60,MAP,22.60,afr,10.00,vss,0.00,ks,0.00,kv,2.50,vbatt,12.85,TP,0.00,CLT,21.70,MAT,20.44,ckp_c,60087,fuel_base,2.71,fuel_lag,1.00,fuel,4.03,timing,21.65,duty0,NaN,dwell0,0.00,total_dwell0,0.00,period0,0.00,advance0,682.000,duty1,NaN,dwell1,0.00,total_dwell1,0.00,period1,0.00,advance1,682.000,
Thu Jul 16 08:01:01 EDT 2015<EOT>: : t2!u_78!0!t2!d_79!5!i2!d!12!t2!u_80!46!t2!d_81!88!t1!u_82!108!t2!u_83!363!t2!d_84!369!t1!d_85!444!t2!u_86!447!t2!d_87!459!t2!u_88!544!t2!d_89!551!t2!u_90!635!t2!d_91!641!t2!u_92!700!t2!d_93!732!t1!u_94!756!t2!u_95!811!t2!d_96!823!t2!u_97!898!t2!d_98!914!t2!u_99!999!t2!d_100!1005!t1!d_101!1081!t2!u_102!1087!t2!d_103!1096!c3!u!1099!t2!u_104!1144!t2!d_105!1187!t2!u_106!1232!i1!u!1250!t2!d_107!1278!t2!u_108!1362!t1!u_109!1366!t2!d_110!1370!t2!u_111!1453!t2!d_112!1460!c3!d!1470!t2!u_113!1543!t2!d_114!1549!t2!u_115!1634!t2!d_116!1640!i1!d!1656!t1!d_117!1683!t2!u_118!1687!t2!d_119!1913!t2!u_120!1998!t2!d_121!2004!t2!u_122!2089!t2!d_123!2094!t2!u_124!2145!t2!d_125!2186!t2!u_126!2232!t2!d_127!2277!t2!u_128!2362!t2!d_129!2368!t2!u_130!2453!t2!d_131!2459!t2!u_132!2544!t2!d_133!2550!t2!u_134!2621!t2!d_135!2641!c1!u!2701!t2!u_136!2712!t2!d_137!2732!t2!u_138!2812!t2!d_139!2823!t2!u_140!2898!i3!u!2911!t2!d_141!2914!t1!u_0!2981!t2!u_1!2996!t2!d_2!3004!t2!u_3!3089!t2!d_4!3095!c1!d!3111!t2!u_5!3145!t2!d_6!3186!t2!u_7!3232!t2!d_8!3276!i3!d!3317!r!1833!3333!t1!d_9!3339!t2!u_10!3343!t2!d_11!3358!t2!u_12!3622!t2!d_13!3640!t1!u_14!3646!t2!u_15!3725!t2!d_16!3731!t2!u_17!3811!t2!d_18!3822!t2!u_19!3898!t2!d_20!3913!map!u!3940!t2!u_21!3999!t2!d_22!4005!t1!d_23!4016!t2!u_24!4090!t2!d_25!4096!t2!u_26!4145!t2!d_27!4188!t2!u_28!4264!t2!d_29!4280!t1!u_30!4311!t2!u_31!4364!t2!d_32!4370!c3!u!4374!map!d!4396!t2!u_33!4455!t2!d_34!4461!t2!u_35!4546!t2!d_36!4555!i4!u!4558!t2!u_37!4637!t2!d_38!4643!t1!d_39!4658!t2!u_40!4728!t2!d_41!4734!c3!d!4753!t2!u_42!4811!t2!d_43!4825!t2!u_44!4898!t2!d_45!4917!HIP!u!4946!i4!d!4965!t1!u_46!4973!t2!u_47!4977!t2!d_48!5190!t2!u_49!5231!t2!d_50!5282!t2!u_51!5367!t2!d_52!5373!t2!u_53!5458!t2!d_54!5464!t2!u_55!5550!t2!d_56!5556!t2!u_57!5641!t2!d_58!5647!t2!u_59!5733!t2!d_60!5739!t2!u_61!5811!t2!d_62!5830!HIP!d!5861!t2!u_63!5915!t2!d_64!5921!c1!u!5977!t2!u_65!6006!t2!d_66!6013!t2!u_67!6098!t2!d_68!6104!t2!u_69!6144!i2!u!6156!t2!d_70!6195!t2!u_71!6280!t2!d_72!6286!t1!d_73!6319!t2!u_74!6371!t2!d_75!6378!c1!d!6389!t2!u_76!6462!t2!d_77!6472!t2!u_78!6553!t2!d_79!6559!i2!d!6565!t2!u_80!6624!t2!d_81!6641!t1!u_82!6661!t2!u_83!6898!t2!d_84!6924!t1!d_85!7000!t2!u_86!7004!t2!d_87!7014!t2!u_88!7099!t2!d_89!7105!t2!u_90!7144!t2!d_91!7196!t2!u_92!7281!t2!d_93!7287!t1!u_94!7311!t2!u_95!7372!t2!d_96!7378!t2!u_97!7463!t2!d_98!7472!t2!u_99!7554!t2!d_100!7560!t1!d_101!7637!t2!u_102!7643!t2!d_103!7651!c3!u!7654!t2!u_104!7735!t2!d_105!7742!i1!u!7801!t2!u_106!7812!t2!d_107!7832!t1!u_108!7917!t2!u_109!7921!t2!d_110!7925!t2!u_111!8008!t2!d_112!8014!c3!d!8026!t2!u_113!8098!t2!d_114!8104!t2!u_115!8146!t2!d_116!8195!i1!d!8209!t1!d_117!8237!t2!u_118!8241!t2!d_119!8467!t2!u_120!8553!t2!d_121!8559!t2!u_122!8644!t2!d_123!8650!t2!u_124!8711!t2!d_125!8741!t2!u_126!8811!t2!d_127!8832!t2!u_128!8898!t2!d_129!8924!t2!u_130!9009!t2!d_131!9015!t2!u_132!9100!t2!d_133!9108!t2!u_134!9144!t2!d_135!9198!c1!u!9257!t2!u_136!9283!t2!d_137!9289!t2!u_138!9374!t2!d_139!9380!t2!u_140!9465!i3!u!9475!t2!d_141!9477!t1!u_0!9534!t2!u_1!9550!t2!d_2!9562!t2!u_3!9647!t2!d_4!9653!c1!d!9669!t2!u_5!9738!t2!d_6!9745!t2!u_7!9811!t2!d_8!9834!i3!d!9882!r!1831!9885!t2!u_9!9897!t1!d_10!9907!t2!d_11!9917!t2!u_12!10144!t2!d_13!10199!t1!u_14!10212!t2!u_15!10284!t2!d_16!10290!t2!u_17!10329!t2!d_18!10381!t2!u_19!10466!t2!d_20!10474!map!u!10495!t2!u_21!10557!t2!d_22!10565!t1!d_23!10574!t2!u_24!10648!t2!d_25!10654!t2!u_26!10724!t2!d_27!10745!t2!u_28!10811!t2!d_29!10837!t1!u_30!10875!t2!u_31!10880!t2!d_32!10930!c3!u!10933!map!d!10951!t2!u_33!11014!t2!d_34!11018!t2!u_35!11103!t2!d_36!11113!i4!u!11117!t2!u_37!11194!t2!d_38!11200!t1!d_39!11221!t2!u_40!11285!t2!d_41!11291!c3!d!11309!t2!u_42!11375!t2!d_43!11382!t2!u_44!11465!t2!d_45!11472!HIP!u!11491!i4!d!11523!t1!u_46!11537!t2!u_47!11541!t2!d_48!11745!t2!u_49!11798!t2!d_50!11836!t2!u_51!11897!t2!d_52!11928!t2!u_53!12013!t2!d_54!12019!t2!u_55!12104!
Thu Jul 16 08:01:01 EDT 2015<EOT>: Sending [0, 1, 71, 58, -70, 59, -66]
Thu Jul 16 08:01:01 EDT 2015<EOT>: Waiting for 2 byte(s): text header
Thu Jul 16 08:01:01 EDT 2015<EOT>: Waiting for 5 byte(s): text body
Thu Jul 16 08:01:01 EDT 2015<EOT>: Sending [0, 1, 71, 58, -70, 59, -66]
Thu Jul 16 08:01:01 EDT 2015<EOT>: Waiting for 2 byte(s): text header
Thu Jul 16 08:01:01 EDT 2015<EOT>: Waiting for 334 byte(s): text body
Thu Jul 16 08:01:01 EDT 2015<EOT>: time,125.359,rpm,1855,ENGINE_LOAD,22.45,MAP,22.45,afr,10.00,vss,0.00,ks,0.00,kv,2.63,vbatt,13.06,TP,0.00,CLT,21.78,MAT,20.31,ckp_c,60531,fuel_base,2.70,fuel_lag,1.00,fuel,4.01,timing,21.64,duty0,NaN,dwell0,0.00,total_dwell0,0.00,period0,0.00,advance0,682.000,duty1,NaN,dwell1,0.00,total_dwell1,0.00,period1,0.00,advance1,682.000,
Thu Jul 16 08:01:01 EDT 2015<EOT>: Sending [0, 1, 71, 58, -70, 59, -66]
Thu Jul 16 08:01:01 EDT 2015<EOT>: Waiting for 2 byte(s): text header
Thu Jul 16 08:01:01 EDT 2015<EOT>: Waiting for 5 byte(s): text body
Thu Jul 16 08:01:01 EDT 2015<EOT>: Sending [0, 1, 71, 58, -70, 59, -66]
Thu Jul 16 08:01:01 EDT 2015<EOT>: Waiting for 2 byte(s): text header
Thu Jul 16 08:01:01 EDT 2015<EOT>: Waiting for 334 byte(s): text body
Thu Jul 16 08:01:01 EDT 2015<EOT>: time,125.559,rpm,1845,ENGINE_LOAD,22.60,MAP,22.60,afr,10.00,vss,0.00,ks,0.00,kv,2.60,vbatt,13.03,TP,0.00,CLT,21.75,MAT,19.58,ckp_c,60968,fuel_base,2.71,fuel_lag,1.00,fuel,4.02,timing,21.64,duty0,NaN,dwell0,0.00,total_dwell0,0.00,period0,0.00,advance0,682.000,duty1,NaN,dwell1,0.00,total_dwell1,0.00,period1,0.00,advance1,682.000,
Thu Jul 16 08:01:01 EDT 2015<EOT>: Sending [0, 1, 71, 58, -70, 59, -66]
Thu Jul 16 08:01:01 EDT 2015<EOT>: Waiting for 2 byte(s): text header
Thu Jul 16 08:01:01 EDT 2015<EOT>: Waiting for 5 byte(s): text body
Thu Jul 16 08:01:01 EDT 2015<EOT>: Sending [0, 1, 71, 58, -70, 59, -66]
Thu Jul 16 08:01:01 EDT 2015<EOT>: Waiting for 2 byte(s): text header
Thu Jul 16 08:01:01 EDT 2015<EOT>: Waiting for 334 byte(s): text body
Thu Jul 16 08:01:01 EDT 2015<EOT>: time,125.761,rpm,1844,ENGINE_LOAD,22.55,MAP,22.55,afr,10.01,vss,0.00,ks,0.00,kv,2.60,vbatt,12.75,TP,0.00,CLT,21.78,MAT,20.97,ckp_c,61407,fuel_base,2.70,fuel_lag,1.00,fuel,4.01,timing,21.64,duty0,NaN,dwell0,0.00,total_dwell0,0.00,period0,0.00,advance0,682.000,duty1,NaN,dwell1,0.00,total_dwell1,0.00,period1,0.00,advance1,682.000,
Thu Jul 16 08:01:02 EDT 2015<EOT>: Sending [0, 1, 71, 58, -70, 59, -66]
Thu Jul 16 08:01:02 EDT 2015<EOT>: Waiting for 2 byte(s): text header
Thu Jul 16 08:01:02 EDT 2015<EOT>: Waiting for 5 byte(s): text body
Thu Jul 16 08:01:02 EDT 2015<EOT>: Sending [0, 1, 71, 58, -70, 59, -66]
Thu Jul 16 08:01:02 EDT 2015<EOT>: Waiting for 2 byte(s): text header
Thu Jul 16 08:01:02 EDT 2015<EOT>: Waiting for 334 byte(s): text body
Thu Jul 16 08:01:02 EDT 2015<EOT>: time,125.961,rpm,1840,ENGINE_LOAD,22.81,MAP,22.81,afr,10.00,vss,0.00,ks,0.00,kv,2.59,vbatt,12.96,TP,0.00,CLT,21.83,MAT,20.21,ckp_c,61847,fuel_base,2.72,fuel_lag,1.00,fuel,4.04,timing,21.63,duty0,NaN,dwell0,0.00,total_dwell0,0.00,period0,0.00,advance0,682.000,duty1,NaN,dwell1,0.00,total_dwell1,0.00,period1,0.00,advance1,682.000,
Thu Jul 16 08:01:02 EDT 2015<EOT>: Sending [0, 1, 71, 58, -70, 59, -66]
Thu Jul 16 08:01:02 EDT 2015<EOT>: Waiting for 2 byte(s): text header
Thu Jul 16 08:01:02 EDT 2015<EOT>: Waiting for 5 byte(s): text body
Thu Jul 16 08:01:02 EDT 2015<EOT>: Sending [0, 1, 71, 58, -70, 59, -66]
Thu Jul 16 08:01:02 EDT 2015<EOT>: Waiting for 2 byte(s): text header
Thu Jul 16 08:01:02 EDT 2015<EOT>: Waiting for 4200 byte(s): text body
Thu Jul 16 08:01:02 EDT 2015<EOT>: wave_chart,t2!u_124!0!t2!d_125!15!t2!u_126!82!t2!d_127!105!t2!u_128!188!t2!d_129!196!t2!u_130!269!t2!d_131!284!t2!u_132!368!t2!d_133!374!t2!u_134!432!t2!d_135!463!c1!u!516!t2!u_136!547!t2!d_137!553!t2!u_138!636!t2!d_139!642!t2!u_140!726!t2!d_141!734!i3!u!738!t1!u_0!798!t2!u_1!813!t2!d_2!821!t2!u_3!862!c1!d!885!t2!d_4!910!t2!u_5!994!t2!d_6!1000!t2!u_7!1083!t2!d_8!1089!i3!d!1137!r!1857!1144!t2!u_9!1163!t1!d_10!1167!t2!d_11!1171!t2!u_12!1432!t2!d_13!1447!t1!u_14!1460!t2!u_15!1530!t2!d_16!1536!t2!u_17!1619!t2!d_18!1625!t2!u_19!1709!t2!d_20!1715!map!u!1746!t2!u_21!1765!t2!d_22!1804!t1!d_23!1823!t2!u_24!1862!t2!d_25!1894!t2!u_26!1977!t2!d_27!1983!t2!u_28!2067!t2!d_29!2072!t2!u_30!2113!t1!u_31!2118!t2!d_32!2162!c3!u!2166!map!d!2205!t2!u_33!2245!t2!d_34!2251!t2!u_35!2335!t2!d_36!2344!i4!u!2348!t2!u_37!2424!t2!d_38!2430!t1!d_39!2453!t2!u_40!2513!t2!d_41!2519!c3!d!2537!t2!u_42!2602!t2!d_43!2608!t2!u_44!2691!t2!d_45!2697!HIP!u!2731!i4!d!2745!t1!u_46!2756!t2!u_47!2760!t2!d_48!2965!t2!u_49!3048!t2!d_50!3054!t2!u_51!3112!t2!d_52!3143!t2!u_53!3227!t2!d_54!3233!t2!u_55!3316!t2!d_56!3322!t2!u_57!3405!t2!d_58!3412!t2!u_59!3495!t2!d_60!3501!t2!u_61!3584!t2!d_62!3590!HIP!d!3631!t2!u_63!3674!t2!d_64!3680!c1!u!3729!t2!u_65!3763!t2!d_66!3769!t2!u_67!3852!t2!d_68!3858!i2!u!3908!t2!u_69!3943!t2!d_70!3948!t2!u_71!4031!t2!d_72!4037!t1!d_73!4068!t2!u_74!4112!t2!d_75!4126!c1!d!4130!t2!u_76!4196!t2!d_77!4215!t2!u_78!4297!t2!d_79!4304!i2!d!4309!t2!u_80!4378!t2!d_81!4384!t1!u_82!4404!t2!u_83!4654!t2!d_84!4661!t1!d_85!4732!t2!u_86!4736!t2!d_87!4749!t2!u_88!4832!t2!d_89!4838!t2!u_90!4921!t2!d_91!4929!t2!u_92!4980!t2!d_93!5016!t1!u_94!5038!t2!u_95!5099!t2!d_96!5107!t2!u_97!5189!t2!d_98!5196!t2!u_99!5278!t2!d_100!5284!c3!u!5334!t1!d_101!5358!t2!u_102!5362!t2!d_103!5373!t2!u_104!5445!t2!d_105!5462!i1!u!5519!t2!u_106!5544!t2!d_107!5550!t2!u_108!5633!t1!u_109!5637!t2!d_110!5641!t2!u_111!5723!t2!d_112!5728!c3!d!5741!t2!u_113!5778!t2!d_114!5817!t2!u_115!5862!t2!d_116!5906!i1!d!5921!t1!d_117!5948!t2!u_118!5952!t2!d_119!6172!t2!u_120!6255!t2!d_121!6262!t2!u_122!6345!t2!d_123!6351!t2!u_124!6434!t2!d_125!6441!t2!u_126!6524!t2!d_127!6530!t2!u_128!6613!t2!d_129!6619!t2!u_130!6703!t2!d_131!6709!t2!u_132!6778!t2!d_133!6799!t2!u_134!6862!t2!d_135!6888!c1!u!6942!t2!u_136!6972!t2!d_137!6978!t2!u_138!7061!t2!d_139!7067!t2!u_140!7112!i3!u!7120!t2!d_141!7156!t1!u_0!7222!t2!u_1!7237!t2!d_2!7245!t2!u_3!7331!t2!d_4!7336!c1!d!7353!t2!u_5!7418!t2!d_6!7425!t2!u_7!7507!t2!d_8!7514!i3!d!7521!r!1867!7568!t1!d_9!7576!t2!u_10!7580!t2!d_11!7593!t2!u_12!7862!t2!d_13!7871!t1!u_14!7876!t2!u_15!7954!t2!d_16!7960!t2!u_17!8000!t2!d_18!8049!t2!u_19!8111!t2!d_20!8139!map!u!8175!t2!u_21!8223!t2!d_22!8230!t1!d_23!8239!t2!u_24!8313!t2!d_25!8319!t2!u_26!8404!t2!d_27!8408!t2!u_28!8445!t2!d_29!8498!t1!u_30!8530!t2!u_31!8581!c3!u!8585!t2!d_32!8588!map!d!8612!t2!u_33!8671!t2!d_34!8677!t2!u_35!8760!t2!d_36!8769!i4!u!8772!t2!u_37!8850!t2!d_38!8855!t1!d_39!8870!t2!u_40!8939!t2!d_41!8946!c3!d!8963!t2!u_42!9009!t2!d_43!9035!t2!u_44!9111!t2!d_45!9124!HIP!u!9154!i4!d!9171!t1!u_46!9179!t2!u_47!9183!t2!d_48!9392!t2!u_49!9445!t2!d_50!9482!t2!u_51!9528!t2!d_52!9572!t2!u_53!9656!t2!d_54!9662!t2!u_55!9746!t2!d_56!9752!t2!u_57!9836!t2!d_58!9842!t2!u_59!9926!t2!d_60!9932!t2!u_61!9975!t2!d_62!10022!HIP!d!10052!t2!u_63!10106!t2!d_64!10113!c1!u!10161!t2!u_65!10195!t2!d_66!10202!t2!u_67!10286!t2!d_68!10292!i2!u!10353!t2!u_69!10376!t2!d_70!10382!t2!u_71!10445!t2!d_72!10472!t1!d_73!10505!t2!u_74!10556!t2!d_75!10562!c1!d!10574!t2!u_76!10645!t2!d_77!10652!t2!u_78!10735!t2!d_79!10741!i2!d!10745!t2!u_80!10780!t2!d_81!10822!t1!u_82!10842!t2!u_83!11092!t2!d_84!11100!t1!d_85!11173!t2!u_86!11177!t2!d_87!11190!t2!u_88!11273!t2!d_89!11279!t2!u_90!11363!t2!d_91!11369!t2!u_92!11444!t2!d_93!11459!t1!u_94!11483!t2!u_95!11530!t2!d_96!11549!t2!u_97!11633!t2!d_98!11639!t2!u_99!11723!t2!d_100!11729!t2!u_101!11778!,time,126.163,rpm,1848,ENGINE_LOAD,22.69,MAP,22.69,afr,10.00,vss,0.00,ks,0.00,kv,2.59,vbatt,13.08,TP,0.00,CLT,21.78,MAT,19.76,ckp_c,62283,fuel_base,2.71,fuel_lag,1.00,fuel,4.03,timing,21.64,duty0,NaN,dwell0,0.00,total_dwell0,0.00,period0,0.00,advance0,682.000,duty1,NaN,dwell1,0.00,total_dwell1,0.00,period1,0.00,advance1,682.000,
Thu Jul 16 08:01:02 EDT 2015<EOT>: : t2!u_124!0!t2!d_125!15!t2!u_126!82!t2!d_127!105!t2!u_128!188!t2!d_129!196!t2!u_130!269!t2!d_131!284!t2!u_132!368!t2!d_133!374!t2!u_134!432!t2!d_135!463!c1!u!516!t2!u_136!547!t2!d_137!553!t2!u_138!636!t2!d_139!642!t2!u_140!726!t2!d_141!734!i3!u!738!t1!u_0!798!t2!u_1!813!t2!d_2!821!t2!u_3!862!c1!d!885!t2!d_4!910!t2!u_5!994!t2!d_6!1000!t2!u_7!1083!t2!d_8!1089!i3!d!1137!r!1857!1144!t2!u_9!1163!t1!d_10!1167!t2!d_11!1171!t2!u_12!1432!t2!d_13!1447!t1!u_14!1460!t2!u_15!1530!t2!d_16!1536!t2!u_17!1619!t2!d_18!1625!t2!u_19!1709!t2!d_20!1715!map!u!1746!t2!u_21!1765!t2!d_22!1804!t1!d_23!1823!t2!u_24!1862!t2!d_25!1894!t2!u_26!1977!t2!d_27!1983!t2!u_28!2067!t2!d_29!2072!t2!u_30!2113!t1!u_31!2118!t2!d_32!2162!c3!u!2166!map!d!2205!t2!u_33!2245!t2!d_34!2251!t2!u_35!2335!t2!d_36!2344!i4!u!2348!t2!u_37!2424!t2!d_38!2430!t1!d_39!2453!t2!u_40!2513!t2!d_41!2519!c3!d!2537!t2!u_42!2602!t2!d_43!2608!t2!u_44!2691!t2!d_45!2697!HIP!u!2731!i4!d!2745!t1!u_46!2756!t2!u_47!2760!t2!d_48!2965!t2!u_49!3048!t2!d_50!3054!t2!u_51!3112!t2!d_52!3143!t2!u_53!3227!t2!d_54!3233!t2!u_55!3316!t2!d_56!3322!t2!u_57!3405!t2!d_58!3412!t2!u_59!3495!t2!d_60!3501!t2!u_61!3584!t2!d_62!3590!HIP!d!3631!t2!u_63!3674!t2!d_64!3680!c1!u!3729!t2!u_65!3763!t2!d_66!3769!t2!u_67!3852!t2!d_68!3858!i2!u!3908!t2!u_69!3943!t2!d_70!3948!t2!u_71!4031!t2!d_72!4037!t1!d_73!4068!t2!u_74!4112!t2!d_75!4126!c1!d!4130!t2!u_76!4196!t2!d_77!4215!t2!u_78!4297!t2!d_79!4304!i2!d!4309!t2!u_80!4378!t2!d_81!4384!t1!u_82!4404!t2!u_83!4654!t2!d_84!4661!t1!d_85!4732!t2!u_86!4736!t2!d_87!4749!t2!u_88!4832!t2!d_89!4838!t2!u_90!4921!t2!d_91!4929!t2!u_92!4980!t2!d_93!5016!t1!u_94!5038!t2!u_95!5099!t2!d_96!5107!t2!u_97!5189!t2!d_98!5196!t2!u_99!5278!t2!d_100!5284!c3!u!5334!t1!d_101!5358!t2!u_102!5362!t2!d_103!5373!t2!u_104!5445!t2!d_105!5462!i1!u!5519!t2!u_106!5544!t2!d_107!5550!t2!u_108!5633!t1!u_109!5637!t2!d_110!5641!t2!u_111!5723!t2!d_112!5728!c3!d!5741!t2!u_113!5778!t2!d_114!5817!t2!u_115!5862!t2!d_116!5906!i1!d!5921!t1!d_117!5948!t2!u_118!5952!t2!d_119!6172!t2!u_120!6255!t2!d_121!6262!t2!u_122!6345!t2!d_123!6351!t2!u_124!6434!t2!d_125!6441!t2!u_126!6524!t2!d_127!6530!t2!u_128!6613!t2!d_129!6619!t2!u_130!6703!t2!d_131!6709!t2!u_132!6778!t2!d_133!6799!t2!u_134!6862!t2!d_135!6888!c1!u!6942!t2!u_136!6972!t2!d_137!6978!t2!u_138!7061!t2!d_139!7067!t2!u_140!7112!i3!u!7120!t2!d_141!7156!t1!u_0!7222!t2!u_1!7237!t2!d_2!7245!t2!u_3!7331!t2!d_4!7336!c1!d!7353!t2!u_5!7418!t2!d_6!7425!t2!u_7!7507!t2!d_8!7514!i3!d!7521!r!1867!7568!t1!d_9!7576!t2!u_10!7580!t2!d_11!7593!t2!u_12!7862!t2!d_13!7871!t1!u_14!7876!t2!u_15!7954!t2!d_16!7960!t2!u_17!8000!t2!d_18!8049!t2!u_19!8111!t2!d_20!8139!map!u!8175!t2!u_21!8223!t2!d_22!8230!t1!d_23!8239!t2!u_24!8313!t2!d_25!8319!t2!u_26!8404!t2!d_27!8408!t2!u_28!8445!t2!d_29!8498!t1!u_30!8530!t2!u_31!8581!c3!u!8585!t2!d_32!8588!map!d!8612!t2!u_33!8671!t2!d_34!8677!t2!u_35!8760!t2!d_36!8769!i4!u!8772!t2!u_37!8850!t2!d_38!8855!t1!d_39!8870!t2!u_40!8939!t2!d_41!8946!c3!d!8963!t2!u_42!9009!t2!d_43!9035!t2!u_44!9111!t2!d_45!9124!HIP!u!9154!i4!d!9171!t1!u_46!9179!t2!u_47!9183!t2!d_48!9392!t2!u_49!9445!t2!d_50!9482!t2!u_51!9528!t2!d_52!9572!t2!u_53!9656!t2!d_54!9662!t2!u_55!9746!t2!d_56!9752!t2!u_57!9836!t2!d_58!9842!t2!u_59!9926!t2!d_60!9932!t2!u_61!9975!t2!d_62!10022!HIP!d!10052!t2!u_63!10106!t2!d_64!10113!c1!u!10161!t2!u_65!10195!t2!d_66!10202!t2!u_67!10286!t2!d_68!10292!i2!u!10353!t2!u_69!10376!t2!d_70!10382!t2!u_71!10445!t2!d_72!10472!t1!d_73!10505!t2!u_74!10556!t2!d_75!10562!c1!d!10574!t2!u_76!10645!t2!d_77!10652!t2!u_78!10735!t2!d_79!10741!i2!d!10745!t2!u_80!10780!t2!d_81!10822!t1!u_82!10842!t2!u_83!11092!t2!d_84!11100!t1!d_85!11173!t2!u_86!11177!t2!d_87!11190!t2!u_88!11273!t2!d_89!11279!t2!u_90!11363!t2!d_91!11369!t2!u_92!11444!t2!d_93!11459!t1!u_94!11483!t2!u_95!11530!t2!d_96!11549!t2!u_97!11633!t2!d_98!11639!t2!u_99!11723!t2!d_100!11729!t2!u_101!11778!
Thu Jul 16 08:01:02 EDT 2015<EOT>: Sending [0, 1, 71, 58, -70, 59, -66]
Thu Jul 16 08:01:02 EDT 2015<EOT>: Waiting for 2 byte(s): text header
Thu Jul 16 08:01:02 EDT 2015<EOT>: Waiting for 5 byte(s): text body
Thu Jul 16 08:01:02 EDT 2015<EOT>: Sending [0, 1, 71, 58, -70, 59, -66]
Thu Jul 16 08:01:02 EDT 2015<EOT>: Waiting for 2 byte(s): text header
Thu Jul 16 08:01:02 EDT 2015<EOT>: Waiting for 2110 byte(s): text body
Thu Jul 16 08:01:02 EDT 2015<EOT>: analog_chart,0.00|0.00|1.70|3001.00|2.42|2002.00|11.41|3003.00|12.33|2004.00|21.38|3005.00|22.16|2006.00|31.32|3007.00|32.06|2008.00|39.04|9.00|39.77|3010.00|41.00|2011.00|71.21|3012.00|71.95|2013.00|72.70|1014.00|81.18|3015.00|81.93|2016.00|91.15|3017.00|91.90|2018.00|98.08|3019.00|101.82|2020.00|109.15|3021.00|111.66|2022.00|112.77|23.00|115.84|3024.00|121.62|2025.00|130.95|3026.00|131.62|2027.00|140.92|3028.00|141.58|2029.00|144.92|1030.00|146.10|3031.00|151.57|2032.00|160.83|3033.00|161.48|2034.00|170.78|3035.00|172.09|2036.00|180.84|3037.00|181.48|2038.00|183.02|39.00|190.65|3040.00|191.41|2041.00|200.61|3042.00|201.27|2043.00|209.12|3044.00|211.20|2045.00|217.35|1046.00|217.99|3047.00|241.05|2048.00|246.06|3049.00|251.14|2050.00|256.90|3051.00|261.01|2052.00|270.37|3053.00|271.06|2054.00|280.39|3055.00|281.32|2056.00|290.41|3057.00|291.08|2058.00|300.44|3059.00|301.09|2060.00|310.44|3061.00|311.10|2062.00|319.93|3063.00|321.11|2064.00|330.46|3065.00|331.11|2066.00|340.44|3067.00|341.12|2068.00|350.43|3069.00|351.08|2070.00|356.89|3071.00|361.08|2072.00|364.89|73.00|365.52|3074.00|371.04|2075.00|380.36|3076.00|381.02|2077.00|390.31|3078.00|390.97|2079.00|399.31|3080.00|399.99|2081.00|402.11|1082.00|430.19|3083.00|430.91|2084.00|439.19|85.00|439.82|3086.00|440.83|2087.00|450.12|3088.00|450.81|2089.00|458.03|3090.00|460.76|2091.00|467.63|3092.00|470.72|2093.00|473.19|1094.00|478.51|3095.00|480.69|2096.00|487.20|3097.00|490.65|2098.00|499.95|3099.00|500.63|2100.00|504.61|3101.00|509.11|102.00|510.56|2103.00|515.45|3104.00|520.52|2105.00|529.81|3106.00|530.48|2107.00|539.73|1108.00|540.36|3109.00|541.00|2110.00|549.67|3111.00|550.49|2112.00|559.60|3113.00|560.30|2114.00|569.54|3115.00|570.21|2116.00|574.73|117.00|575.36|3118.00|600.04|2119.00|609.35|3120.00|610.05|2121.00|615.43|3122.00|619.99|2123.00|629.30|3124.00|630.00|2125.00|639.33|3126.00|639.97|2127.00|649.27|3128.00|649.93|2129.00|659.26|3130.00|659.91|2131.00|667.80|3132.00|669.92|2133.00|674.23|3134.00|679.90|2135.00|688.54|3136.00|689.85|2137.00|699.15|3138.00|699.81|2139.00|709.08|3140.00|710.29|2141.00|,
Thu Jul 16 08:01:02 EDT 2015<EOT>: Analog chart from 0.0 to 710.29
Thu Jul 16 08:01:02 EDT 2015<EOT>: Sending [0, 1, 71, 58, -70, 59, -66]
Thu Jul 16 08:01:02 EDT 2015<EOT>: Waiting for 2 byte(s): text header
Thu Jul 16 08:01:02 EDT 2015<EOT>: Waiting for 334 byte(s): text body
Thu Jul 16 08:01:02 EDT 2015<EOT>: time,126.363,rpm,1854,ENGINE_LOAD,22.54,MAP,22.54,afr,10.08,vss,0.00,ks,0.00,kv,2.60,vbatt,12.90,TP,0.00,CLT,21.67,MAT,19.76,ckp_c,62729,fuel_base,2.71,fuel_lag,1.00,fuel,4.02,timing,21.66,duty0,NaN,dwell0,0.00,total_dwell0,0.00,period0,0.00,advance0,682.000,duty1,NaN,dwell1,0.00,total_dwell1,0.00,period1,0.00,advance1,682.000,
Thu Jul 16 08:01:02 EDT 2015<EOT>: Sending [0, 1, 71, 58, -70, 59, -66]
Thu Jul 16 08:01:02 EDT 2015<EOT>: Waiting for 2 byte(s): text header
Thu Jul 16 08:01:02 EDT 2015<EOT>: Waiting for 5 byte(s): text body
Thu Jul 16 08:01:02 EDT 2015<EOT>: Sending [0, 1, 71, 58, -70, 59, -66]
Thu Jul 16 08:01:02 EDT 2015<EOT>: Waiting for 2 byte(s): text header
Thu Jul 16 08:01:02 EDT 2015<EOT>: Waiting for 334 byte(s): text body
Thu Jul 16 08:01:02 EDT 2015<EOT>: time,126.566,rpm,1859,ENGINE_LOAD,22.44,MAP,22.44,afr,10.00,vss,0.00,ks,0.00,kv,2.57,vbatt,12.93,TP,0.00,CLT,21.83,MAT,19.74,ckp_c,63169,fuel_base,2.70,fuel_lag,1.00,fuel,4.01,timing,21.63,duty0,NaN,dwell0,0.00,total_dwell0,0.00,period0,0.00,advance0,682.000,duty1,NaN,dwell1,0.00,total_dwell1,0.00,period1,0.00,advance1,682.000,
Thu Jul 16 08:01:02 EDT 2015<EOT>: Sending [0, 1, 71, 58, -70, 59, -66]
Thu Jul 16 08:01:02 EDT 2015<EOT>: Waiting for 2 byte(s): text header
Thu Jul 16 08:01:02 EDT 2015<EOT>: Waiting for 5 byte(s): text body
Thu Jul 16 08:01:03 EDT 2015<EOT>: Sending [0, 1, 71, 58, -70, 59, -66]
Thu Jul 16 08:01:03 EDT 2015<EOT>: Waiting for 2 byte(s): text header
Thu Jul 16 08:01:03 EDT 2015<EOT>: Waiting for 334 byte(s): text body
Thu Jul 16 08:01:03 EDT 2015<EOT>: time,126.766,rpm,1850,ENGINE_LOAD,22.93,MAP,22.93,afr,10.00,vss,0.00,ks,0.00,kv,2.55,vbatt,13.29,TP,0.00,CLT,21.91,MAT,20.05,ckp_c,63608,fuel_base,2.74,fuel_lag,1.00,fuel,4.05,timing,21.61,duty0,NaN,dwell0,0.00,total_dwell0,0.00,period0,0.00,advance0,682.000,duty1,NaN,dwell1,0.00,total_dwell1,0.00,period1,0.00,advance1,682.000,
Thu Jul 16 08:01:03 EDT 2015<EOT>: Sending [0, 1, 71, 58, -70, 59, -66]
Thu Jul 16 08:01:03 EDT 2015<EOT>: Waiting for 2 byte(s): text header
Thu Jul 16 08:01:03 EDT 2015<EOT>: Waiting for 5 byte(s): text body
Thu Jul 16 08:01:03 EDT 2015<EOT>: Sending [0, 1, 71, 58, -70, 59, -66]
Thu Jul 16 08:01:03 EDT 2015<EOT>: Waiting for 2 byte(s): text header
Thu Jul 16 08:01:03 EDT 2015<EOT>: Waiting for 334 byte(s): text body
Thu Jul 16 08:01:03 EDT 2015<EOT>: time,126.968,rpm,1853,ENGINE_LOAD,22.63,MAP,22.63,afr,10.00,vss,0.00,ks,0.00,kv,2.52,vbatt,12.89,TP,0.00,CLT,21.88,MAT,20.42,ckp_c,64053,fuel_base,2.71,fuel_lag,1.00,fuel,4.02,timing,21.62,duty0,NaN,dwell0,0.00,total_dwell0,0.00,period0,0.00,advance0,682.000,duty1,NaN,dwell1,0.00,total_dwell1,0.00,period1,0.00,advance1,682.000,
Thu Jul 16 08:01:03 EDT 2015<EOT>: Sending [0, 1, 71, 58, -70, 59, -66]
Thu Jul 16 08:01:03 EDT 2015<EOT>: Waiting for 2 byte(s): text header
Thu Jul 16 08:01:03 EDT 2015<EOT>: Waiting for 4449 byte(s): text body
Thu Jul 16 08:01:03 EDT 2015<EOT>: wave_chart,t2!u_42!0!t2!d_43!38!t2!u_44!115!t2!d_45!128!HIP!u!149!i4!d!177!t1!u_46!187!t2!u_47!191!t2!d_48!398!t2!u_49!449!t2!d_50!489!t2!u_51!545!t2!d_52!579!t2!u_53!664!t2!d_54!670!t2!u_55!755!t2!d_56!761!t2!u_57!846!t2!d_58!852!t2!u_59!937!t2!d_60!943!t2!u_61!1028!t2!d_62!1034!HIP!d!1053!t2!u_63!1115!t2!d_64!1125!c1!u!1176!t2!u_65!1211!t2!d_66!1216!t2!u_67!1301!t2!d_68!1307!i2!u!1359!t2!u_69!1391!t2!d_70!1397!t2!u_71!1449!t2!d_72!1488!t1!d_73!1525!t2!u_74!1529!c1!d!1548!t2!d_75!1578!t2!u_76!1663!t2!d_77!1669!t2!u_78!1753!t2!d_79!1761!i2!d!1764!t2!u_80!1835!t2!d_81!1842!t1!u_82!1865!t2!u_83!2115!t2!d_84!2122!t1!d_85!2198!t2!u_86!2201!t2!d_87!2212!t2!u_88!2298!t2!d_89!2303!t2!u_90!2359!t2!d_91!2394!t2!u_92!2449!t2!d_93!2484!t1!u_94!2509!t2!u_95!2558!t2!d_96!2576!t2!u_97!2660!t2!d_98!2666!t2!u_99!2750!t2!d_100!2756!t1!d_101!2836!t2!u_102!2842!t2!d_103!2847!c3!u!2850!t2!u_104!2931!t2!d_105!2938!i1!u!2998!t2!u_106!3022!t2!d_107!3028!t2!u_108!3110!t1!u_109!3116!t2!d_110!3120!t2!u_111!3202!t2!d_112!3208!c3!d!3221!t2!u_113!3293!t2!d_114!3300!t2!u_115!3383!t2!d_116!3389!i1!d!3401!t1!d_117!3437!t2!u_118!3441!t2!d_119!3660!t2!u_120!3745!t2!d_121!3751!t2!u_122!3836!t2!d_123!3842!t2!u_124!3926!t2!d_125!3932!t2!u_126!4017!t2!d_127!4025!t2!u_128!4108!t2!d_129!4114!t2!u_130!4199!t2!d_131!4205!t2!u_132!4289!t2!d_133!4296!t2!u_134!4355!t2!d_135!4387!c1!u!4441!t2!u_136!4444!t2!d_137!4477!t2!u_138!4544!t2!d_139!4568!t2!u_140!4652!t2!d_141!4661!i3!u!4664!t1!u_0!4725!t2!u_1!4741!t2!d_2!4748!t2!u_3!4833!t2!d_4!4839!c1!d!4856!t2!u_5!4878!t2!d_6!4930!t2!u_7!5013!t2!d_8!5019!i3!d!5066!r!1841!5073!t2!u_9!5095!t1!d_10!5099!t2!d_11!5103!t2!u_12!5375!t2!d_13!5382!t1!u_14!5397!t2!u_15!5445!t2!d_16!5472!t2!u_17!5544!t2!d_18!5562!t2!u_19!5647!t2!d_20!5653!map!u!5681!t2!u_21!5737!t2!d_22!5743!t1!d_23!5763!t2!u_24!5827!t2!d_25!5833!t2!u_26!5903!t2!d_27!5925!t2!u_28!6008!t2!d_29!6014!t1!u_30!6056!t2!u_31!6063!t2!d_32!6105!c3!u!6111!map!d!6135!t2!u_33!6189!t2!d_34!6195!t2!u_35!6279!t2!d_36!6288!i4!u!6292!t2!u_37!6370!t2!d_38!6375!t1!d_39!6399!t2!u_40!6443!t2!d_41!6465!c3!d!6469!t2!u_42!6544!t2!d_43!6555!t2!u_44!6639!t2!d_45!6645!HIP!u!6666!i4!d!6696!t1!u_46!6706!t2!u_47!6710!t2!d_48!6916!t2!u_49!7000!t2!d_50!7007!t2!u_51!7091!t2!d_52!7097!t2!u_53!7181!t2!d_54!7187!t2!u_55!7271!t2!d_56!7277!t2!u_57!7362!t2!d_58!7371!t2!u_59!7443!t2!d_60!7458!t2!u_61!7544!t2!d_62!7548!HIP!d!7569!t2!u_63!7633!t2!d_64!7639!c1!u!7690!t2!u_65!7723!t2!d_66!7729!t2!u_67!7776!t2!d_68!7819!i2!u!7872!t2!u_69!7877!t2!d_70!7909!t2!u_71!7993!t2!d_72!7999!t1!d_73!8032!t2!u_74!8083!t2!d_75!8089!c1!d!8102!t2!u_76!8173!t2!d_77!8180!t2!u_78!8227!t2!d_79!8269!i2!d!8276!t2!u_80!8345!t2!d_81!8351!t1!u_82!8371!t2!u_83!8580!t2!d_84!8630!t1!d_85!8704!t2!u_86!8708!t2!d_87!8720!t2!u_88!8776!t2!d_89!8810!t2!u_90!8877!t2!d_91!8900!t2!u_92!8984!t2!d_93!8990!t1!u_94!9013!t2!u_95!9075!t2!d_96!9081!t2!u_97!9165!t2!d_98!9171!t2!u_99!9211!t2!d_100!9262!t1!d_101!9336!t2!u_102!9343!c3!u!9349!t2!d_103!9351!t2!u_104!9436!t2!d_105!9443!i1!u!9504!t2!u_106!9525!t2!d_107!9531!t2!u_108!9615!t1!u_109!9619!t2!d_110!9623!t2!u_111!9705!t2!d_112!9712!c3!d!9723!t2!u_113!9776!t2!d_114!9801!t2!u_115!9885!t2!d_116!9891!i1!d!9908!t1!d_117!9934!t2!u_118!9938!t2!d_119!10161!t2!u_120!10210!t2!d_121!10251!t2!u_122!10327!t2!d_123!10342!t2!u_124!10426!t2!d_125!10432!t2!u_126!10517!t2!d_127!10522!t2!u_128!10607!t2!d_129!10612!t2!u_130!10697!t2!d_131!10703!t2!u_132!10776!t2!d_133!10793!t2!u_134!10877!t2!d_135!10883!c1!u!10937!t2!u_136!10967!t2!d_137!10974!t2!u_138!11057!t2!d_139!11063!t2!u_140!11109!i3!u!11123!t2!d_141!11153!t1!u_0!11220!t2!u_1!11240!t2!d_2!11246!t2!u_3!11327!t2!d_4!11336!c1!d!11352!t2!u_5!11417!t2!d_6!11424!t2!u_7!11507!t2!d_8!11514!i3!d!11525!r!1847!11570!t1!d_9!11577!t2!u_10!11583!t2!d_11!11594!t2!u_12!11867!t2!d_13!11874!t1!u_14!11880!t2!u_15!11957!t2!d_16!11964!t2!u_17!12047!t2!d_18!12054!t2!u_19!12109!t2!d_20!12143!,time,127.168,rpm,1861,ENGINE_LOAD,22.48,MAP,22.48,afr,10.00,vss,0.00,ks,0.00,kv,2.56,vbatt,13.01,TP,0.00,CLT,21.83,MAT,19.76,rusEfiVersion,20150713@8529 Neon03,outpin,t1@PA5,outpin,t2@PC6,outpin,input1@NONE,outpin,input2@NONE,outpin,c1@PC9,outpin,i1@PB8,outpin,c2@NONE,outpin,i2@PB9,outpin,c3@PE8,outpin,i3@PE2,outpin,c4@NONE,outpin,i4@PB7,ckp_c,64494,fuel_base,2.70,fuel_lag,1.00,fuel,4.02,timing,21.63,duty0,NaN,dwell0,0.00,total_dwell0,0.00,period0,0.00,advance0,682.000,duty1,NaN,dwell1,0.00,total_dwell1,0.00,period1,0.00,advance1,682.000,
Thu Jul 16 08:01:03 EDT 2015<EOT>: : t2!u_42!0!t2!d_43!38!t2!u_44!115!t2!d_45!128!HIP!u!149!i4!d!177!t1!u_46!187!t2!u_47!191!t2!d_48!398!t2!u_49!449!t2!d_50!489!t2!u_51!545!t2!d_52!579!t2!u_53!664!t2!d_54!670!t2!u_55!755!t2!d_56!761!t2!u_57!846!t2!d_58!852!t2!u_59!937!t2!d_60!943!t2!u_61!1028!t2!d_62!1034!HIP!d!1053!t2!u_63!1115!t2!d_64!1125!c1!u!1176!t2!u_65!1211!t2!d_66!1216!t2!u_67!1301!t2!d_68!1307!i2!u!1359!t2!u_69!1391!t2!d_70!1397!t2!u_71!1449!t2!d_72!1488!t1!d_73!1525!t2!u_74!1529!c1!d!1548!t2!d_75!1578!t2!u_76!1663!t2!d_77!1669!t2!u_78!1753!t2!d_79!1761!i2!d!1764!t2!u_80!1835!t2!d_81!1842!t1!u_82!1865!t2!u_83!2115!t2!d_84!2122!t1!d_85!2198!t2!u_86!2201!t2!d_87!2212!t2!u_88!2298!t2!d_89!2303!t2!u_90!2359!t2!d_91!2394!t2!u_92!2449!t2!d_93!2484!t1!u_94!2509!t2!u_95!2558!t2!d_96!2576!t2!u_97!2660!t2!d_98!2666!t2!u_99!2750!t2!d_100!2756!t1!d_101!2836!t2!u_102!2842!t2!d_103!2847!c3!u!2850!t2!u_104!2931!t2!d_105!2938!i1!u!2998!t2!u_106!3022!t2!d_107!3028!t2!u_108!3110!t1!u_109!3116!t2!d_110!3120!t2!u_111!3202!t2!d_112!3208!c3!d!3221!t2!u_113!3293!t2!d_114!3300!t2!u_115!3383!t2!d_116!3389!i1!d!3401!t1!d_117!3437!t2!u_118!3441!t2!d_119!3660!t2!u_120!3745!t2!d_121!3751!t2!u_122!3836!t2!d_123!3842!t2!u_124!3926!t2!d_125!3932!t2!u_126!4017!t2!d_127!4025!t2!u_128!4108!t2!d_129!4114!t2!u_130!4199!t2!d_131!4205!t2!u_132!4289!t2!d_133!4296!t2!u_134!4355!t2!d_135!4387!c1!u!4441!t2!u_136!4444!t2!d_137!4477!t2!u_138!4544!t2!d_139!4568!t2!u_140!4652!t2!d_141!4661!i3!u!4664!t1!u_0!4725!t2!u_1!4741!t2!d_2!4748!t2!u_3!4833!t2!d_4!4839!c1!d!4856!t2!u_5!4878!t2!d_6!4930!t2!u_7!5013!t2!d_8!5019!i3!d!5066!r!1841!5073!t2!u_9!5095!t1!d_10!5099!t2!d_11!5103!t2!u_12!5375!t2!d_13!5382!t1!u_14!5397!t2!u_15!5445!t2!d_16!5472!t2!u_17!5544!t2!d_18!5562!t2!u_19!5647!t2!d_20!5653!map!u!5681!t2!u_21!5737!t2!d_22!5743!t1!d_23!5763!t2!u_24!5827!t2!d_25!5833!t2!u_26!5903!t2!d_27!5925!t2!u_28!6008!t2!d_29!6014!t1!u_30!6056!t2!u_31!6063!t2!d_32!6105!c3!u!6111!map!d!6135!t2!u_33!6189!t2!d_34!6195!t2!u_35!6279!t2!d_36!6288!i4!u!6292!t2!u_37!6370!t2!d_38!6375!t1!d_39!6399!t2!u_40!6443!t2!d_41!6465!c3!d!6469!t2!u_42!6544!t2!d_43!6555!t2!u_44!6639!t2!d_45!6645!HIP!u!6666!i4!d!6696!t1!u_46!6706!t2!u_47!6710!t2!d_48!6916!t2!u_49!7000!t2!d_50!7007!t2!u_51!7091!t2!d_52!7097!t2!u_53!7181!t2!d_54!7187!t2!u_55!7271!t2!d_56!7277!t2!u_57!7362!t2!d_58!7371!t2!u_59!7443!t2!d_60!7458!t2!u_61!7544!t2!d_62!7548!HIP!d!7569!t2!u_63!7633!t2!d_64!7639!c1!u!7690!t2!u_65!7723!t2!d_66!7729!t2!u_67!7776!t2!d_68!7819!i2!u!7872!t2!u_69!7877!t2!d_70!7909!t2!u_71!7993!t2!d_72!7999!t1!d_73!8032!t2!u_74!8083!t2!d_75!8089!c1!d!8102!t2!u_76!8173!t2!d_77!8180!t2!u_78!8227!t2!d_79!8269!i2!d!8276!t2!u_80!8345!t2!d_81!8351!t1!u_82!8371!t2!u_83!8580!t2!d_84!8630!t1!d_85!8704!t2!u_86!8708!t2!d_87!8720!t2!u_88!8776!t2!d_89!8810!t2!u_90!8877!t2!d_91!8900!t2!u_92!8984!t2!d_93!8990!t1!u_94!9013!t2!u_95!9075!t2!d_96!9081!t2!u_97!9165!t2!d_98!9171!t2!u_99!9211!t2!d_100!9262!t1!d_101!9336!t2!u_102!9343!c3!u!9349!t2!d_103!9351!t2!u_104!9436!t2!d_105!9443!i1!u!9504!t2!u_106!9525!t2!d_107!9531!t2!u_108!9615!t1!u_109!9619!t2!d_110!9623!t2!u_111!9705!t2!d_112!9712!c3!d!9723!t2!u_113!9776!t2!d_114!9801!t2!u_115!9885!t2!d_116!9891!i1!d!9908!t1!d_117!9934!t2!u_118!9938!t2!d_119!10161!t2!u_120!10210!t2!d_121!10251!t2!u_122!10327!t2!d_123!10342!t2!u_124!10426!t2!d_125!10432!t2!u_126!10517!t2!d_127!10522!t2!u_128!10607!t2!d_129!10612!t2!u_130!10697!t2!d_131!10703!t2!u_132!10776!t2!d_133!10793!t2!u_134!10877!t2!d_135!10883!c1!u!10937!t2!u_136!10967!t2!d_137!10974!t2!u_138!11057!t2!d_139!11063!t2!u_140!11109!i3!u!11123!t2!d_141!11153!t1!u_0!11220!t2!u_1!11240!t2!d_2!11246!t2!u_3!11327!t2!d_4!11336!c1!d!11352!t2!u_5!11417!t2!d_6!11424!t2!u_7!11507!t2!d_8!11514!i3!d!11525!r!1847!11570!t1!d_9!11577!t2!u_10!11583!t2!d_11!11594!t2!u_12!11867!t2!d_13!11874!t1!u_14!11880!t2!u_15!11957!t2!d_16!11964!t2!u_17!12047!t2!d_18!12054!t2!u_19!12109!t2!d_20!12143!
Thu Jul 16 08:01:03 EDT 2015<EOT>: Sending [0, 1, 71, 58, -70, 59, -66]
Thu Jul 16 08:01:03 EDT 2015<EOT>: Waiting for 2 byte(s): text header
Thu Jul 16 08:01:03 EDT 2015<EOT>: Waiting for 334 byte(s): text body
Thu Jul 16 08:01:03 EDT 2015<EOT>: time,127.370,rpm,1864,ENGINE_LOAD,22.30,MAP,22.30,afr,10.00,vss,0.00,ks,0.00,kv,2.52,vbatt,13.14,TP,0.00,CLT,21.99,MAT,19.68,ckp_c,64936,fuel_base,2.69,fuel_lag,1.00,fuel,4.00,timing,21.60,duty0,NaN,dwell0,0.00,total_dwell0,0.00,period0,0.00,advance0,682.000,duty1,NaN,dwell1,0.00,total_dwell1,0.00,period1,0.00,advance1,682.000,
Thu Jul 16 08:01:03 EDT 2015<EOT>: Sending [0, 1, 71, 58, -70, 59, -66]
Thu Jul 16 08:01:03 EDT 2015<EOT>: Waiting for 2 byte(s): text header
Thu Jul 16 08:01:03 EDT 2015<EOT>: Waiting for 5 byte(s): text body
Thu Jul 16 08:01:03 EDT 2015<EOT>: Sending [0, 1, 71, 58, -70, 59, -66]
Thu Jul 16 08:01:03 EDT 2015<EOT>: Waiting for 2 byte(s): text header
Thu Jul 16 08:01:03 EDT 2015<EOT>: Waiting for 2427 byte(s): text body
Thu Jul 16 08:01:03 EDT 2015<EOT>: time,127.570,rpm,1862,ENGINE_LOAD,22.04,MAP,22.04,afr,10.00,vss,0.00,ks,0.00,kv,2.59,vbatt,13.03,TP,0.00,CLT,22.12,MAT,20.28,ckp_c,65377,fuel_base,2.66,fuel_lag,1.00,fuel,3.96,timing,21.57,duty0,NaN,dwell0,0.00,total_dwell0,0.00,period0,0.00,advance0,682.000,duty1,NaN,dwell1,0.00,total_dwell1,0.00,period1,0.00,advance1,682.000,analog_chart,0.00|0.00|2.34|2001.00|11.67|3002.00|12.32|2003.00|21.68|3004.00|22.54|2005.00|31.65|3006.00|32.31|2007.00|40.69|3008.00|41.31|9.00|41.92|2010.00|71.74|3011.00|72.65|2012.00|74.26|1013.00|81.80|3014.00|82.49|2015.00|91.86|3016.00|92.54|2017.00|102.23|3018.00|102.87|2019.00|110.64|3020.00|112.68|2021.00|114.43|22.00|122.11|3023.00|122.75|2024.00|132.19|3025.00|132.83|2026.00|142.24|3027.00|142.91|2028.00|147.32|1029.00|147.96|3030.00|152.98|2031.00|162.35|3032.00|163.02|2033.00|172.62|3034.00|173.26|2035.00|182.41|3036.00|183.05|2037.00|185.98|38.00|192.44|3039.00|193.10|2040.00|202.47|3041.00|203.21|2042.00|212.49|3043.00|213.19|2044.00|220.51|1045.00|221.14|3046.00|243.36|2047.00|252.74|3048.00|253.43|2049.00|259.57|3050.00|263.51|2051.00|272.93|3052.00|273.60|2053.00|283.01|3054.00|283.68|2055.00|293.14|3056.00|293.79|2057.00|303.19|3058.00|303.87|2059.00|313.27|3060.00|313.94|2061.00|321.39|3062.00|324.19|2063.00|333.45|3064.00|334.25|2065.00|343.52|3066.00|344.21|2067.00|353.58|3068.00|354.72|2069.00|361.42|3070.00|364.30|2071.00|368.80|72.00|369.42|3073.00|374.34|2074.00|383.75|3075.00|384.52|2076.00|393.78|3077.00|394.70|2078.00|402.85|3079.00|403.53|2080.00|406.10|1081.00|433.96|3082.00|434.69|2083.00|443.19|84.00|443.82|3085.00|444.76|2086.00|454.06|3087.00|454.74|2088.00|459.96|3089.00|464.77|2090.00|474.15|3091.00|475.07|2092.00|478.27|1093.00|483.07|3094.00|484.90|2095.00|493.94|3096.00|494.96|2097.00|504.33|3098.00|505.00|2099.00|513.92|100.00|514.72|3101.00|515.37|2102.00|520.28|3103.00|525.10|2104.00|534.46|3105.00|535.68|2106.00|544.48|3107.00|545.14|1108.00|545.78|2109.00|554.50|3110.00|555.15|2111.00|564.53|3112.00|565.27|2113.00|574.58|3114.00|575.23|2115.00|579.46|116.00|580.11|3117.00|605.31|2118.00|614.72|3119.00|615.42|2120.00|624.40|3121.00|625.45|2122.00|632.00|3123.00|635.53|2124.00|642.88|3125.00|645.57|2126.00|654.95|3127.00|655.62|2128.00|665.02|3129.00|665.67|2130.00|675.06|3131.00|675.73|2132.00|680.12|3133.00|685.79|2134.00|693.24|3135.00|695.85|2136.00|702.09|3137.00|705.89|2138.00|715.24|3139.00|715.89|2140.00|,
Thu Jul 16 08:01:03 EDT 2015<EOT>: Analog chart from 0.0 to 715.89
Thu Jul 16 08:01:03 EDT 2015<EOT>: Sending [0, 1, 71, 58, -70, 59, -66]
Thu Jul 16 08:01:03 EDT 2015<EOT>: Waiting for 2 byte(s): text header
Thu Jul 16 08:01:03 EDT 2015<EOT>: Waiting for 5 byte(s): text body
Thu Jul 16 08:01:03 EDT 2015<EOT>: Sending [0, 1, 71, 58, -70, 59, -66]
Thu Jul 16 08:01:03 EDT 2015<EOT>: Waiting for 2 byte(s): text header
Thu Jul 16 08:01:03 EDT 2015<EOT>: Waiting for 334 byte(s): text body
Thu Jul 16 08:01:03 EDT 2015<EOT>: time,127.772,rpm,1863,ENGINE_LOAD,22.18,MAP,22.18,afr,10.00,vss,0.00,ks,0.00,kv,2.49,vbatt,13.12,TP,0.00,CLT,21.99,MAT,19.76,ckp_c,65821,fuel_base,2.68,fuel_lag,1.00,fuel,3.99,timing,21.60,duty0,NaN,dwell0,0.00,total_dwell0,0.00,period0,0.00,advance0,682.000,duty1,NaN,dwell1,0.00,total_dwell1,0.00,period1,0.00,advance1,682.000,
Thu Jul 16 08:01:04 EDT 2015<EOT>: Sending [0, 1, 71, 58, -70, 59, -66]
Thu Jul 16 08:01:04 EDT 2015<EOT>: Waiting for 2 byte(s): text header
Thu Jul 16 08:01:04 EDT 2015<EOT>: Waiting for 5 byte(s): text body
Thu Jul 16 08:01:04 EDT 2015<EOT>: Sending [0, 1, 71, 58, -70, 59, -66]
Thu Jul 16 08:01:04 EDT 2015<EOT>: Waiting for 2 byte(s): text header
Thu Jul 16 08:01:04 EDT 2015<EOT>: Waiting for 334 byte(s): text body
Thu Jul 16 08:01:04 EDT 2015<EOT>: time,127.972,rpm,1856,ENGINE_LOAD,22.06,MAP,22.06,afr,10.00,vss,0.00,ks,0.00,kv,2.63,vbatt,12.88,TP,0.00,CLT,21.86,MAT,20.83,ckp_c,66261,fuel_base,2.66,fuel_lag,1.00,fuel,3.97,timing,21.62,duty0,NaN,dwell0,0.00,total_dwell0,0.00,period0,0.00,advance0,682.000,duty1,NaN,dwell1,0.00,total_dwell1,0.00,period1,0.00,advance1,682.000,
Thu Jul 16 08:01:04 EDT 2015<EOT>: Sending [0, 1, 71, 58, -70, 59, -66]
Thu Jul 16 08:01:04 EDT 2015<EOT>: Waiting for 2 byte(s): text header
Thu Jul 16 08:01:04 EDT 2015<EOT>: Waiting for 5 byte(s): text body
Thu Jul 16 08:01:04 EDT 2015<EOT>: Sending [0, 1, 71, 58, -70, 59, -66]
Thu Jul 16 08:01:04 EDT 2015<EOT>: Waiting for 2 byte(s): text header
Thu Jul 16 08:01:04 EDT 2015<EOT>: Waiting for 4211 byte(s): text body
Thu Jul 16 08:01:04 EDT 2015<EOT>: wave_chart,t2!u_104!0!t2!d_105!5!i1!u!64!t2!u_106!89!t2!d_107!95!t1!u_108!178!t2!u_109!181!t2!d_110!185!t2!u_111!268!t2!d_112!273!c3!d!286!t2!u_113!357!t2!d_114!363!t2!u_115!442!t2!d_116!452!i1!d!466!t1!d_117!492!t2!u_118!496!t2!d_119!720!t2!u_120!775!t2!d_121!810!t2!u_122!862!t2!d_123!900!t2!u_124!984!t2!d_125!990!t2!u_126!1073!t2!d_127!1079!t2!u_128!1163!t2!d_129!1169!t2!u_130!1253!t2!d_131!1259!t2!u_132!1340!t2!d_133!1351!t2!u_134!1432!t2!d_135!1438!c1!u!1490!t2!u_136!1522!t2!d_137!1528!t2!u_138!1611!t2!d_139!1617!t2!u_140!1701!t2!d_141!1709!i3!u!1714!t1!u_0!1769!t2!u_1!1784!t2!d_2!1796!t2!u_3!1879!t2!d_4!1885!c1!d!1902!t2!u_5!1969!t2!d_6!1976!t2!u_7!2058!t2!d_8!2064!t2!u_9!2109!i3!d!2113!r!1861!2114!t1!d_10!2133!t2!d_11!2145!t2!u_12!2416!t2!d_13!2422!t1!u_14!2435!t2!u_15!2505!t2!d_16!2512!t2!u_17!2595!t2!d_18!2601!t2!u_19!2675!t2!d_20!2691!map!u!2715!t2!u_21!2775!t2!d_22!2781!t1!d_23!2791!t2!u_24!2861!t2!d_25!2871!t2!u_26!2933!t2!d_27!2961!t2!u_28!3046!t2!d_29!3051!t1!u_30!3086!t2!u_31!3091!c3!u!3137!t2!d_32!3140!map!d!3164!t2!u_33!3195!t2!d_34!3229!t2!u_35!3313!t2!d_36!3322!i4!u!3325!t2!u_37!3402!t2!d_38!3408!t1!d_39!3425!t2!u_40!3492!t2!d_41!3498!c3!d!3516!t2!u_42!3581!t2!d_43!3587!t2!u_44!3671!t2!d_45!3678!HIP!u!3698!i4!d!3722!t1!u_46!3736!t2!u_47!3739!t2!d_48!3945!t2!u_49!4021!t2!d_50!4035!t2!u_51!4101!t2!d_52!4125!t2!u_53!4195!t2!d_54!4215!t2!u_55!4299!t2!d_56!4305!t2!u_57!4343!t2!d_58!4395!t2!u_59!4432!t2!d_60!4487!t2!u_61!4528!t2!d_62!4575!HIP!d!4596!t2!u_63!4658!t2!d_64!4665!c1!u!4723!t2!u_65!4748!t2!d_66!4754!t2!u_67!4838!t2!d_68!4844!i2!u!4894!t2!u_69!4928!t2!d_70!4934!t2!u_71!5017!t2!d_72!5024!t1!d_73!5059!t2!u_74!5063!c1!d!5082!t2!d_75!5113!t2!u_76!5194!t2!d_77!5203!t2!u_78!5286!t2!d_79!5292!i2!d!5295!t2!u_80!5367!t2!d_81!5373!t1!u_82!5396!t2!u_83!5594!t2!d_84!5651!t1!d_85!5722!t2!u_86!5726!t2!d_87!5741!t2!u_88!5823!t2!d_89!5828!t2!u_90!5912!t2!d_91!5919!t2!u_92!6002!t2!d_93!6008!t1!u_94!6032!t2!u_95!6092!t2!d_96!6097!t2!u_97!6181!t2!d_98!6186!t2!u_99!6270!t2!d_100!6276!c3!u!6325!t2!u_101!6329!t1!d_102!6356!t2!d_103!6365!t2!u_104!6432!t2!d_105!6455!i1!u!6512!t2!u_106!6528!t2!d_107!6544!t2!u_108!6627!t1!u_109!6631!t2!d_110!6635!t2!u_111!6716!t2!d_112!6722!c3!d!6735!t2!u_113!6765!t2!d_114!6811!t2!u_115!6861!t2!d_116!6901!i1!d!6913!t1!d_117!6948!t2!u_118!6952!t2!d_119!7169!t2!u_120!7253!t2!d_121!7259!t2!u_122!7341!t2!d_123!7348!t2!u_124!7432!t2!d_125!7438!t2!u_126!7522!t2!d_127!7528!t2!u_128!7611!t2!d_129!7618!t2!u_130!7675!t2!d_131!7707!t2!u_132!7765!t2!d_133!7797!t2!u_134!7861!t2!d_135!7887!c1!u!7938!t2!u_136!7970!t2!d_137!7976!t2!u_138!8060!t2!d_139!8066!t2!u_140!8149!t2!d_141!8158!i3!u!8162!t2!u_142!8194!t1!u_0!8222!t2!d_1!8244!t2!u_2!8328!t2!d_3!8334!c1!d!8360!t2!u_4!8417!t2!d_5!8425!t2!u_6!8506!t2!d_7!8512!i3!d!8558!r!1859!8567!t2!u_8!8587!t1!d_9!8591!t2!d_10!8595!t2!u_11!8864!t2!d_12!8871!t1!u_13!8884!t2!u_14!8954!t2!d_15!8960!t2!u_16!9043!t2!d_17!9050!t2!u_18!9098!t2!d_19!9139!map!u!9169!t2!u_20!9194!t2!d_21!9229!t1!d_22!9247!t2!u_23!9312!t2!d_24!9318!t2!u_25!9402!t2!d_26!9408!t2!u_27!9491!t2!d_28!9497!t1!u_29!9541!t2!u_30!9545!t2!d_31!9587!c3!u!9596!map!d!9619!t2!u_32!9670!t2!d_33!9677!t2!u_34!9760!t2!d_35!9766!i4!u!9779!t2!u_36!9851!t2!d_37!9855!t1!d_38!9878!t2!u_39!9938!t2!d_40!9945!c3!d!9969!t2!u_41!10027!t2!d_42!10034!t2!u_43!10098!t2!d_44!10123!HIP!u!10150!i4!d!10179!t1!u_45!10183!t2!u_46!10186!t2!d_47!10391!t2!u_48!10431!t2!d_49!10480!t2!u_50!10527!t2!d_51!10570!t2!u_52!10654!t2!d_53!10660!t2!u_54!10744!t2!d_55!10750!t2!u_56!10834!t2!d_57!10840!t2!u_58!10924!t2!d_59!10930!t2!u_60!11013!t2!d_61!11020!HIP!d!11046!t2!u_62!11098!t2!d_63!11109!t2!u_64!11194!t2!d_65!11199!c1!u!11241!t2!u_66!11283!t2!d_67!11289!t2!u_68!11341!t2!d_69!11379!i2!u!11393!t2!u_70!11432!t2!d_71!11469!t1!d_72!11501!t2!u_73!11527!t2!d_74!11557!c1!d!11576!t2!u_75!11641!t2!d_76!11648!t2!u_77!11731!t2!d_78!11737!,time,128.173,rpm,1859,ENGINE_LOAD,22.09,MAP,22.09,afr,10.00,vss,0.00,ks,0.00,kv,2.59,vbatt,13.15,TP,0.00,CLT,22.07,MAT,19.87,ckp_c,66708,fuel_base,2.67,fuel_lag,1.00,fuel,3.98,timing,21.58,duty0,NaN,dwell0,0.00,total_dwell0,0.00,period0,0.00,advance0,682.000,duty1,NaN,dwell1,0.00,total_dwell1,0.00,period1,0.00,advance1,682.000,
Thu Jul 16 08:01:04 EDT 2015<EOT>: : t2!u_104!0!t2!d_105!5!i1!u!64!t2!u_106!89!t2!d_107!95!t1!u_108!178!t2!u_109!181!t2!d_110!185!t2!u_111!268!t2!d_112!273!c3!d!286!t2!u_113!357!t2!d_114!363!t2!u_115!442!t2!d_116!452!i1!d!466!t1!d_117!492!t2!u_118!496!t2!d_119!720!t2!u_120!775!t2!d_121!810!t2!u_122!862!t2!d_123!900!t2!u_124!984!t2!d_125!990!t2!u_126!1073!t2!d_127!1079!t2!u_128!1163!t2!d_129!1169!t2!u_130!1253!t2!d_131!1259!t2!u_132!1340!t2!d_133!1351!t2!u_134!1432!t2!d_135!1438!c1!u!1490!t2!u_136!1522!t2!d_137!1528!t2!u_138!1611!t2!d_139!1617!t2!u_140!1701!t2!d_141!1709!i3!u!1714!t1!u_0!1769!t2!u_1!1784!t2!d_2!1796!t2!u_3!1879!t2!d_4!1885!c1!d!1902!t2!u_5!1969!t2!d_6!1976!t2!u_7!2058!t2!d_8!2064!t2!u_9!2109!i3!d!2113!r!1861!2114!t1!d_10!2133!t2!d_11!2145!t2!u_12!2416!t2!d_13!2422!t1!u_14!2435!t2!u_15!2505!t2!d_16!2512!t2!u_17!2595!t2!d_18!2601!t2!u_19!2675!t2!d_20!2691!map!u!2715!t2!u_21!2775!t2!d_22!2781!t1!d_23!2791!t2!u_24!2861!t2!d_25!2871!t2!u_26!2933!t2!d_27!2961!t2!u_28!3046!t2!d_29!3051!t1!u_30!3086!t2!u_31!3091!c3!u!3137!t2!d_32!3140!map!d!3164!t2!u_33!3195!t2!d_34!3229!t2!u_35!3313!t2!d_36!3322!i4!u!3325!t2!u_37!3402!t2!d_38!3408!t1!d_39!3425!t2!u_40!3492!t2!d_41!3498!c3!d!3516!t2!u_42!3581!t2!d_43!3587!t2!u_44!3671!t2!d_45!3678!HIP!u!3698!i4!d!3722!t1!u_46!3736!t2!u_47!3739!t2!d_48!3945!t2!u_49!4021!t2!d_50!4035!t2!u_51!4101!t2!d_52!4125!t2!u_53!4195!t2!d_54!4215!t2!u_55!4299!t2!d_56!4305!t2!u_57!4343!t2!d_58!4395!t2!u_59!4432!t2!d_60!4487!t2!u_61!4528!t2!d_62!4575!HIP!d!4596!t2!u_63!4658!t2!d_64!4665!c1!u!4723!t2!u_65!4748!t2!d_66!4754!t2!u_67!4838!t2!d_68!4844!i2!u!4894!t2!u_69!4928!t2!d_70!4934!t2!u_71!5017!t2!d_72!5024!t1!d_73!5059!t2!u_74!5063!c1!d!5082!t2!d_75!5113!t2!u_76!5194!t2!d_77!5203!t2!u_78!5286!t2!d_79!5292!i2!d!5295!t2!u_80!5367!t2!d_81!5373!t1!u_82!5396!t2!u_83!5594!t2!d_84!5651!t1!d_85!5722!t2!u_86!5726!t2!d_87!5741!t2!u_88!5823!t2!d_89!5828!t2!u_90!5912!t2!d_91!5919!t2!u_92!6002!t2!d_93!6008!t1!u_94!6032!t2!u_95!6092!t2!d_96!6097!t2!u_97!6181!t2!d_98!6186!t2!u_99!6270!t2!d_100!6276!c3!u!6325!t2!u_101!6329!t1!d_102!6356!t2!d_103!6365!t2!u_104!6432!t2!d_105!6455!i1!u!6512!t2!u_106!6528!t2!d_107!6544!t2!u_108!6627!t1!u_109!6631!t2!d_110!6635!t2!u_111!6716!t2!d_112!6722!c3!d!6735!t2!u_113!6765!t2!d_114!6811!t2!u_115!6861!t2!d_116!6901!i1!d!6913!t1!d_117!6948!t2!u_118!6952!t2!d_119!7169!t2!u_120!7253!t2!d_121!7259!t2!u_122!7341!t2!d_123!7348!t2!u_124!7432!t2!d_125!7438!t2!u_126!7522!t2!d_127!7528!t2!u_128!7611!t2!d_129!7618!t2!u_130!7675!t2!d_131!7707!t2!u_132!7765!t2!d_133!7797!t2!u_134!7861!t2!d_135!7887!c1!u!7938!t2!u_136!7970!t2!d_137!7976!t2!u_138!8060!t2!d_139!8066!t2!u_140!8149!t2!d_141!8158!i3!u!8162!t2!u_142!8194!t1!u_0!8222!t2!d_1!8244!t2!u_2!8328!t2!d_3!8334!c1!d!8360!t2!u_4!8417!t2!d_5!8425!t2!u_6!8506!t2!d_7!8512!i3!d!8558!r!1859!8567!t2!u_8!8587!t1!d_9!8591!t2!d_10!8595!t2!u_11!8864!t2!d_12!8871!t1!u_13!8884!t2!u_14!8954!t2!d_15!8960!t2!u_16!9043!t2!d_17!9050!t2!u_18!9098!t2!d_19!9139!map!u!9169!t2!u_20!9194!t2!d_21!9229!t1!d_22!9247!t2!u_23!9312!t2!d_24!9318!t2!u_25!9402!t2!d_26!9408!t2!u_27!9491!t2!d_28!9497!t1!u_29!9541!t2!u_30!9545!t2!d_31!9587!c3!u!9596!map!d!9619!t2!u_32!9670!t2!d_33!9677!t2!u_34!9760!t2!d_35!9766!i4!u!9779!t2!u_36!9851!t2!d_37!9855!t1!d_38!9878!t2!u_39!9938!t2!d_40!9945!c3!d!9969!t2!u_41!10027!t2!d_42!10034!t2!u_43!10098!t2!d_44!10123!HIP!u!10150!i4!d!10179!t1!u_45!10183!t2!u_46!10186!t2!d_47!10391!t2!u_48!10431!t2!d_49!10480!t2!u_50!10527!t2!d_51!10570!t2!u_52!10654!t2!d_53!10660!t2!u_54!10744!t2!d_55!10750!t2!u_56!10834!t2!d_57!10840!t2!u_58!10924!t2!d_59!10930!t2!u_60!11013!t2!d_61!11020!HIP!d!11046!t2!u_62!11098!t2!d_63!11109!t2!u_64!11194!t2!d_65!11199!c1!u!11241!t2!u_66!11283!t2!d_67!11289!t2!u_68!11341!t2!d_69!11379!i2!u!11393!t2!u_70!11432!t2!d_71!11469!t1!d_72!11501!t2!u_73!11527!t2!d_74!11557!c1!d!11576!t2!u_75!11641!t2!d_76!11648!t2!u_77!11731!t2!d_78!11737!
Thu Jul 16 08:01:04 EDT 2015<EOT>: Sending [0, 1, 71, 58, -70, 59, -66]
Thu Jul 16 08:01:04 EDT 2015<EOT>: Waiting for 2 byte(s): text header
Thu Jul 16 08:01:04 EDT 2015<EOT>: Waiting for 5 byte(s): text body
Thu Jul 16 08:01:04 EDT 2015<EOT>: Sending [0, 1, 71, 58, -70, 59, -66]
Thu Jul 16 08:01:04 EDT 2015<EOT>: Waiting for 2 byte(s): text header
Thu Jul 16 08:01:04 EDT 2015<EOT>: Waiting for 333 byte(s): text body
Thu Jul 16 08:01:04 EDT 2015<EOT>: time,128.375,rpm,1860,ENGINE_LOAD,22.06,MAP,22.06,afr,9.99,vss,0.00,ks,0.00,kv,2.58,vbatt,13.14,TP,0.00,CLT,22.04,MAT,19.94,ckp_c,67146,fuel_base,2.66,fuel_lag,1.00,fuel,3.97,timing,21.59,duty0,NaN,dwell0,0.00,total_dwell0,0.00,period0,0.00,advance0,682.000,duty1,NaN,dwell1,0.00,total_dwell1,0.00,period1,0.00,advance1,682.000,
Thu Jul 16 08:01:04 EDT 2015<EOT>: Sending [0, 1, 71, 58, -70, 59, -66]
Thu Jul 16 08:01:04 EDT 2015<EOT>: Waiting for 2 byte(s): text header
Thu Jul 16 08:01:04 EDT 2015<EOT>: Waiting for 5 byte(s): text body
Thu Jul 16 08:01:04 EDT 2015<EOT>: Sending [0, 1, 71, 58, -70, 59, -66]
Thu Jul 16 08:01:04 EDT 2015<EOT>: Waiting for 2 byte(s): text header
Thu Jul 16 08:01:04 EDT 2015<EOT>: Waiting for 334 byte(s): text body
Thu Jul 16 08:01:04 EDT 2015<EOT>: time,128.576,rpm,1849,ENGINE_LOAD,22.26,MAP,22.26,afr,10.00,vss,0.00,ks,0.00,kv,2.44,vbatt,12.66,TP,0.00,CLT,22.31,MAT,22.25,ckp_c,67587,fuel_base,2.67,fuel_lag,1.00,fuel,3.98,timing,21.53,duty0,NaN,dwell0,0.00,total_dwell0,0.00,period0,0.00,advance0,682.000,duty1,NaN,dwell1,0.00,total_dwell1,0.00,period1,0.00,advance1,682.000,
Thu Jul 16 08:01:04 EDT 2015<EOT>: Sending [0, 1, 71, 58, -70, 59, -66]
Thu Jul 16 08:01:04 EDT 2015<EOT>: Waiting for 2 byte(s): text header
Thu Jul 16 08:01:04 EDT 2015<EOT>: Waiting for 5 byte(s): text body
Thu Jul 16 08:01:04 EDT 2015<EOT>: Sending [0, 1, 71, 58, -70, 59, -66]
Thu Jul 16 08:01:04 EDT 2015<EOT>: Waiting for 2 byte(s): text header
Thu Jul 16 08:01:04 EDT 2015<EOT>: Waiting for 334 byte(s): text body
Thu Jul 16 08:01:04 EDT 2015<EOT>: time,128.776,rpm,1840,ENGINE_LOAD,22.74,MAP,22.74,afr,10.00,vss,0.00,ks,0.00,kv,2.65,vbatt,13.26,TP,0.00,CLT,22.36,MAT,19.81,ckp_c,68026,fuel_base,2.71,fuel_lag,1.00,fuel,4.03,timing,21.52,duty0,NaN,dwell0,0.00,total_dwell0,0.00,period0,0.00,advance0,682.000,duty1,NaN,dwell1,0.00,total_dwell1,0.00,period1,0.00,advance1,682.000,
Thu Jul 16 08:01:05 EDT 2015<EOT>: Sending [0, 1, 71, 58, -70, 59, -66]
Thu Jul 16 08:01:05 EDT 2015<EOT>: Waiting for 2 byte(s): text header
Thu Jul 16 08:01:05 EDT 2015<EOT>: Waiting for 2111 byte(s): text body
Thu Jul 16 08:01:05 EDT 2015<EOT>: analog_chart,0.00|0.00|1.59|3001.00|2.21|2002.00|11.44|3003.00|12.20|2004.00|21.42|3005.00|22.22|2006.00|26.80|3007.00|32.03|2008.00|39.22|9.00|39.83|3010.00|41.07|2011.00|71.32|3012.00|72.04|2013.00|72.67|1014.00|81.32|3015.00|82.00|2016.00|91.35|3017.00|91.99|2018.00|100.71|3019.00|102.05|2020.00|111.42|3021.00|112.08|2022.00|113.14|23.00|121.61|3024.00|122.24|2025.00|131.50|3026.00|132.18|2027.00|137.67|3028.00|142.17|2029.00|145.58|1030.00|150.25|3031.00|152.22|2032.00|161.53|3033.00|162.20|2034.00|171.54|3035.00|172.74|2036.00|181.73|3037.00|182.37|2038.00|183.84|39.00|187.05|3040.00|192.16|2041.00|201.49|3042.00|202.15|2043.00|211.49|3044.00|212.17|2045.00|218.39|1046.00|219.03|3047.00|242.18|2048.00|248.54|3049.00|252.42|2050.00|260.97|3051.00|262.26|2052.00|271.65|3053.00|272.34|2054.00|281.73|3055.00|282.37|2056.00|290.99|3057.00|292.61|2058.00|301.85|3059.00|302.50|2060.00|311.91|3061.00|312.60|2062.00|321.99|3063.00|322.67|2064.00|332.03|3065.00|332.70|2066.00|342.07|3067.00|342.71|2068.00|352.10|3069.00|353.01|2070.00|362.12|3071.00|362.77|2072.00|366.55|73.00|367.18|3074.00|372.79|2075.00|382.17|3076.00|382.85|2077.00|392.17|3078.00|392.81|2079.00|401.22|3080.00|401.87|2081.00|404.07|1082.00|432.25|3083.00|433.16|2084.00|441.23|85.00|441.85|3086.00|442.91|2087.00|452.34|3088.00|452.97|2089.00|460.77|3090.00|462.98|2091.00|470.94|3092.00|472.99|2093.00|475.46|1094.00|482.34|3095.00|483.01|2096.00|492.37|3097.00|493.03|2098.00|502.37|3099.00|503.03|2100.00|507.90|3101.00|511.54|102.00|513.04|2103.00|522.38|3104.00|523.04|2105.00|532.36|3106.00|533.06|2107.00|542.36|1108.00|543.00|3109.00|543.65|2110.00|552.33|3111.00|553.16|2112.00|562.31|3113.00|563.00|2114.00|572.29|3115.00|572.95|2116.00|577.57|117.00|578.21|3118.00|602.92|2119.00|612.32|3120.00|612.97|2121.00|618.77|3122.00|623.02|2123.00|630.53|3124.00|633.08|2125.00|640.92|3126.00|643.12|2127.00|652.53|3128.00|653.18|2129.00|662.58|3130.00|663.23|2131.00|672.37|3132.00|673.30|2133.00|682.69|3134.00|683.80|2135.00|692.68|3136.00|693.40|2137.00|702.77|3138.00|703.43|2139.00|712.79|3140.00|714.11|2141.00|,
Thu Jul 16 08:01:05 EDT 2015<EOT>: Analog chart from 0.0 to 714.11
Thu Jul 16 08:01:05 EDT 2015<EOT>: Sending [0, 1, 71, 58, -70, 59, -66]
Thu Jul 16 08:01:05 EDT 2015<EOT>: Waiting for 2 byte(s): text header
Thu Jul 16 08:01:05 EDT 2015<EOT>: Waiting for 334 byte(s): text body
Thu Jul 16 08:01:05 EDT 2015<EOT>: time,128.977,rpm,1846,ENGINE_LOAD,22.61,MAP,22.61,afr,10.00,vss,0.00,ks,0.00,kv,2.58,vbatt,13.11,TP,0.00,CLT,21.96,MAT,19.79,ckp_c,68464,fuel_base,2.71,fuel_lag,1.00,fuel,4.02,timing,21.60,duty0,NaN,dwell0,0.00,total_dwell0,0.00,period0,0.00,advance0,682.000,duty1,NaN,dwell1,0.00,total_dwell1,0.00,period1,0.00,advance1,682.000,
Thu Jul 16 08:01:05 EDT 2015<EOT>: Sending [0, 1, 71, 58, -70, 59, -66]
Thu Jul 16 08:01:05 EDT 2015<EOT>: Waiting for 2 byte(s): text header
Thu Jul 16 08:01:05 EDT 2015<EOT>: Waiting for 5 byte(s): text body
Thu Jul 16 08:01:05 EDT 2015<EOT>: Sending [0, 1, 71, 58, -70, 59, -66]
Thu Jul 16 08:01:05 EDT 2015<EOT>: Waiting for 2 byte(s): text header
Thu Jul 16 08:01:05 EDT 2015<EOT>: Waiting for 4218 byte(s): text body
Thu Jul 16 08:01:05 EDT 2015<EOT>: wave_chart,t2!u_33!0!t2!d_34!5!t2!u_35!89!t2!d_36!97!i4!u!103!t2!u_37!178!t2!d_38!184!t1!d_39!205!t2!u_40!267!t2!d_41!273!c3!d!292!t2!u_42!357!t2!d_43!364!t2!u_44!446!t2!d_45!453!HIP!u!475!i4!d!501!t1!u_46!511!t2!u_47!515!t2!d_48!721!t2!u_49!782!t2!d_50!811!t2!u_51!883!t2!d_52!901!t2!u_53!960!t2!d_54!991!t2!u_55!1075!t2!d_56!1081!t2!u_57!1116!t2!d_58!1171!t2!u_59!1215!t2!d_60!1261!t2!u_61!1345!t2!d_62!1351!HIP!d!1375!t2!u_63!1435!t2!d_64!1442!c1!u!1490!t2!u_65!1526!t2!d_66!1531!t2!u_67!1615!t2!d_68!1622!i2!u!1676!t2!u_69!1707!t2!d_70!1711!t2!u_71!1784!t2!d_72!1801!t1!d_73!1830!t2!u_74!1885!t2!d_75!1891!c1!d!1904!t2!u_76!1975!t2!d_77!1981!t2!u_78!2064!t2!d_79!2071!i2!d!2075!t2!u_80!2116!t2!d_81!2151!t1!u_82!2167!t2!u_83!2375!t2!d_84!2430!t1!d_85!2501!t2!u_86!2505!t2!d_87!2519!t2!u_88!2603!t2!d_89!2609!t2!u_90!2693!t2!d_91!2699!t2!u_92!2782!t2!d_93!2789!t1!u_94!2805!t2!u_95!2873!t2!d_96!2879!t2!u_97!2962!t2!d_98!2969!t2!u_99!3052!t2!d_100!3058!c3!u!3107!t2!u_101!3116!t1!d_102!3132!t2!d_103!3148!t2!u_104!3215!t2!d_105!3238!i1!u!3301!t2!u_106!3324!t2!d_107!3328!t1!u_108!3410!t2!u_109!3414!t2!d_110!3418!t2!u_111!3501!t2!d_112!3506!c3!d!3519!t2!u_113!3590!t2!d_114!3596!t2!u_115!3680!t2!d_116!3686!i1!d!3698!t1!d_117!3726!t2!u_118!3730!t2!d_119!3955!t2!u_120!4029!t2!d_121!4044!t2!u_122!4109!t2!d_123!4134!t2!u_124!4215!t2!d_125!4224!t2!u_126!4308!t2!d_127!4314!t2!u_128!4398!t2!d_129!4404!t2!u_130!4442!t2!d_131!4494!t2!u_132!4548!t2!d_133!4583!t2!u_134!4667!t2!d_135!4674!c1!u!4725!t2!u_136!4757!t2!d_137!4763!t2!u_138!4846!t2!d_139!4852!t2!u_140!4936!t2!d_141!4945!i3!u!4950!t1!u_0!5004!t2!u_1!5019!t2!d_2!5032!t2!u_3!5109!t2!d_4!5121!c1!d!5131!t2!u_5!5204!t2!d_6!5210!t2!u_7!5294!t2!d_8!5300!i3!d!5347!r!1858!5349!t1!d_9!5370!t2!u_10!5374!t2!d_11!5381!t2!u_12!5652!t2!d_13!5658!t1!u_14!5670!t2!u_15!5695!t2!d_16!5747!t2!u_17!5831!t2!d_18!5837!t2!u_19!5883!t2!d_20!5926!map!u!5951!t2!u_21!5967!t2!d_22!6016!t1!d_23!6028!t2!u_24!6097!t2!d_25!6105!t2!u_26!6189!t2!d_27!6195!t2!u_28!6278!t2!d_29!6284!t1!u_30!6319!t2!u_31!6324!c3!u!6372!t2!d_32!6374!map!d!6401!t2!u_33!6442!t2!d_34!6463!t2!u_35!6548!t2!d_36!6556!i4!u!6563!t2!u_37!6635!t2!d_38!6641!t1!d_39!6658!t2!u_40!6724!t2!d_41!6730!c3!d!6749!t2!u_42!6775!t2!d_43!6820!t2!u_44!6883!t2!d_45!6909!HIP!u!6933!i4!d!6961!t1!u_46!6967!t2!u_47!6971!t2!d_48!7177!t2!u_49!7215!t2!d_50!7266!t2!u_51!7350!t2!d_52!7356!t2!u_53!7440!t2!d_54!7446!t2!u_55!7529!t2!d_56!7536!t2!u_57!7595!t2!d_58!7625!t2!u_59!7709!t2!d_60!7715!t2!u_61!7775!t2!d_62!7805!HIP!d!7831!t2!u_63!7889!t2!d_64!7895!c1!u!7944!t2!u_65!7979!t2!d_66!7985!t2!u_67!8068!t2!d_68!8074!t2!u_69!8112!i2!u!8130!t2!d_70!8164!t2!u_71!8247!t2!d_72!8253!t1!d_73!8290!t2!u_74!8294!c1!d!8313!t2!d_75!8342!t2!u_76!8426!t2!d_77!8432!t2!u_78!8516!t2!d_79!8523!i2!d!8527!t2!u_80!8583!t2!d_81!8602!t1!u_82!8625!t2!u_83!8873!t2!d_84!8880!t1!d_85!8953!t2!u_86!8957!t2!d_87!8969!t2!u_88!9053!t2!d_89!9058!t2!u_90!9111!t2!d_91!9148!t2!u_92!9215!t2!d_93!9238!t1!u_94!9261!t2!u_95!9321!t2!d_96!9327!t2!u_97!9411!t2!d_98!9417!t2!u_99!9501!t2!d_100!9506!t2!u_101!9549!c3!u!9556!t1!d_102!9586!t2!d_103!9596!t2!u_104!9679!t2!d_105!9685!i1!u!9748!t2!u_106!9769!t2!d_107!9775!t2!u_108!9858!t1!u_109!9862!t2!d_110!9866!t2!u_111!9947!t2!d_112!9953!c3!d!9966!t2!u_113!10036!t2!d_114!10044!t2!u_115!10113!t2!d_116!10132!i1!d!10146!t1!d_117!10179!t2!u_118!10183!t2!d_119!10400!t2!u_120!10445!t2!d_121!10490!t2!u_122!10548!t2!d_123!10579!t2!u_124!10663!t2!d_125!10669!t2!u_126!10753!t2!d_127!10759!t2!u_128!10842!t2!d_129!10848!t2!u_130!10932!t2!d_131!10938!t2!u_132!10999!t2!d_133!11029!t2!u_134!11111!t2!d_135!11117!c1!u!11169!t2!u_136!11201!t2!d_137!11209!t2!u_138!11291!t2!d_139!11297!t2!u_140!11382!t2!d_141!11391!i3!u!11396!t2!u_142!11445!t1!u_0!11452!t2!d_1!11475!t2!u_2!11548!t2!d_3!11564!c1!d!11587!t2!u_4!11648!t2!d_5!11655!t2!u_6!11737!t2!d_7!11744!t2!u_8!11778!i3!d!11794!r!1860!11798!,time,129.179,rpm,1857,ENGINE_LOAD,22.12,MAP,22.12,afr,10.00,vss,0.00,ks,0.00,kv,2.58,vbatt,12.61,TP,0.00,CLT,22.12,MAT,21.67,ckp_c,68909,fuel_base,2.66,fuel_lag,1.00,fuel,3.97,timing,21.57,duty0,NaN,dwell0,0.00,total_dwell0,0.00,period0,0.00,advance0,682.000,duty1,NaN,dwell1,0.00,total_dwell1,0.00,period1,0.00,advance1,682.000,
Thu Jul 16 08:01:05 EDT 2015<EOT>: : t2!u_33!0!t2!d_34!5!t2!u_35!89!t2!d_36!97!i4!u!103!t2!u_37!178!t2!d_38!184!t1!d_39!205!t2!u_40!267!t2!d_41!273!c3!d!292!t2!u_42!357!t2!d_43!364!t2!u_44!446!t2!d_45!453!HIP!u!475!i4!d!501!t1!u_46!511!t2!u_47!515!t2!d_48!721!t2!u_49!782!t2!d_50!811!t2!u_51!883!t2!d_52!901!t2!u_53!960!t2!d_54!991!t2!u_55!1075!t2!d_56!1081!t2!u_57!1116!t2!d_58!1171!t2!u_59!1215!t2!d_60!1261!t2!u_61!1345!t2!d_62!1351!HIP!d!1375!t2!u_63!1435!t2!d_64!1442!c1!u!1490!t2!u_65!1526!t2!d_66!1531!t2!u_67!1615!t2!d_68!1622!i2!u!1676!t2!u_69!1707!t2!d_70!1711!t2!u_71!1784!t2!d_72!1801!t1!d_73!1830!t2!u_74!1885!t2!d_75!1891!c1!d!1904!t2!u_76!1975!t2!d_77!1981!t2!u_78!2064!t2!d_79!2071!i2!d!2075!t2!u_80!2116!t2!d_81!2151!t1!u_82!2167!t2!u_83!2375!t2!d_84!2430!t1!d_85!2501!t2!u_86!2505!t2!d_87!2519!t2!u_88!2603!t2!d_89!2609!t2!u_90!2693!t2!d_91!2699!t2!u_92!2782!t2!d_93!2789!t1!u_94!2805!t2!u_95!2873!t2!d_96!2879!t2!u_97!2962!t2!d_98!2969!t2!u_99!3052!t2!d_100!3058!c3!u!3107!t2!u_101!3116!t1!d_102!3132!t2!d_103!3148!t2!u_104!3215!t2!d_105!3238!i1!u!3301!t2!u_106!3324!t2!d_107!3328!t1!u_108!3410!t2!u_109!3414!t2!d_110!3418!t2!u_111!3501!t2!d_112!3506!c3!d!3519!t2!u_113!3590!t2!d_114!3596!t2!u_115!3680!t2!d_116!3686!i1!d!3698!t1!d_117!3726!t2!u_118!3730!t2!d_119!3955!t2!u_120!4029!t2!d_121!4044!t2!u_122!4109!t2!d_123!4134!t2!u_124!4215!t2!d_125!4224!t2!u_126!4308!t2!d_127!4314!t2!u_128!4398!t2!d_129!4404!t2!u_130!4442!t2!d_131!4494!t2!u_132!4548!t2!d_133!4583!t2!u_134!4667!t2!d_135!4674!c1!u!4725!t2!u_136!4757!t2!d_137!4763!t2!u_138!4846!t2!d_139!4852!t2!u_140!4936!t2!d_141!4945!i3!u!4950!t1!u_0!5004!t2!u_1!5019!t2!d_2!5032!t2!u_3!5109!t2!d_4!5121!c1!d!5131!t2!u_5!5204!t2!d_6!5210!t2!u_7!5294!t2!d_8!5300!i3!d!5347!r!1858!5349!t1!d_9!5370!t2!u_10!5374!t2!d_11!5381!t2!u_12!5652!t2!d_13!5658!t1!u_14!5670!t2!u_15!5695!t2!d_16!5747!t2!u_17!5831!t2!d_18!5837!t2!u_19!5883!t2!d_20!5926!map!u!5951!t2!u_21!5967!t2!d_22!6016!t1!d_23!6028!t2!u_24!6097!t2!d_25!6105!t2!u_26!6189!t2!d_27!6195!t2!u_28!6278!t2!d_29!6284!t1!u_30!6319!t2!u_31!6324!c3!u!6372!t2!d_32!6374!map!d!6401!t2!u_33!6442!t2!d_34!6463!t2!u_35!6548!t2!d_36!6556!i4!u!6563!t2!u_37!6635!t2!d_38!6641!t1!d_39!6658!t2!u_40!6724!t2!d_41!6730!c3!d!6749!t2!u_42!6775!t2!d_43!6820!t2!u_44!6883!t2!d_45!6909!HIP!u!6933!i4!d!6961!t1!u_46!6967!t2!u_47!6971!t2!d_48!7177!t2!u_49!7215!t2!d_50!7266!t2!u_51!7350!t2!d_52!7356!t2!u_53!7440!t2!d_54!7446!t2!u_55!7529!t2!d_56!7536!t2!u_57!7595!t2!d_58!7625!t2!u_59!7709!t2!d_60!7715!t2!u_61!7775!t2!d_62!7805!HIP!d!7831!t2!u_63!7889!t2!d_64!7895!c1!u!7944!t2!u_65!7979!t2!d_66!7985!t2!u_67!8068!t2!d_68!8074!t2!u_69!8112!i2!u!8130!t2!d_70!8164!t2!u_71!8247!t2!d_72!8253!t1!d_73!8290!t2!u_74!8294!c1!d!8313!t2!d_75!8342!t2!u_76!8426!t2!d_77!8432!t2!u_78!8516!t2!d_79!8523!i2!d!8527!t2!u_80!8583!t2!d_81!8602!t1!u_82!8625!t2!u_83!8873!t2!d_84!8880!t1!d_85!8953!t2!u_86!8957!t2!d_87!8969!t2!u_88!9053!t2!d_89!9058!t2!u_90!9111!t2!d_91!9148!t2!u_92!9215!t2!d_93!9238!t1!u_94!9261!t2!u_95!9321!t2!d_96!9327!t2!u_97!9411!t2!d_98!9417!t2!u_99!9501!t2!d_100!9506!t2!u_101!9549!c3!u!9556!t1!d_102!9586!t2!d_103!9596!t2!u_104!9679!t2!d_105!9685!i1!u!9748!t2!u_106!9769!t2!d_107!9775!t2!u_108!9858!t1!u_109!9862!t2!d_110!9866!t2!u_111!9947!t2!d_112!9953!c3!d!9966!t2!u_113!10036!t2!d_114!10044!t2!u_115!10113!t2!d_116!10132!i1!d!10146!t1!d_117!10179!t2!u_118!10183!t2!d_119!10400!t2!u_120!10445!t2!d_121!10490!t2!u_122!10548!t2!d_123!10579!t2!u_124!10663!t2!d_125!10669!t2!u_126!10753!t2!d_127!10759!t2!u_128!10842!t2!d_129!10848!t2!u_130!10932!t2!d_131!10938!t2!u_132!10999!t2!d_133!11029!t2!u_134!11111!t2!d_135!11117!c1!u!11169!t2!u_136!11201!t2!d_137!11209!t2!u_138!11291!t2!d_139!11297!t2!u_140!11382!t2!d_141!11391!i3!u!11396!t2!u_142!11445!t1!u_0!11452!t2!d_1!11475!t2!u_2!11548!t2!d_3!11564!c1!d!11587!t2!u_4!11648!t2!d_5!11655!t2!u_6!11737!t2!d_7!11744!t2!u_8!11778!i3!d!11794!r!1860!11798!
Thu Jul 16 08:01:05 EDT 2015<EOT>: Sending [0, 1, 71, 58, -70, 59, -66]
Thu Jul 16 08:01:05 EDT 2015<EOT>: Waiting for 2 byte(s): text header
Thu Jul 16 08:01:05 EDT 2015<EOT>: Waiting for 5 byte(s): text body
Thu Jul 16 08:01:05 EDT 2015<EOT>: Sending [0, 1, 71, 58, -70, 59, -66]
Thu Jul 16 08:01:05 EDT 2015<EOT>: Waiting for 2 byte(s): text header
Thu Jul 16 08:01:05 EDT 2015<EOT>: Waiting for 334 byte(s): text body
Thu Jul 16 08:01:05 EDT 2015<EOT>: time,129.380,rpm,1852,ENGINE_LOAD,22.51,MAP,22.51,afr,10.00,vss,0.00,ks,0.00,kv,2.52,vbatt,13.30,TP,0.00,CLT,22.20,MAT,19.79,ckp_c,69346,fuel_base,2.70,fuel_lag,1.00,fuel,4.01,timing,21.55,duty0,NaN,dwell0,0.00,total_dwell0,0.00,period0,0.00,advance0,682.000,duty1,NaN,dwell1,0.00,total_dwell1,0.00,period1,0.00,advance1,682.000,
Thu Jul 16 08:01:05 EDT 2015<EOT>: Sending [0, 1, 71, 58, -70, 59, -66]
Thu Jul 16 08:01:05 EDT 2015<EOT>: Waiting for 2 byte(s): text header
Thu Jul 16 08:01:05 EDT 2015<EOT>: Waiting for 5 byte(s): text body
Thu Jul 16 08:01:05 EDT 2015<EOT>: Sending [0, 1, 71, 58, -70, 59, -66]
Thu Jul 16 08:01:05 EDT 2015<EOT>: Waiting for 2 byte(s): text header
Thu Jul 16 08:01:05 EDT 2015<EOT>: Waiting for 334 byte(s): text body
Thu Jul 16 08:01:05 EDT 2015<EOT>: time,129.580,rpm,1851,ENGINE_LOAD,22.49,MAP,22.49,afr,10.00,vss,0.00,ks,0.00,kv,2.58,vbatt,13.10,TP,0.00,CLT,22.12,MAT,19.89,ckp_c,69787,fuel_base,2.70,fuel_lag,1.00,fuel,4.01,timing,21.57,duty0,NaN,dwell0,0.00,total_dwell0,0.00,period0,0.00,advance0,682.000,duty1,NaN,dwell1,0.00,total_dwell1,0.00,period1,0.00,advance1,682.000,
Thu Jul 16 08:01:05 EDT 2015<EOT>: Sending [0, 1, 71, 58, -70, 59, -66]
Thu Jul 16 08:01:05 EDT 2015<EOT>: Waiting for 2 byte(s): text header
Thu Jul 16 08:01:05 EDT 2015<EOT>: Waiting for 5 byte(s): text body
Thu Jul 16 08:01:05 EDT 2015<EOT>: Sending [0, 1, 71, 58, -70, 59, -66]
Thu Jul 16 08:01:05 EDT 2015<EOT>: Waiting for 2 byte(s): text header
Thu Jul 16 08:01:05 EDT 2015<EOT>: Waiting for 334 byte(s): text body
Thu Jul 16 08:01:05 EDT 2015<EOT>: time,129.781,rpm,1862,ENGINE_LOAD,22.13,MAP,22.13,afr,10.00,vss,0.00,ks,0.00,kv,2.50,vbatt,12.84,TP,0.00,CLT,22.31,MAT,20.26,ckp_c,70230,fuel_base,2.67,fuel_lag,1.00,fuel,3.98,timing,21.53,duty0,NaN,dwell0,0.00,total_dwell0,0.00,period0,0.00,advance0,682.000,duty1,NaN,dwell1,0.00,total_dwell1,0.00,period1,0.00,advance1,682.000,
Thu Jul 16 08:01:06 EDT 2015<EOT>: Sending [0, 1, 71, 58, -70, 59, -66]
Thu Jul 16 08:01:06 EDT 2015<EOT>: Waiting for 2 byte(s): text header
Thu Jul 16 08:01:06 EDT 2015<EOT>: Waiting for 5 byte(s): text body
Thu Jul 16 08:01:06 EDT 2015<EOT>: Sending [0, 1, 71, 58, -70, 59, -66]
Thu Jul 16 08:01:06 EDT 2015<EOT>: Waiting for 2 byte(s): text header
Thu Jul 16 08:01:06 EDT 2015<EOT>: Waiting for 334 byte(s): text body
Thu Jul 16 08:01:06 EDT 2015<EOT>: time,129.983,rpm,1871,ENGINE_LOAD,22.07,MAP,22.07,afr,10.00,vss,0.00,ks,0.00,kv,2.47,vbatt,13.22,TP,0.00,CLT,22.25,MAT,19.74,ckp_c,70673,fuel_base,2.67,fuel_lag,1.00,fuel,3.98,timing,21.54,duty0,NaN,dwell0,0.00,total_dwell0,0.00,period0,0.00,advance0,682.000,duty1,NaN,dwell1,0.00,total_dwell1,0.00,period1,0.00,advance1,682.000,
Thu Jul 16 08:01:06 EDT 2015<EOT>: Sending [0, 1, 71, 58, -70, 59, -66]
Thu Jul 16 08:01:06 EDT 2015<EOT>: Waiting for 2 byte(s): text header
Thu Jul 16 08:01:06 EDT 2015<EOT>: Waiting for 5 byte(s): text body
Thu Jul 16 08:01:06 EDT 2015<EOT>: Sending [0, 1, 71, 58, -70, 59, -66]
Thu Jul 16 08:01:06 EDT 2015<EOT>: Waiting for 2 byte(s): text header
Thu Jul 16 08:01:06 EDT 2015<EOT>: Waiting for 6324 byte(s): text body
Thu Jul 16 08:01:06 EDT 2015<EOT>: wave_chart,t2!u_91!0!t2!d_92!14!t1!u_93!45!t2!u_94!100!t2!d_95!104!t2!u_96!188!t2!d_97!194!t2!u_98!277!t2!d_99!283!t2!u_100!352!t1!d_101!365!t2!d_102!373!c3!u!402!t2!u_103!439!t2!d_104!463!t2!u_105!540!t2!d_106!552!i1!u!600!t2!u_107!636!t1!u_108!640!t2!d_109!644!t2!u_110!725!t2!d_111!731!c3!d!750!t2!u_112!772!t2!d_113!821!t2!u_114!871!t2!d_115!910!t1!d_116!947!t2!u_117!951!i1!d!998!t2!d_118!1179!t2!u_119!1263!t2!d_120!1269!t2!u_121!1325!t2!d_122!1359!t2!u_123!1438!t2!d_124!1449!t2!u_125!1533!t2!d_126!1539!t2!u_127!1623!t2!d_128!1631!t2!u_129!1685!t2!d_130!1718!t2!u_131!1772!t2!d_132!1809!t2!u_133!1871!t2!d_134!1899!t2!u_135!1982!t2!d_136!1988!c1!u!2034!t2!u_137!2072!t2!d_138!2079!t2!u_139!2162!t2!d_140!2168!i3!u!2179!t1!u_0!2232!t2!u_1!2249!t2!d_2!2258!t2!u_3!2341!t2!d_4!2347!c1!d!2364!t2!u_5!2431!t2!d_6!2438!t2!u_7!2520!t2!d_8!2526!i3!d!2577!r!1857!2579!t1!d_9!2598!t2!u_10!2602!t2!d_11!2607!t2!u_12!2871!t2!d_13!2886!t1!u_14!2896!t2!u_15!2969!t2!d_16!2975!t2!u_17!3059!t2!d_18!3065!t2!u_19!3105!t2!d_20!3155!map!u!3180!t2!u_21!3204!t2!d_22!3246!t1!d_23!3258!t2!u_24!3330!t2!d_25!3336!t2!u_26!3420!t2!d_27!3426!t2!u_28!3510!t2!d_29!3517!t1!u_30!3554!t2!u_31!3560!t2!d_32!3607!c3!u!3610!map!d!3631!t2!u_33!3690!t2!d_34!3696!t2!u_35!3771!t2!d_36!3786!i4!u!3790!t2!u_37!3871!t2!d_38!3877!t1!d_39!3898!t2!u_40!3960!t2!d_41!3966!c3!d!3985!t2!u_42!4050!t2!d_43!4056!t2!u_44!4141!t2!d_45!4146!HIP!u!4165!i4!d!4184!t1!u_46!4205!t2!u_47!4209!t2!d_48!4416!t2!u_49!4473!t2!d_50!4506!t2!u_51!4575!t2!d_52!4596!t2!u_53!4681!t2!d_54!4687!t2!u_55!4771!t2!d_56!4777!t2!u_57!4861!t2!d_58!4867!t2!u_59!4940!t2!d_60!4958!t2!u_61!5042!t2!d_62!5048!HIP!d!5064!t2!u_63!5133!t2!d_64!5139!c1!u!5188!t2!u_65!5204!t2!d_66!5229!t2!u_67!5313!t2!d_68!5319!i2!u!5374!t2!u_69!5403!t2!d_70!5409!t2!u_71!5473!t2!d_72!5499!t1!d_73!5529!t2!u_74!5584!t2!d_75!5590!c1!d!5603!t2!u_76!5674!t2!d_77!5681!t2!u_78!5764!t2!d_79!5771!i2!d!5774!t2!u_80!5806!t2!d_81!5851!t1!u_82!5867!t2!u_83!6124!t2!d_84!6131!t1!d_85!6200!t2!u_86!6204!t2!d_87!6220!t2!u_88!6304!t2!d_89!6310!t2!u_90!6394!t2!d_91!6400!t2!u_92!6473!t2!d_93!6490!t1!u_94!6508!t2!u_95!6538!t2!d_96!6580!t2!u_97!6664!t2!d_98!6670!t2!u_99!6754!t2!d_100!6760!t2!u_101!6806!c3!u!6811!t1!d_102!6833!t2!d_103!6850!t2!u_104!6935!t2!d_105!6940!i1!u!7003!t2!u_106!7024!t2!d_107!7031!t1!u_108!7113!t2!u_109!7117!t2!d_110!7121!t2!u_111!7204!t2!d_112!7210!c3!d!7223!t2!u_113!7293!t2!d_114!7299!t2!u_115!7383!t2!d_116!7389!i1!d!7400!t1!d_117!7429!t2!u_118!7433!t2!d_119!7659!t2!u_120!7743!t2!d_121!7749!t2!u_122!7806!t2!d_123!7839!t2!u_124!7924!t2!d_125!7930!t2!u_126!7988!t2!d_127!8021!t2!u_128!8105!t2!d_129!8111!t2!u_130!8150!t2!d_131!8201!t2!u_132!8285!t2!d_133!8291!t2!u_134!8369!t2!d_135!8382!c1!u!8434!t2!u_136!8466!t2!d_137!8472!t2!u_138!8537!t2!d_139!8562!t2!u_140!8646!t2!d_141!8656!i3!u!8660!t1!u_0!8715!t2!u_1!8730!t2!d_2!8743!t2!u_3!8806!c1!d!8829!t2!d_4!8831!t2!u_5!8871!t2!d_6!8922!t2!u_7!9006!t2!d_8!9012!i3!d!9057!r!1851!9061!t1!d_9!9082!t2!u_10!9085!t2!d_11!9093!t2!u_12!9366!t2!d_13!9373!t1!u_14!9386!t2!u_15!9456!t2!d_16!9463!t2!u_17!9547!t2!d_18!9553!t2!u_19!9637!t2!d_20!9643!map!u!9666!t2!u_21!9728!t2!d_22!9734!t1!d_23!9745!t2!u_24!9806!t2!d_25!9824!t2!u_26!9908!t2!d_27!9914!t2!u_28!9999!t2!d_29!10005!t1!u_30!10042!t2!u_31!10048!t2!d_32!10095!c3!u!10100!map!d!10117!t2!u_33!10139!t2!d_34!10185!t2!u_35!10269!t2!d_36!10278!i4!u!10286!t2!u_37!10359!t2!d_38!10365!t1!d_39!10381!t2!u_40!10451!t2!d_41!10456!c3!d!10476!t2!u_42!10537!t2!d_43!10545!t2!u_44!10631!t2!d_45!10635!HIP!u!10646!i4!d!10684!t1!u_46!10694!t2!u_47!10698!t2!d_48!10905!t2!u_49!10990!t2!d_50!10996!t2!u_51!11080!t2!d_52!11086!t2!u_53!11139!t2!d_54!11176!t2!u_55!11261!t2!d_56!11267!t2!u_57!11351!t2!d_58!11357!t2!u_59!11442!t2!d_60!11448!t2!u_61!11532!t2!d_62!11538!HIP!d!11545!t2!u_63!11622!t2!d_64!11631!c1!u!11680!t2!u_65!11684!t2!d_66!11719!t2!u_67!11803!t2!d_68!11809!,time,130.184,rpm,1866,ENGINE_LOAD,21.98,MAP,21.98,afr,10.00,vss,0.00,ks,0.00,kv,2.57,vbatt,12.73,TP,0.00,CLT,22.31,MAT,21.41,ckp_c,71118,fuel_base,2.65,fuel_lag,1.00,fuel,3.96,timing,21.53,duty0,NaN,dwell0,0.00,total_dwell0,0.00,period0,0.00,advance0,682.000,duty1,NaN,dwell1,0.00,total_dwell1,0.00,period1,0.00,advance1,682.000,analog_chart,0.00|0.00|1.60|3001.00|2.22|2002.00|11.28|3003.00|12.04|2004.00|21.27|3005.00|22.32|2006.00|28.84|3007.00|31.90|2008.00|38.09|3009.00|40.60|10.00|41.23|2011.00|66.16|3012.00|71.88|2013.00|73.45|1014.00|81.17|3015.00|81.81|2016.00|91.19|3017.00|91.86|2018.00|101.19|3019.00|102.10|2020.00|111.31|3021.00|112.04|2022.00|113.83|23.00|121.33|3024.00|122.07|2025.00|131.35|3026.00|132.09|2027.00|141.34|3028.00|142.08|2029.00|146.34|1030.00|147.24|3031.00|152.01|2032.00|161.32|3033.00|162.07|2034.00|171.30|3035.00|172.55|2036.00|181.27|3037.00|182.02|2038.00|184.73|39.00|187.47|3040.00|191.93|2041.00|199.03|3042.00|201.90|2043.00|211.20|3044.00|211.94|2045.00|219.10|1046.00|219.85|3047.00|241.85|2048.00|251.19|3049.00|251.94|2050.00|261.33|3051.00|262.07|2052.00|271.25|3053.00|272.00|2054.00|281.29|3055.00|282.04|2056.00|290.16|3057.00|291.99|2058.00|299.42|3059.00|302.22|2060.00|311.43|3061.00|312.18|2062.00|321.45|3063.00|322.20|2064.00|331.70|3065.00|332.45|2066.00|336.72|3067.00|342.17|2068.00|348.31|3069.00|352.17|2070.00|361.59|3071.00|362.34|2072.00|366.63|73.00|367.36|3074.00|372.15|2075.00|381.72|3076.00|382.46|2077.00|391.49|3078.00|392.24|2079.00|400.52|3080.00|401.27|2081.00|403.78|1082.00|431.49|3083.00|432.23|2084.00|441.06|85.00|441.79|3086.00|442.53|2087.00|448.67|3088.00|452.14|2089.00|461.45|3090.00|462.20|2091.00|471.44|3092.00|472.19|2093.00|475.49|1094.00|481.45|3095.00|482.20|2096.00|486.00|3097.00|492.11|2098.00|497.57|3099.00|502.15|2100.00|511.03|101.00|511.77|3102.00|512.52|2103.00|521.42|3104.00|522.17|2105.00|531.39|3106.00|532.15|2107.00|541.35|3108.00|542.11|1109.00|542.86|2110.00|551.37|3111.00|552.25|2112.00|560.62|3113.00|561.99|2114.00|571.25|3115.00|572.01|2116.00|576.20|117.00|576.95|3118.00|601.83|2119.00|611.16|3120.00|611.91|2121.00|621.17|3122.00|621.93|2123.00|631.18|3124.00|631.94|2125.00|638.66|3126.00|641.89|2127.00|646.85|3128.00|651.89|2129.00|661.26|3130.00|662.02|2131.00|669.35|3132.00|671.95|2133.00|675.96|3134.00|681.99|2135.00|691.34|3136.00|692.09|2137.00|701.36|3138.00|702.11|2139.00|711.34|3140.00|712.77|2141.00|,
Thu Jul 16 08:01:06 EDT 2015<EOT>: : t2!u_91!0!t2!d_92!14!t1!u_93!45!t2!u_94!100!t2!d_95!104!t2!u_96!188!t2!d_97!194!t2!u_98!277!t2!d_99!283!t2!u_100!352!t1!d_101!365!t2!d_102!373!c3!u!402!t2!u_103!439!t2!d_104!463!t2!u_105!540!t2!d_106!552!i1!u!600!t2!u_107!636!t1!u_108!640!t2!d_109!644!t2!u_110!725!t2!d_111!731!c3!d!750!t2!u_112!772!t2!d_113!821!t2!u_114!871!t2!d_115!910!t1!d_116!947!t2!u_117!951!i1!d!998!t2!d_118!1179!t2!u_119!1263!t2!d_120!1269!t2!u_121!1325!t2!d_122!1359!t2!u_123!1438!t2!d_124!1449!t2!u_125!1533!t2!d_126!1539!t2!u_127!1623!t2!d_128!1631!t2!u_129!1685!t2!d_130!1718!t2!u_131!1772!t2!d_132!1809!t2!u_133!1871!t2!d_134!1899!t2!u_135!1982!t2!d_136!1988!c1!u!2034!t2!u_137!2072!t2!d_138!2079!t2!u_139!2162!t2!d_140!2168!i3!u!2179!t1!u_0!2232!t2!u_1!2249!t2!d_2!2258!t2!u_3!2341!t2!d_4!2347!c1!d!2364!t2!u_5!2431!t2!d_6!2438!t2!u_7!2520!t2!d_8!2526!i3!d!2577!r!1857!2579!t1!d_9!2598!t2!u_10!2602!t2!d_11!2607!t2!u_12!2871!t2!d_13!2886!t1!u_14!2896!t2!u_15!2969!t2!d_16!2975!t2!u_17!3059!t2!d_18!3065!t2!u_19!3105!t2!d_20!3155!map!u!3180!t2!u_21!3204!t2!d_22!3246!t1!d_23!3258!t2!u_24!3330!t2!d_25!3336!t2!u_26!3420!t2!d_27!3426!t2!u_28!3510!t2!d_29!3517!t1!u_30!3554!t2!u_31!3560!t2!d_32!3607!c3!u!3610!map!d!3631!t2!u_33!3690!t2!d_34!3696!t2!u_35!3771!t2!d_36!3786!i4!u!3790!t2!u_37!3871!t2!d_38!3877!t1!d_39!3898!t2!u_40!3960!t2!d_41!3966!c3!d!3985!t2!u_42!4050!t2!d_43!4056!t2!u_44!4141!t2!d_45!4146!HIP!u!4165!i4!d!4184!t1!u_46!4205!t2!u_47!4209!t2!d_48!4416!t2!u_49!4473!t2!d_50!4506!t2!u_51!4575!t2!d_52!4596!t2!u_53!4681!t2!d_54!4687!t2!u_55!4771!t2!d_56!4777!t2!u_57!4861!t2!d_58!4867!t2!u_59!4940!t2!d_60!4958!t2!u_61!5042!t2!d_62!5048!HIP!d!5064!t2!u_63!5133!t2!d_64!5139!c1!u!5188!t2!u_65!5204!t2!d_66!5229!t2!u_67!5313!t2!d_68!5319!i2!u!5374!t2!u_69!5403!t2!d_70!5409!t2!u_71!5473!t2!d_72!5499!t1!d_73!5529!t2!u_74!5584!t2!d_75!5590!c1!d!5603!t2!u_76!5674!t2!d_77!5681!t2!u_78!5764!t2!d_79!5771!i2!d!5774!t2!u_80!5806!t2!d_81!5851!t1!u_82!5867!t2!u_83!6124!t2!d_84!6131!t1!d_85!6200!t2!u_86!6204!t2!d_87!6220!t2!u_88!6304!t2!d_89!6310!t2!u_90!6394!t2!d_91!6400!t2!u_92!6473!t2!d_93!6490!t1!u_94!6508!t2!u_95!6538!t2!d_96!6580!t2!u_97!6664!t2!d_98!6670!t2!u_99!6754!t2!d_100!6760!t2!u_101!6806!c3!u!6811!t1!d_102!6833!t2!d_103!6850!t2!u_104!6935!t2!d_105!6940!i1!u!7003!t2!u_106!7024!t2!d_107!7031!t1!u_108!7113!t2!u_109!7117!t2!d_110!7121!t2!u_111!7204!t2!d_112!7210!c3!d!7223!t2!u_113!7293!t2!d_114!7299!t2!u_115!7383!t2!d_116!7389!i1!d!7400!t1!d_117!7429!t2!u_118!7433!t2!d_119!7659!t2!u_120!7743!t2!d_121!7749!t2!u_122!7806!t2!d_123!7839!t2!u_124!7924!t2!d_125!7930!t2!u_126!7988!t2!d_127!8021!t2!u_128!8105!t2!d_129!8111!t2!u_130!8150!t2!d_131!8201!t2!u_132!8285!t2!d_133!8291!t2!u_134!8369!t2!d_135!8382!c1!u!8434!t2!u_136!8466!t2!d_137!8472!t2!u_138!8537!t2!d_139!8562!t2!u_140!8646!t2!d_141!8656!i3!u!8660!t1!u_0!8715!t2!u_1!8730!t2!d_2!8743!t2!u_3!8806!c1!d!8829!t2!d_4!8831!t2!u_5!8871!t2!d_6!8922!t2!u_7!9006!t2!d_8!9012!i3!d!9057!r!1851!9061!t1!d_9!9082!t2!u_10!9085!t2!d_11!9093!t2!u_12!9366!t2!d_13!9373!t1!u_14!9386!t2!u_15!9456!t2!d_16!9463!t2!u_17!9547!t2!d_18!9553!t2!u_19!9637!t2!d_20!9643!map!u!9666!t2!u_21!9728!t2!d_22!9734!t1!d_23!9745!t2!u_24!9806!t2!d_25!9824!t2!u_26!9908!t2!d_27!9914!t2!u_28!9999!t2!d_29!10005!t1!u_30!10042!t2!u_31!10048!t2!d_32!10095!c3!u!10100!map!d!10117!t2!u_33!10139!t2!d_34!10185!t2!u_35!10269!t2!d_36!10278!i4!u!10286!t2!u_37!10359!t2!d_38!10365!t1!d_39!10381!t2!u_40!10451!t2!d_41!10456!c3!d!10476!t2!u_42!10537!t2!d_43!10545!t2!u_44!10631!t2!d_45!10635!HIP!u!10646!i4!d!10684!t1!u_46!10694!t2!u_47!10698!t2!d_48!10905!t2!u_49!10990!t2!d_50!10996!t2!u_51!11080!t2!d_52!11086!t2!u_53!11139!t2!d_54!11176!t2!u_55!11261!t2!d_56!11267!t2!u_57!11351!t2!d_58!11357!t2!u_59!11442!t2!d_60!11448!t2!u_61!11532!t2!d_62!11538!HIP!d!11545!t2!u_63!11622!t2!d_64!11631!c1!u!11680!t2!u_65!11684!t2!d_66!11719!t2!u_67!11803!t2!d_68!11809!
Thu Jul 16 08:01:06 EDT 2015<EOT>: Analog chart from 0.0 to 712.77
Thu Jul 16 08:01:06 EDT 2015<EOT>: Sending [0, 1, 71, 58, -70, 59, -66]
Thu Jul 16 08:01:06 EDT 2015<EOT>: Waiting for 2 byte(s): text header
Thu Jul 16 08:01:06 EDT 2015<EOT>: Waiting for 5 byte(s): text body
Thu Jul 16 08:01:06 EDT 2015<EOT>: Sending [0, 1, 71, 58, -70, 59, -66]
Thu Jul 16 08:01:06 EDT 2015<EOT>: Waiting for 2 byte(s): text header
Thu Jul 16 08:01:06 EDT 2015<EOT>: Waiting for 334 byte(s): text body
Thu Jul 16 08:01:06 EDT 2015<EOT>: time,130.384,rpm,1860,ENGINE_LOAD,22.08,MAP,22.08,afr,10.00,vss,0.00,ks,0.00,kv,2.58,vbatt,13.21,TP,0.00,CLT,22.17,MAT,19.84,ckp_c,71561,fuel_base,2.66,fuel_lag,1.00,fuel,3.97,timing,21.56,duty0,NaN,dwell0,0.00,total_dwell0,0.00,period0,0.00,advance0,682.000,duty1,NaN,dwell1,0.00,total_dwell1,0.00,period1,0.00,advance1,682.000,
Thu Jul 16 08:01:06 EDT 2015<EOT>: Sending [0, 1, 71, 58, -70, 59, -66]
Thu Jul 16 08:01:06 EDT 2015<EOT>: Waiting for 2 byte(s): text header
Thu Jul 16 08:01:06 EDT 2015<EOT>: Waiting for 5 byte(s): text body
Thu Jul 16 08:01:06 EDT 2015<EOT>: Sending [0, 1, 71, 58, -70, 59, -66]
Thu Jul 16 08:01:06 EDT 2015<EOT>: Waiting for 2 byte(s): text header
Thu Jul 16 08:01:06 EDT 2015<EOT>: Waiting for 334 byte(s): text body
Thu Jul 16 08:01:06 EDT 2015<EOT>: time,130.585,rpm,1872,ENGINE_LOAD,21.91,MAP,21.91,afr,10.03,vss,0.00,ks,0.00,kv,2.65,vbatt,12.97,TP,0.00,CLT,22.31,MAT,20.39,ckp_c,72005,fuel_base,2.65,fuel_lag,1.00,fuel,3.96,timing,21.53,duty0,NaN,dwell0,0.00,total_dwell0,0.00,period0,0.00,advance0,682.000,duty1,NaN,dwell1,0.00,total_dwell1,0.00,period1,0.00,advance1,682.000,
Thu Jul 16 08:01:06 EDT 2015<EOT>: Sending [0, 1, 71, 58, -70, 59, -66]
Thu Jul 16 08:01:06 EDT 2015<EOT>: Waiting for 2 byte(s): text header
Thu Jul 16 08:01:06 EDT 2015<EOT>: Waiting for 5 byte(s): text body
Thu Jul 16 08:01:06 EDT 2015<EOT>: Sending [0, 1, 71, 58, -70, 59, -66]
Thu Jul 16 08:01:06 EDT 2015<EOT>: Waiting for 2 byte(s): text header
Thu Jul 16 08:01:06 EDT 2015<EOT>: Waiting for 334 byte(s): text body
Thu Jul 16 08:01:06 EDT 2015<EOT>: time,130.787,rpm,1871,ENGINE_LOAD,21.76,MAP,21.76,afr,10.00,vss,0.00,ks,0.00,kv,2.65,vbatt,13.09,TP,0.00,CLT,22.31,MAT,19.84,ckp_c,72452,fuel_base,2.64,fuel_lag,1.00,fuel,3.95,timing,21.53,duty0,NaN,dwell0,0.00,total_dwell0,0.00,period0,0.00,advance0,682.000,duty1,NaN,dwell1,0.00,total_dwell1,0.00,period1,0.00,advance1,682.000,
Thu Jul 16 08:01:07 EDT 2015<EOT>: Sending [0, 1, 71, 58, -70, 59, -66]
Thu Jul 16 08:01:07 EDT 2015<EOT>: Waiting for 2 byte(s): text header
Thu Jul 16 08:01:07 EDT 2015<EOT>: Waiting for 5 byte(s): text body
Thu Jul 16 08:01:07 EDT 2015<EOT>: Sending [0, 1, 71, 58, -70, 59, -66]
Thu Jul 16 08:01:07 EDT 2015<EOT>: Waiting for 2 byte(s): text header
Thu Jul 16 08:01:07 EDT 2015<EOT>: Waiting for 334 byte(s): text body
Thu Jul 16 08:01:07 EDT 2015<EOT>: time,130.988,rpm,1867,ENGINE_LOAD,21.76,MAP,21.76,afr,10.00,vss,0.00,ks,0.00,kv,2.51,vbatt,13.13,TP,0.00,CLT,22.49,MAT,19.94,ckp_c,72894,fuel_base,2.64,fuel_lag,1.00,fuel,3.94,timing,21.50,duty0,NaN,dwell0,0.00,total_dwell0,0.00,period0,0.00,advance0,682.000,duty1,NaN,dwell1,0.00,total_dwell1,0.00,period1,0.00,advance1,682.000,
Thu Jul 16 08:01:07 EDT 2015<EOT>: Sending [0, 1, 71, 58, -70, 59, -66]
Thu Jul 16 08:01:07 EDT 2015<EOT>: Waiting for 2 byte(s): text header
Thu Jul 16 08:01:07 EDT 2015<EOT>: Waiting for 5 byte(s): text body
Thu Jul 16 08:01:07 EDT 2015<EOT>: Sending [0, 1, 71, 58, -70, 59, -66]
Thu Jul 16 08:01:07 EDT 2015<EOT>: Waiting for 2 byte(s): text header
Thu Jul 16 08:01:07 EDT 2015<EOT>: Waiting for 4438 byte(s): text body
Thu Jul 16 08:01:07 EDT 2015<EOT>: wave_chart,map!u!0!t2!u_21!50!t2!d_22!57!t1!d_23!73!t2!u_24!140!t2!d_25!146!t2!u_26!229!t2!d_27!236!t2!u_28!319!t2!d_29!325!t1!u_30!363!t2!u_31!371!t2!d_32!414!c3!u!422!map!d!447!t2!u_33!497!t2!d_34!504!t2!u_35!586!t2!d_36!597!i4!u!604!t2!u_37!675!t2!d_38!682!t1!d_39!706!t2!u_40!731!c3!d!759!t2!d_41!770!t2!u_42!834!t2!d_43!860!t2!u_44!943!t2!d_45!949!HIP!u!977!i4!d!998!t1!u_46!1013!t2!u_47!1020!t2!d_48!1216!t2!u_49!1300!t2!d_50!1306!t2!u_51!1390!t2!d_52!1397!t2!u_53!1479!t2!d_54!1486!t2!u_55!1569!t2!d_56!1575!t2!u_57!1648!t2!d_58!1664!t2!u_59!1730!t2!d_60!1755!t2!u_61!1838!t2!d_62!1844!HIP!d!1873!t2!u_63!1927!t2!d_64!1934!c1!u!1985!t2!u_65!2019!t2!d_66!2025!t2!u_67!2064!t2!d_68!2112!t2!u_69!2167!i2!u!2174!t2!d_70!2202!t2!u_71!2286!t2!d_72!2292!t1!d_73!2331!t2!u_74!2337!c1!d!2360!t2!d_75!2380!t2!u_76!2465!t2!d_77!2472!t2!u_78!2553!t2!d_79!2560!i2!d!2566!t2!u_80!2633!t2!d_81!2640!t1!u_82!2663!t2!u_83!2910!t2!d_84!2917!t1!d_85!2996!t2!u_86!3002!t2!d_87!3009!t2!u_88!3064!t2!d_89!3095!t2!u_90!3178!t2!d_91!3184!t2!u_92!3267!t2!d_93!3274!t1!u_94!3303!t2!u_95!3356!t2!d_96!3363!t2!u_97!3397!t2!d_98!3452!t2!u_99!3500!t2!d_100!3541!c3!u!3594!t1!d_101!3620!t2!u_102!3627!t2!d_103!3634!t2!u_104!3713!t2!d_105!3720!i1!u!3784!t2!u_106!3802!t2!d_107!3809!t2!u_108!3891!t1!u_109!3898!t2!d_110!3905!t2!u_111!3981!t2!d_112!3989!c3!d!4003!t2!u_113!4063!t2!d_114!4076!t2!u_115!4158!t2!d_116!4165!i1!d!4180!t1!d_117!4203!t2!u_118!4209!t2!d_119!4431!t2!u_120!4515!t2!d_121!4522!t2!u_122!4604!t2!d_123!4611!t2!u_124!4694!t2!d_125!4700!t2!u_126!4760!t2!d_127!4789!t2!u_128!4834!t2!d_129!4879!t2!u_130!4962!t2!d_131!4969!t2!u_132!5035!t2!d_133!5058!t2!u_134!5094!t2!d_135!5147!c1!u!5202!t2!u_136!5231!t2!d_137!5238!t2!u_138!5320!t2!d_139!5327!t2!u_140!5410!t2!d_141!5422!i3!u!5430!t1!u_0!5479!t2!d_1!5508!t2!u_2!5512!t2!u_3!5588!t2!d_4!5595!c1!d!5611!t2!u_5!5677!t2!d_6!5684!t2!u_7!5760!t2!d_8!5772!i3!d!5821!r!1867!5824!t1!d_9!5844!t2!u_10!5848!t2!d_11!5854!t2!u_12!6071!t2!d_13!6130!t1!u_14!6140!t2!u_15!6167!t2!d_16!6219!t2!u_17!6302!t2!d_18!6309!t2!u_19!6392!t2!d_20!6398!map!u!6433!t2!u_21!6482!t2!d_22!6488!t1!d_23!6500!t2!u_24!6571!t2!d_25!6577!t2!u_26!6661!t2!d_27!6667!t2!u_28!6750!t2!d_29!6757!t1!u_30!6793!t2!u_31!6799!c3!u!6844!t2!d_32!6846!map!d!6884!t2!u_33!6929!t2!d_34!6935!t2!u_35!7018!t2!d_36!7027!i4!u!7033!t2!u_37!7093!t2!d_38!7114!t1!d_39!7136!t2!u_40!7167!c3!d!7192!t2!d_41!7202!t2!u_42!7286!t2!d_43!7292!t2!u_44!7375!t2!d_45!7381!HIP!u!7401!t2!u_46!7427!i4!d!7430!t1!u_47!7440!t2!d_48!7650!t2!u_49!7733!t2!d_50!7739!t2!u_51!7822!t2!d_52!7828!t2!u_53!7912!t2!d_54!7918!t2!u_55!8001!t2!d_56!8007!t2!u_57!8091!t2!d_58!8097!t2!u_59!8166!t2!d_60!8186!t2!u_61!8270!t2!d_62!8276!HIP!d!8296!t2!u_63!8359!t2!d_64!8365!c1!u!8412!t2!u_65!8427!t2!d_66!8454!t2!u_67!8538!t2!d_68!8544!i2!u!8598!t2!u_69!8627!t2!d_70!8633!t2!u_71!8717!t2!d_72!8723!t1!d_73!8755!t2!u_74!8760!c1!d!8780!t2!d_75!8812!t2!u_76!8895!t2!d_77!8902!t2!u_78!8984!t2!d_79!8990!i2!d!8995!t2!u_80!9065!t2!d_81!9070!t1!u_82!9086!t2!u_83!9341!t2!d_84!9347!t1!d_85!9417!t2!u_86!9420!t2!d_87!9437!t2!u_88!9500!t2!d_89!9525!t2!u_90!9603!t2!d_91!9614!t2!u_92!9688!t2!d_93!9703!t1!u_94!9718!t2!u_95!9760!t2!d_96!9792!t2!u_97!9876!t2!d_98!9882!t2!u_99!9966!t2!d_100!9971!c3!u!10019!t1!d_101!10042!t2!u_102!10046!t2!d_103!10060!t2!u_104!10143!t2!d_105!10149!i1!u!10211!t2!u_106!10232!t2!d_107!10238!t1!u_108!10320!t2!u_109!10324!t2!d_110!10328!t2!u_111!10410!t2!d_112!10415!c3!d!10429!t2!u_113!10500!t2!d_114!10506!t2!u_115!10587!t2!d_116!10594!i1!d!10608!t1!d_117!10634!t2!u_118!10638!t2!d_119!10860!t2!u_120!10944!t2!d_121!10950!t2!u_122!11033!t2!d_123!11039!t2!u_124!11093!t2!d_125!11128!t2!u_126!11212!t2!d_127!11218!t2!u_128!11295!t2!d_129!11307!t2!u_130!11390!t2!d_131!11396!t2!u_132!11479!t2!d_133!11485!t2!u_134!11569!t2!d_135!11575!c1!u!11625!t2!u_136!11647!t2!d_137!11664!t2!u_138!11747!t2!d_139!11755!t2!u_140!11836!,time,131.188,rpm,1873,ENGINE_LOAD,21.64,MAP,21.64,afr,10.00,vss,0.00,ks,0.00,kv,2.70,vbatt,13.13,TP,0.00,CLT,22.60,MAT,19.97,rusEfiVersion,20150713@8529 Neon03,outpin,t1@PA5,outpin,t2@PC6,outpin,input1@NONE,outpin,input2@NONE,outpin,c1@PC9,outpin,i1@PB8,outpin,c2@NONE,outpin,i2@PB9,outpin,c3@PE8,outpin,i3@PE2,outpin,c4@NONE,outpin,i4@PB7,ckp_c,73340,fuel_base,2.63,fuel_lag,1.00,fuel,3.93,timing,21.47,duty0,NaN,dwell0,0.00,total_dwell0,0.00,period0,0.00,advance0,682.000,duty1,NaN,dwell1,0.00,total_dwell1,0.00,period1,0.00,advance1,682.000,
Thu Jul 16 08:01:07 EDT 2015<EOT>: : map!u!0!t2!u_21!50!t2!d_22!57!t1!d_23!73!t2!u_24!140!t2!d_25!146!t2!u_26!229!t2!d_27!236!t2!u_28!319!t2!d_29!325!t1!u_30!363!t2!u_31!371!t2!d_32!414!c3!u!422!map!d!447!t2!u_33!497!t2!d_34!504!t2!u_35!586!t2!d_36!597!i4!u!604!t2!u_37!675!t2!d_38!682!t1!d_39!706!t2!u_40!731!c3!d!759!t2!d_41!770!t2!u_42!834!t2!d_43!860!t2!u_44!943!t2!d_45!949!HIP!u!977!i4!d!998!t1!u_46!1013!t2!u_47!1020!t2!d_48!1216!t2!u_49!1300!t2!d_50!1306!t2!u_51!1390!t2!d_52!1397!t2!u_53!1479!t2!d_54!1486!t2!u_55!1569!t2!d_56!1575!t2!u_57!1648!t2!d_58!1664!t2!u_59!1730!t2!d_60!1755!t2!u_61!1838!t2!d_62!1844!HIP!d!1873!t2!u_63!1927!t2!d_64!1934!c1!u!1985!t2!u_65!2019!t2!d_66!2025!t2!u_67!2064!t2!d_68!2112!t2!u_69!2167!i2!u!2174!t2!d_70!2202!t2!u_71!2286!t2!d_72!2292!t1!d_73!2331!t2!u_74!2337!c1!d!2360!t2!d_75!2380!t2!u_76!2465!t2!d_77!2472!t2!u_78!2553!t2!d_79!2560!i2!d!2566!t2!u_80!2633!t2!d_81!2640!t1!u_82!2663!t2!u_83!2910!t2!d_84!2917!t1!d_85!2996!t2!u_86!3002!t2!d_87!3009!t2!u_88!3064!t2!d_89!3095!t2!u_90!3178!t2!d_91!3184!t2!u_92!3267!t2!d_93!3274!t1!u_94!3303!t2!u_95!3356!t2!d_96!3363!t2!u_97!3397!t2!d_98!3452!t2!u_99!3500!t2!d_100!3541!c3!u!3594!t1!d_101!3620!t2!u_102!3627!t2!d_103!3634!t2!u_104!3713!t2!d_105!3720!i1!u!3784!t2!u_106!3802!t2!d_107!3809!t2!u_108!3891!t1!u_109!3898!t2!d_110!3905!t2!u_111!3981!t2!d_112!3989!c3!d!4003!t2!u_113!4063!t2!d_114!4076!t2!u_115!4158!t2!d_116!4165!i1!d!4180!t1!d_117!4203!t2!u_118!4209!t2!d_119!4431!t2!u_120!4515!t2!d_121!4522!t2!u_122!4604!t2!d_123!4611!t2!u_124!4694!t2!d_125!4700!t2!u_126!4760!t2!d_127!4789!t2!u_128!4834!t2!d_129!4879!t2!u_130!4962!t2!d_131!4969!t2!u_132!5035!t2!d_133!5058!t2!u_134!5094!t2!d_135!5147!c1!u!5202!t2!u_136!5231!t2!d_137!5238!t2!u_138!5320!t2!d_139!5327!t2!u_140!5410!t2!d_141!5422!i3!u!5430!t1!u_0!5479!t2!d_1!5508!t2!u_2!5512!t2!u_3!5588!t2!d_4!5595!c1!d!5611!t2!u_5!5677!t2!d_6!5684!t2!u_7!5760!t2!d_8!5772!i3!d!5821!r!1867!5824!t1!d_9!5844!t2!u_10!5848!t2!d_11!5854!t2!u_12!6071!t2!d_13!6130!t1!u_14!6140!t2!u_15!6167!t2!d_16!6219!t2!u_17!6302!t2!d_18!6309!t2!u_19!6392!t2!d_20!6398!map!u!6433!t2!u_21!6482!t2!d_22!6488!t1!d_23!6500!t2!u_24!6571!t2!d_25!6577!t2!u_26!6661!t2!d_27!6667!t2!u_28!6750!t2!d_29!6757!t1!u_30!6793!t2!u_31!6799!c3!u!6844!t2!d_32!6846!map!d!6884!t2!u_33!6929!t2!d_34!6935!t2!u_35!7018!t2!d_36!7027!i4!u!7033!t2!u_37!7093!t2!d_38!7114!t1!d_39!7136!t2!u_40!7167!c3!d!7192!t2!d_41!7202!t2!u_42!7286!t2!d_43!7292!t2!u_44!7375!t2!d_45!7381!HIP!u!7401!t2!u_46!7427!i4!d!7430!t1!u_47!7440!t2!d_48!7650!t2!u_49!7733!t2!d_50!7739!t2!u_51!7822!t2!d_52!7828!t2!u_53!7912!t2!d_54!7918!t2!u_55!8001!t2!d_56!8007!t2!u_57!8091!t2!d_58!8097!t2!u_59!8166!t2!d_60!8186!t2!u_61!8270!t2!d_62!8276!HIP!d!8296!t2!u_63!8359!t2!d_64!8365!c1!u!8412!t2!u_65!8427!t2!d_66!8454!t2!u_67!8538!t2!d_68!8544!i2!u!8598!t2!u_69!8627!t2!d_70!8633!t2!u_71!8717!t2!d_72!8723!t1!d_73!8755!t2!u_74!8760!c1!d!8780!t2!d_75!8812!t2!u_76!8895!t2!d_77!8902!t2!u_78!8984!t2!d_79!8990!i2!d!8995!t2!u_80!9065!t2!d_81!9070!t1!u_82!9086!t2!u_83!9341!t2!d_84!9347!t1!d_85!9417!t2!u_86!9420!t2!d_87!9437!t2!u_88!9500!t2!d_89!9525!t2!u_90!9603!t2!d_91!9614!t2!u_92!9688!t2!d_93!9703!t1!u_94!9718!t2!u_95!9760!t2!d_96!9792!t2!u_97!9876!t2!d_98!9882!t2!u_99!9966!t2!d_100!9971!c3!u!10019!t1!d_101!10042!t2!u_102!10046!t2!d_103!10060!t2!u_104!10143!t2!d_105!10149!i1!u!10211!t2!u_106!10232!t2!d_107!10238!t1!u_108!10320!t2!u_109!10324!t2!d_110!10328!t2!u_111!10410!t2!d_112!10415!c3!d!10429!t2!u_113!10500!t2!d_114!10506!t2!u_115!10587!t2!d_116!10594!i1!d!10608!t1!d_117!10634!t2!u_118!10638!t2!d_119!10860!t2!u_120!10944!t2!d_121!10950!t2!u_122!11033!t2!d_123!11039!t2!u_124!11093!t2!d_125!11128!t2!u_126!11212!t2!d_127!11218!t2!u_128!11295!t2!d_129!11307!t2!u_130!11390!t2!d_131!11396!t2!u_132!11479!t2!d_133!11485!t2!u_134!11569!t2!d_135!11575!c1!u!11625!t2!u_136!11647!t2!d_137!11664!t2!u_138!11747!t2!d_139!11755!t2!u_140!11836!
Thu Jul 16 08:01:07 EDT 2015<EOT>: Sending [0, 1, 71, 58, -70, 59, -66]
Thu Jul 16 08:01:07 EDT 2015<EOT>: Waiting for 2 byte(s): text header
Thu Jul 16 08:01:07 EDT 2015<EOT>: Waiting for 334 byte(s): text body
Thu Jul 16 08:01:07 EDT 2015<EOT>: time,131.389,rpm,1860,ENGINE_LOAD,22.08,MAP,22.08,afr,10.00,vss,0.00,ks,0.00,kv,2.58,vbatt,13.15,TP,0.00,CLT,22.52,MAT,19.81,ckp_c,73782,fuel_base,2.66,fuel_lag,1.00,fuel,3.97,timing,21.49,duty0,NaN,dwell0,0.00,total_dwell0,0.00,period0,0.00,advance0,682.000,duty1,NaN,dwell1,0.00,total_dwell1,0.00,period1,0.00,advance1,682.000,
Thu Jul 16 08:01:07 EDT 2015<EOT>: Sending [0, 1, 71, 58, -70, 59, -66]
Thu Jul 16 08:01:07 EDT 2015<EOT>: Waiting for 2 byte(s): text header
Thu Jul 16 08:01:07 EDT 2015<EOT>: Waiting for 2111 byte(s): text body
Thu Jul 16 08:01:07 EDT 2015<EOT>: analog_chart,0.00|0.00|1.60|3001.00|2.25|2002.00|11.56|3003.00|12.49|2004.00|19.73|3005.00|22.35|2006.00|31.36|3007.00|32.21|2008.00|39.33|9.00|39.95|3010.00|41.24|2011.00|68.60|3012.00|72.27|2013.00|72.92|1014.00|81.57|3015.00|82.21|2016.00|91.60|3017.00|92.26|2018.00|101.62|3019.00|102.30|2020.00|107.84|3021.00|112.35|2022.00|113.69|23.00|121.70|3024.00|122.62|2025.00|131.45|3026.00|132.40|2027.00|141.76|3028.00|142.43|2029.00|145.79|1030.00|151.79|3031.00|152.45|2032.00|161.77|3033.00|162.43|2034.00|168.78|3035.00|172.40|2036.00|180.31|3037.00|182.43|2038.00|184.44|39.00|191.75|3040.00|192.58|2041.00|201.72|3042.00|202.64|2043.00|211.92|3044.00|212.55|2045.00|217.59|3046.00|218.53|1047.00|242.54|2048.00|251.76|3049.00|252.44|2050.00|261.78|3051.00|262.45|2052.00|269.64|3053.00|272.72|2054.00|280.41|3055.00|282.51|2056.00|292.01|3057.00|292.65|2058.00|301.92|3059.00|302.58|2060.00|311.95|3061.00|312.62|2062.00|317.64|3063.00|322.66|2064.00|329.25|3065.00|332.68|2066.00|342.25|3067.00|342.89|2068.00|352.03|3069.00|352.68|2070.00|362.03|3071.00|362.70|2072.00|366.50|73.00|367.14|3074.00|372.68|2075.00|382.02|3076.00|383.09|2077.00|391.99|3078.00|392.68|2079.00|401.02|3080.00|401.71|2081.00|403.76|1082.00|429.36|3083.00|432.67|2084.00|440.96|85.00|441.58|3086.00|442.60|2087.00|451.91|3088.00|452.60|2089.00|461.89|3090.00|462.59|2091.00|466.59|3092.00|472.57|2093.00|474.91|1094.00|478.20|3095.00|482.54|2096.00|490.71|3097.00|492.55|2098.00|501.85|3099.00|502.54|2100.00|508.82|3101.00|511.04|102.00|512.49|2103.00|521.80|3104.00|522.72|2105.00|531.89|3106.00|532.54|2107.00|541.07|3108.00|541.73|1109.00|542.42|2110.00|551.68|3111.00|552.63|2112.00|561.63|3113.00|562.33|2114.00|571.59|3115.00|572.24|2116.00|576.99|117.00|577.64|3118.00|602.17|2119.00|611.49|3120.00|612.17|2121.00|620.05|3122.00|622.17|2123.00|631.50|3124.00|632.16|2125.00|641.52|3126.00|642.20|2127.00|651.54|3128.00|652.21|2129.00|661.56|3130.00|662.24|2131.00|671.58|3132.00|672.25|2133.00|681.61|3134.00|682.28|2135.00|690.02|3136.00|692.30|2137.00|701.61|3138.00|702.29|2139.00|711.58|3140.00|712.80|2141.00|,
Thu Jul 16 08:01:07 EDT 2015<EOT>: Analog chart from 0.0 to 712.8
Thu Jul 16 08:01:07 EDT 2015<EOT>: Sending [0, 1, 71, 58, -70, 59, -66]
Thu Jul 16 08:01:07 EDT 2015<EOT>: Waiting for 2 byte(s): text header
Thu Jul 16 08:01:07 EDT 2015<EOT>: Waiting for 334 byte(s): text body
Thu Jul 16 08:01:07 EDT 2015<EOT>: time,131.591,rpm,1861,ENGINE_LOAD,21.85,MAP,21.85,afr,10.07,vss,0.00,ks,0.00,kv,2.56,vbatt,13.01,TP,0.00,CLT,21.12,MAT,20.18,ckp_c,74227,fuel_base,2.65,fuel_lag,1.00,fuel,3.96,timing,21.77,duty0,NaN,dwell0,0.00,total_dwell0,0.00,period0,0.00,advance0,682.000,duty1,NaN,dwell1,0.00,total_dwell1,0.00,period1,0.00,advance1,682.000,
Thu Jul 16 08:01:07 EDT 2015<EOT>: Sending [0, 1, 71, 58, -70, 59, -66]
Thu Jul 16 08:01:07 EDT 2015<EOT>: Waiting for 2 byte(s): text header
Thu Jul 16 08:01:07 EDT 2015<EOT>: Waiting for 5 byte(s): text body
Thu Jul 16 08:01:07 EDT 2015<EOT>: Sending [0, 1, 71, 58, -70, 59, -66]
Thu Jul 16 08:01:07 EDT 2015<EOT>: Waiting for 2 byte(s): text header
Thu Jul 16 08:01:08 EDT 2015<EOT>: Waiting for 334 byte(s): text body
Thu Jul 16 08:01:08 EDT 2015<EOT>: time,131.792,rpm,1861,ENGINE_LOAD,22.13,MAP,22.13,afr,10.00,vss,0.00,ks,0.00,kv,2.58,vbatt,13.14,TP,0.00,CLT,22.41,MAT,19.84,ckp_c,74668,fuel_base,2.67,fuel_lag,1.00,fuel,3.98,timing,21.51,duty0,NaN,dwell0,0.00,total_dwell0,0.00,period0,0.00,advance0,682.000,duty1,NaN,dwell1,0.00,total_dwell1,0.00,period1,0.00,advance1,682.000,
Thu Jul 16 08:01:08 EDT 2015<EOT>: Sending [0, 1, 71, 58, -70, 59, -66]
Thu Jul 16 08:01:08 EDT 2015<EOT>: Waiting for 2 byte(s): text header
Thu Jul 16 08:01:08 EDT 2015<EOT>: Waiting for 5 byte(s): text body
Thu Jul 16 08:01:08 EDT 2015<EOT>: Sending [0, 1, 71, 58, -70, 59, -66]
Thu Jul 16 08:01:08 EDT 2015<EOT>: Waiting for 2 byte(s): text header
Thu Jul 16 08:01:08 EDT 2015<EOT>: Waiting for 334 byte(s): text body
Thu Jul 16 08:01:08 EDT 2015<EOT>: time,131.992,rpm,1876,ENGINE_LOAD,21.72,MAP,21.72,afr,10.00,vss,0.00,ks,0.00,kv,2.59,vbatt,12.76,TP,0.00,CLT,22.60,MAT,21.25,ckp_c,75112,fuel_base,2.64,fuel_lag,1.00,fuel,3.94,timing,21.47,duty0,NaN,dwell0,0.00,total_dwell0,0.00,period0,0.00,advance0,682.000,duty1,NaN,dwell1,0.00,total_dwell1,0.00,period1,0.00,advance1,682.000,
Thu Jul 16 08:01:08 EDT 2015<EOT>: Sending [0, 1, 71, 58, -70, 59, -66]
Thu Jul 16 08:01:08 EDT 2015<EOT>: Waiting for 2 byte(s): text header
Thu Jul 16 08:01:08 EDT 2015<EOT>: Waiting for 3885 byte(s): text body
Thu Jul 16 08:01:08 EDT 2015<EOT>: wave_chart,t2!d_103!0!t2!u_104!82!t2!d_105!88!i1!u!152!t2!u_106!171!t2!d_107!177!t2!u_108!259!t1!u_109!263!t2!d_110!267!t2!u_111!348!t2!d_112!354!c3!d!367!t2!u_113!436!t2!d_114!445!t2!u_115!511!t2!d_116!532!i1!d!546!t1!d_117!574!t2!u_118!578!t2!d_119!797!t2!u_120!844!t2!d_121!886!t2!u_122!969!t2!d_123!975!t2!u_124!1042!t2!d_125!1065!t2!u_126!1107!t2!d_127!1153!t2!u_128!1237!t2!d_129!1242!t2!u_130!1325!t2!d_131!1331!t2!u_132!1414!t2!d_133!1421!t2!u_134!1503!t2!d_135!1511!c1!u!1562!t2!u_136!1577!t2!d_137!1598!t2!u_138!1681!t2!d_139!1687!t2!u_140!1770!t2!d_141!1782!i3!u!1785!t1!u_0!1841!t2!u_1!1858!t2!d_2!1865!t2!u_3!1947!t2!d_4!1953!c1!d!1971!t2!u_5!2036!t2!d_6!2043!t2!u_7!2118!t2!d_8!2131!i3!d!2180!r!1873!2186!t2!u_9!2205!t1!d_10!2209!t2!d_11!2213!t2!u_12!2452!t2!d_13!2487!t1!u_14!2503!t2!u_15!2569!t2!d_16!2575!t2!u_17!2658!t2!d_18!2664!t2!u_19!2748!t2!d_20!2754!map!u!2783!t2!u_21!2837!t2!d_22!2844!t1!d_23!2858!t2!u_24!2914!t2!d_25!2932!t2!u_26!3005!t2!d_27!3021!t2!u_28!3104!t2!d_29!3111!t1!u_30!3151!t2!u_31!3156!t2!d_32!3199!c3!u!3203!map!d!3229!t2!u_33!3282!t2!d_34!3288!t2!u_35!3371!t2!d_36!3382!i4!u!3385!t2!u_37!3451!t2!d_38!3465!t1!d_39!3488!t2!u_40!3548!t2!d_41!3554!c3!d!3574!t2!u_42!3638!t2!d_43!3643!t2!u_44!3726!t2!d_45!3732!HIP!u!3758!i4!d!3778!t2!u_46!3786!t1!u_47!3797!t2!d_48!3998!t2!u_49!4081!t2!d_50!4088!t2!u_51!4171!t2!d_52!4177!t2!u_53!4248!t2!d_54!4266!t2!u_55!4340!t2!d_56!4355!t2!u_57!4438!t2!d_58!4445!t2!u_59!4510!t2!d_60!4534!t2!u_61!4617!t2!d_62!4624!HIP!d!4651!t2!u_63!4706!t2!d_64!4712!c1!u!4759!t2!u_65!4785!t2!d_66!4801!t2!u_67!4844!t2!d_68!4890!i2!u!4945!t2!u_69!4973!t2!d_70!4979!t2!u_71!5062!t2!d_72!5068!t1!d_73!5108!t2!u_74!5112!c1!d!5131!t2!d_75!5157!t2!u_76!5240!t2!d_77!5246!t2!u_78!5328!t2!d_79!5335!i2!d!5338!t2!u_80!5408!t2!d_81!5415!t1!u_82!5439!t2!u_83!5649!t2!d_84!5690!t2!u_85!5741!t1!d_86!5765!t2!d_87!5779!t2!u_88!5844!t2!d_89!5868!t2!u_90!5925!t2!d_91!5956!t2!u_92!6039!t2!d_93!6045!t1!u_94!6078!t2!u_95!6128!t2!d_96!6134!t2!u_97!6177!t2!d_98!6223!t2!u_99!6269!t2!d_100!6312!c3!u!6360!t1!d_101!6391!t2!u_102!6394!t2!d_103!6401!t2!u_104!6484!t2!d_105!6490!i1!u!6552!t2!u_106!6573!t2!d_107!6579!t2!u_108!6661!t1!u_109!6665!t2!d_110!6669!t2!u_111!6741!t2!d_112!6756!c3!d!6761!t2!u_113!6839!t2!d_114!6845!t2!u_115!6928!t2!d_116!6933!i1!d!6946!t1!d_117!6970!t2!u_118!6974!t2!d_119!7200!t2!u_120!7259!t2!d_121!7289!t2!u_122!7372!t2!d_123!7378!t2!u_124!7461!t2!d_125!7467!t2!u_126!7534!t2!d_127!7556!t2!u_128!7639!t2!d_129!7645!t2!u_130!7728!t2!d_131!7736!t2!u_132!7817!t2!d_133!7823!t2!u_134!7908!t2!d_135!7913!c1!u!7962!t2!u_136!7996!t2!d_137!8002!t2!u_138!8075!t2!d_139!8091!t2!u_140!8173!t2!d_141!8183!i3!u!8187!t1!u_0!8244!t2!u_1!8259!t2!d_2!8268!t2!u_3!8351!t2!d_4!8357!c1!d!8374!t2!u_5!8408!t2!d_6!8447!t2!u_7!8528!t2!d_8!8534!i3!d!8580!r!1874!8587!t1!d_9!8604!t2!u_10!8608!t2!d_11!8614!t2!u_12!8843!t2!d_13!8890!t1!u_14!8902!t2!u_15!8935!t2!d_16!8979!t2!u_17!9062!t2!d_18!9068!t2!u_19!9151!t2!d_20!9157!map!u!9183!t2!u_21!9240!t2!d_22!9246!t1!d_23!9257!t2!u_24!9289!t2!d_25!9335!t2!u_26!9408!t2!d_27!9424!t2!u_28!9507!t2!d_29!9513!t1!u_30!9551!t2!u_31!9556!c3!u!9600!t2!d_32!9603!map!d!9629!t2!u_33!9684!t2!d_34!9691!t2!u_35!9741!i4!u!9757!t2!d_36!9779!t2!u_37!9843!t2!d_38!9868!t1!d_39!9889!t2!u_40!9951!t2!d_41!9956!c3!d!9976!t2!u_42!10039!t2!d_43!10045!t2!u_44!10128!t2!d_45!10133!i4!d!10153!HIP!u!10159!t2!u_46!10176!t1!u_47!10192!t2!d_48!10401!t2!u_49!10483!t2!d_50!10489!t2!u_51!10572!t2!d_52!10579!t2!u_53!10657!t2!d_54!10668!t2!u_55!10741!t2!d_56!10757!t2!u_57!10841!t2!d_58!10847!t2!u_59!10907!t2!d_60!10937!t2!u_61!11020!t2!d_62!11028!HIP!d!11050!t2!u_63!11074!t2!d_64!11116!c1!u!11162!t2!u_65!11176!t2!d_66!11205!t2!u_67!11289!t2!d_68!11295!i2!u!11350!t2!u_69!11378!t2!d_70!11384!t2!u_71!11467!t2!d_72!11474!t1!d_73!11502!t2!u_74!11556!t2!d_75!11562!c1!d!11576!t2!u_76!11646!t2!d_77!11652!t2!u_78!11737!,
Thu Jul 16 08:01:08 EDT 2015<EOT>: : t2!d_103!0!t2!u_104!82!t2!d_105!88!i1!u!152!t2!u_106!171!t2!d_107!177!t2!u_108!259!t1!u_109!263!t2!d_110!267!t2!u_111!348!t2!d_112!354!c3!d!367!t2!u_113!436!t2!d_114!445!t2!u_115!511!t2!d_116!532!i1!d!546!t1!d_117!574!t2!u_118!578!t2!d_119!797!t2!u_120!844!t2!d_121!886!t2!u_122!969!t2!d_123!975!t2!u_124!1042!t2!d_125!1065!t2!u_126!1107!t2!d_127!1153!t2!u_128!1237!t2!d_129!1242!t2!u_130!1325!t2!d_131!1331!t2!u_132!1414!t2!d_133!1421!t2!u_134!1503!t2!d_135!1511!c1!u!1562!t2!u_136!1577!t2!d_137!1598!t2!u_138!1681!t2!d_139!1687!t2!u_140!1770!t2!d_141!1782!i3!u!1785!t1!u_0!1841!t2!u_1!1858!t2!d_2!1865!t2!u_3!1947!t2!d_4!1953!c1!d!1971!t2!u_5!2036!t2!d_6!2043!t2!u_7!2118!t2!d_8!2131!i3!d!2180!r!1873!2186!t2!u_9!2205!t1!d_10!2209!t2!d_11!2213!t2!u_12!2452!t2!d_13!2487!t1!u_14!2503!t2!u_15!2569!t2!d_16!2575!t2!u_17!2658!t2!d_18!2664!t2!u_19!2748!t2!d_20!2754!map!u!2783!t2!u_21!2837!t2!d_22!2844!t1!d_23!2858!t2!u_24!2914!t2!d_25!2932!t2!u_26!3005!t2!d_27!3021!t2!u_28!3104!t2!d_29!3111!t1!u_30!3151!t2!u_31!3156!t2!d_32!3199!c3!u!3203!map!d!3229!t2!u_33!3282!t2!d_34!3288!t2!u_35!3371!t2!d_36!3382!i4!u!3385!t2!u_37!3451!t2!d_38!3465!t1!d_39!3488!t2!u_40!3548!t2!d_41!3554!c3!d!3574!t2!u_42!3638!t2!d_43!3643!t2!u_44!3726!t2!d_45!3732!HIP!u!3758!i4!d!3778!t2!u_46!3786!t1!u_47!3797!t2!d_48!3998!t2!u_49!4081!t2!d_50!4088!t2!u_51!4171!t2!d_52!4177!t2!u_53!4248!t2!d_54!4266!t2!u_55!4340!t2!d_56!4355!t2!u_57!4438!t2!d_58!4445!t2!u_59!4510!t2!d_60!4534!t2!u_61!4617!t2!d_62!4624!HIP!d!4651!t2!u_63!4706!t2!d_64!4712!c1!u!4759!t2!u_65!4785!t2!d_66!4801!t2!u_67!4844!t2!d_68!4890!i2!u!4945!t2!u_69!4973!t2!d_70!4979!t2!u_71!5062!t2!d_72!5068!t1!d_73!5108!t2!u_74!5112!c1!d!5131!t2!d_75!5157!t2!u_76!5240!t2!d_77!5246!t2!u_78!5328!t2!d_79!5335!i2!d!5338!t2!u_80!5408!t2!d_81!5415!t1!u_82!5439!t2!u_83!5649!t2!d_84!5690!t2!u_85!5741!t1!d_86!5765!t2!d_87!5779!t2!u_88!5844!t2!d_89!5868!t2!u_90!5925!t2!d_91!5956!t2!u_92!6039!t2!d_93!6045!t1!u_94!6078!t2!u_95!6128!t2!d_96!6134!t2!u_97!6177!t2!d_98!6223!t2!u_99!6269!t2!d_100!6312!c3!u!6360!t1!d_101!6391!t2!u_102!6394!t2!d_103!6401!t2!u_104!6484!t2!d_105!6490!i1!u!6552!t2!u_106!6573!t2!d_107!6579!t2!u_108!6661!t1!u_109!6665!t2!d_110!6669!t2!u_111!6741!t2!d_112!6756!c3!d!6761!t2!u_113!6839!t2!d_114!6845!t2!u_115!6928!t2!d_116!6933!i1!d!6946!t1!d_117!6970!t2!u_118!6974!t2!d_119!7200!t2!u_120!7259!t2!d_121!7289!t2!u_122!7372!t2!d_123!7378!t2!u_124!7461!t2!d_125!7467!t2!u_126!7534!t2!d_127!7556!t2!u_128!7639!t2!d_129!7645!t2!u_130!7728!t2!d_131!7736!t2!u_132!7817!t2!d_133!7823!t2!u_134!7908!t2!d_135!7913!c1!u!7962!t2!u_136!7996!t2!d_137!8002!t2!u_138!8075!t2!d_139!8091!t2!u_140!8173!t2!d_141!8183!i3!u!8187!t1!u_0!8244!t2!u_1!8259!t2!d_2!8268!t2!u_3!8351!t2!d_4!8357!c1!d!8374!t2!u_5!8408!t2!d_6!8447!t2!u_7!8528!t2!d_8!8534!i3!d!8580!r!1874!8587!t1!d_9!8604!t2!u_10!8608!t2!d_11!8614!t2!u_12!8843!t2!d_13!8890!t1!u_14!8902!t2!u_15!8935!t2!d_16!8979!t2!u_17!9062!t2!d_18!9068!t2!u_19!9151!t2!d_20!9157!map!u!9183!t2!u_21!9240!t2!d_22!9246!t1!d_23!9257!t2!u_24!9289!t2!d_25!9335!t2!u_26!9408!t2!d_27!9424!t2!u_28!9507!t2!d_29!9513!t1!u_30!9551!t2!u_31!9556!c3!u!9600!t2!d_32!9603!map!d!9629!t2!u_33!9684!t2!d_34!9691!t2!u_35!9741!i4!u!9757!t2!d_36!9779!t2!u_37!9843!t2!d_38!9868!t1!d_39!9889!t2!u_40!9951!t2!d_41!9956!c3!d!9976!t2!u_42!10039!t2!d_43!10045!t2!u_44!10128!t2!d_45!10133!i4!d!10153!HIP!u!10159!t2!u_46!10176!t1!u_47!10192!t2!d_48!10401!t2!u_49!10483!t2!d_50!10489!t2!u_51!10572!t2!d_52!10579!t2!u_53!10657!t2!d_54!10668!t2!u_55!10741!t2!d_56!10757!t2!u_57!10841!t2!d_58!10847!t2!u_59!10907!t2!d_60!10937!t2!u_61!11020!t2!d_62!11028!HIP!d!11050!t2!u_63!11074!t2!d_64!11116!c1!u!11162!t2!u_65!11176!t2!d_66!11205!t2!u_67!11289!t2!d_68!11295!i2!u!11350!t2!u_69!11378!t2!d_70!11384!t2!u_71!11467!t2!d_72!11474!t1!d_73!11502!t2!u_74!11556!t2!d_75!11562!c1!d!11576!t2!u_76!11646!t2!d_77!11652!t2!u_78!11737!
Thu Jul 16 08:01:08 EDT 2015<EOT>: Sending [0, 1, 71, 58, -70, 59, -66]
Thu Jul 16 08:01:08 EDT 2015<EOT>: Waiting for 2 byte(s): text header
Thu Jul 16 08:01:08 EDT 2015<EOT>: Waiting for 334 byte(s): text body
Thu Jul 16 08:01:08 EDT 2015<EOT>: time,132.194,rpm,1867,ENGINE_LOAD,21.84,MAP,21.84,afr,10.00,vss,0.00,ks,0.00,kv,2.60,vbatt,13.22,TP,0.00,CLT,22.60,MAT,19.79,ckp_c,75558,fuel_base,2.65,fuel_lag,1.00,fuel,3.95,timing,21.47,duty0,NaN,dwell0,0.00,total_dwell0,0.00,period0,0.00,advance0,682.000,duty1,NaN,dwell1,0.00,total_dwell1,0.00,period1,0.00,advance1,682.000,
Thu Jul 16 08:01:08 EDT 2015<EOT>: Sending [0, 1, 71, 58, -70, 59, -66]
Thu Jul 16 08:01:08 EDT 2015<EOT>: Waiting for 2 byte(s): text header
Thu Jul 16 08:01:08 EDT 2015<EOT>: Waiting for 5 byte(s): text body
Thu Jul 16 08:01:08 EDT 2015<EOT>: Sending [0, 1, 71, 58, -70, 59, -66]
Thu Jul 16 08:01:08 EDT 2015<EOT>: Waiting for 2 byte(s): text header
Thu Jul 16 08:01:08 EDT 2015<EOT>: Waiting for 334 byte(s): text body
Thu Jul 16 08:01:08 EDT 2015<EOT>: time,132.395,rpm,1865,ENGINE_LOAD,21.78,MAP,21.78,afr,10.00,vss,0.00,ks,0.00,kv,2.55,vbatt,12.88,TP,0.00,CLT,22.57,MAT,20.57,ckp_c,76004,fuel_base,2.64,fuel_lag,1.00,fuel,3.94,timing,21.48,duty0,NaN,dwell0,0.00,total_dwell0,0.00,period0,0.00,advance0,682.000,duty1,NaN,dwell1,0.00,total_dwell1,0.00,period1,0.00,advance1,682.000,
Thu Jul 16 08:01:08 EDT 2015<EOT>: Sending [0, 1, 71, 58, -70, 59, -66]
Thu Jul 16 08:01:08 EDT 2015<EOT>: Waiting for 2 byte(s): text header
Thu Jul 16 08:01:08 EDT 2015<EOT>: Waiting for 44 byte(s): text body
Thu Jul 16 08:01:08 EDT 2015<EOT>: msg,WARNING: unexpected eventIndex=142,
Thu Jul 16 08:01:08 EDT 2015<EOT>: postMessage EngineState: WARNING: unexpected eventIndex=142
Thu Jul 16 08:01:08 EDT 2015<EOT>: Sending [0, 1, 71, 58, -70, 59, -66]
Thu Jul 16 08:01:08 EDT 2015<EOT>: Waiting for 2 byte(s): text header
Thu Jul 16 08:01:08 EDT 2015<EOT>: Waiting for 334 byte(s): text body
Thu Jul 16 08:01:08 EDT 2015<EOT>: time,132.595,rpm,1867,ENGINE_LOAD,21.79,MAP,21.79,afr,10.00,vss,0.00,ks,0.00,kv,2.63,vbatt,13.18,TP,0.00,CLT,22.36,MAT,19.81,ckp_c,76446,fuel_base,2.64,fuel_lag,1.00,fuel,3.94,timing,21.52,duty0,NaN,dwell0,0.00,total_dwell0,0.00,period0,0.00,advance0,682.000,duty1,NaN,dwell1,0.00,total_dwell1,0.00,period1,0.00,advance1,682.000,
Thu Jul 16 08:01:08 EDT 2015<EOT>: Sending [0, 1, 71, 58, -70, 59, -66]
Thu Jul 16 08:01:08 EDT 2015<EOT>: Waiting for 2 byte(s): text header
Thu Jul 16 08:01:08 EDT 2015<EOT>: Waiting for 5 byte(s): text body
Thu Jul 16 08:01:08 EDT 2015<EOT>: Sending [0, 1, 71, 58, -70, 59, -66]
Thu Jul 16 08:01:09 EDT 2015<EOT>: Waiting for 2 byte(s): text header
Thu Jul 16 08:01:09 EDT 2015<EOT>: Waiting for 2441 byte(s): text body
Thu Jul 16 08:01:09 EDT 2015<EOT>: analog_chart,0.00|0.00|1.60|3001.00|2.53|2002.00|11.59|3003.00|12.53|2004.00|21.81|3005.00|22.44|2006.00|29.33|3007.00|32.23|2008.00|40.57|3009.00|41.20|10.00|41.82|2011.00|66.62|3012.00|72.25|2013.00|73.93|1014.00|78.49|3015.00|82.28|2016.00|91.53|3017.00|92.22|2018.00|101.53|3019.00|102.18|2020.00|111.53|3021.00|112.19|2022.00|113.85|23.00|121.53|3024.00|122.22|2025.00|131.54|3026.00|132.46|2027.00|141.32|3028.00|142.19|2029.00|146.64|1030.00|147.45|3031.00|152.20|2032.00|161.48|3033.00|162.16|2034.00|171.45|3035.00|172.66|2036.00|178.67|3037.00|182.06|2038.00|184.73|39.00|191.37|3040.00|192.20|2041.00|201.33|3042.00|202.04|2043.00|211.29|3044.00|211.99|2045.00|216.02|3046.00|219.43|1047.00|241.88|2048.00|251.20|3049.00|251.86|2050.00|261.22|3051.00|261.86|2052.00|271.20|3053.00|271.91|2054.00|281.21|3055.00|282.27|2056.00|290.68|3057.00|292.13|2058.00|301.22|3059.00|301.91|2060.00|307.54|3061.00|311.90|2062.00|321.24|3063.00|321.94|2064.00|328.02|3065.00|331.91|2066.00|339.84|3067.00|341.91|2068.00|351.19|3069.00|351.87|2070.00|361.18|3071.00|361.85|2072.00|366.26|73.00|366.90|3074.00|371.75|2075.00|377.18|3076.00|381.78|2077.00|391.06|3078.00|391.98|2079.00|400.05|3080.00|400.74|2081.00|403.34|1082.00|431.00|3083.00|431.66|2084.00|440.02|3085.00|440.66|86.00|441.60|2087.00|450.86|3088.00|451.52|2089.00|460.84|3090.00|461.53|2091.00|468.34|3092.00|471.48|2093.00|474.91|1094.00|477.37|3095.00|481.46|2096.00|490.80|3097.00|491.49|2098.00|500.76|3099.00|501.43|2100.00|510.29|101.00|510.94|3102.00|511.60|2103.00|520.69|3104.00|521.35|2105.00|530.63|3106.00|531.29|2107.00|540.57|3108.00|541.24|1109.00|541.89|2110.00|550.52|3111.00|551.47|2112.00|560.45|3113.00|561.40|2114.00|570.40|3115.00|571.08|2116.00|575.27|117.00|575.92|3118.00|600.91|2119.00|605.00|3120.00|610.87|2121.00|620.16|3122.00|620.86|2123.00|626.71|3124.00|630.80|2125.00|638.54|3126.00|640.76|2127.00|650.04|3128.00|650.73|2129.00|655.02|3130.00|660.70|2131.00|669.97|3132.00|670.64|2133.00|675.87|3134.00|680.63|2135.00|685.93|3136.00|690.56|2137.00|699.85|3138.00|700.52|2139.00|709.78|3140.00|710.99|2141.00|,time,132.796,rpm,1872,ENGINE_LOAD,21.79,MAP,21.79,afr,10.00,vss,0.00,ks,0.00,kv,2.63,vbatt,13.16,TP,0.00,CLT,22.68,MAT,19.89,ckp_c,76892,fuel_base,2.64,fuel_lag,1.00,fuel,3.94,timing,21.46,duty0,NaN,dwell0,0.00,total_dwell0,0.00,period0,0.00,advance0,682.000,duty1,NaN,dwell1,0.00,total_dwell1,0.00,period1,0.00,advance1,682.000,
Thu Jul 16 08:01:09 EDT 2015<EOT>: Analog chart from 0.0 to 710.99
Thu Jul 16 08:01:09 EDT 2015<EOT>: Sending [0, 1, 71, 58, -70, 59, -66]
Thu Jul 16 08:01:09 EDT 2015<EOT>: Waiting for 2 byte(s): text header
Thu Jul 16 08:01:09 EDT 2015<EOT>: Waiting for 5 byte(s): text body
Thu Jul 16 08:01:09 EDT 2015<EOT>: Sending [0, 1, 71, 58, -70, 59, -66]
Thu Jul 16 08:01:09 EDT 2015<EOT>: Waiting for 2 byte(s): text header
Thu Jul 16 08:01:09 EDT 2015<EOT>: Waiting for 334 byte(s): text body
Thu Jul 16 08:01:09 EDT 2015<EOT>: time,132.998,rpm,1875,ENGINE_LOAD,21.58,MAP,21.58,afr,10.00,vss,0.00,ks,0.00,kv,2.65,vbatt,13.04,TP,0.00,CLT,22.65,MAT,19.89,ckp_c,77337,fuel_base,2.62,fuel_lag,1.00,fuel,3.93,timing,21.46,duty0,NaN,dwell0,0.00,total_dwell0,0.00,period0,0.00,advance0,682.000,duty1,NaN,dwell1,0.00,total_dwell1,0.00,period1,0.00,advance1,682.000,
Thu Jul 16 08:01:09 EDT 2015<EOT>: Sending [0, 1, 71, 58, -70, 59, -66]
Thu Jul 16 08:01:09 EDT 2015<EOT>: Waiting for 2 byte(s): text header
Thu Jul 16 08:01:09 EDT 2015<EOT>: Waiting for 3892 byte(s): text body
Thu Jul 16 08:01:09 EDT 2015<EOT>: wave_chart,t2!u_40!0!t2!d_41!6!c3!d!25!t2!u_42!52!t2!d_43!95!t2!u_44!178!t2!d_45!184!HIP!u!203!i4!d!230!t1!u_46!244!t2!u_47!247!t2!d_48!451!t2!u_49!534!t2!d_50!540!t2!u_51!578!t2!d_52!629!t2!u_53!713!t2!d_54!721!t2!u_55!804!t2!d_56!809!t2!u_57!892!t2!d_58!898!t2!u_59!981!t2!d_60!987!t2!u_61!1052!t2!d_62!1076!HIP!d!1096!t2!u_63!1160!t2!d_64!1166!c1!u!1213!t2!u_65!1249!t2!d_66!1255!t2!u_67!1300!t2!d_68!1345!t2!u_69!1386!i2!u!1400!t2!d_70!1433!t2!u_71!1486!t2!d_72!1523!t1!d_73!1555!t2!u_74!1606!t2!d_75!1612!c1!d!1626!t2!u_76!1695!t2!d_77!1702!t2!u_78!1784!t2!d_79!1790!i2!d!1796!t2!u_80!1864!t2!d_81!1870!t1!u_82!1888!t2!u_83!2140!t2!d_84!2146!t1!d_85!2216!t2!u_86!2220!t2!d_87!2235!t2!u_88!2318!t2!d_89!2325!t2!u_90!2385!t2!d_91!2413!t2!u_92!2496!t2!d_93!2502!t1!u_94!2521!t2!u_95!2586!t2!d_96!2592!t2!u_97!2633!t2!d_98!2681!t2!u_99!2721!t2!d_100!2770!t2!u_101!2819!c3!u!2828!t1!d_102!2843!t2!d_103!2859!t2!u_104!2942!t2!d_105!2948!i1!u!3012!t2!u_106!3031!t2!d_107!3037!t2!u_108!3120!t1!u_109!3124!t2!d_110!3128!t2!u_111!3208!t2!d_112!3214!c3!d!3228!t2!u_113!3300!t2!d_114!3304!t2!u_115!3385!t2!d_116!3392!i1!d!3408!t1!d_117!3436!t2!u_118!3440!t2!d_119!3659!t2!u_120!3721!t2!d_121!3748!t2!u_122!3819!t2!d_123!3837!t2!u_124!3921!t2!d_125!3927!t2!u_126!3966!t2!d_127!4016!t2!u_128!4052!t2!d_129!4105!t2!u_130!4152!t2!d_131!4195!t2!u_132!4273!t2!d_133!4284!t2!u_134!4367!t2!d_135!4373!c1!u!4423!t2!u_136!4456!t2!d_137!4462!t2!u_138!4545!t2!d_139!4551!t2!u_140!4634!t2!d_141!4643!i3!u!4649!t1!u_0!4705!t2!u_1!4723!t2!d_2!4730!t2!u_3!4812!t2!d_4!4819!c1!d!4836!t2!u_5!4901!t2!d_6!4908!t2!u_7!4990!t2!d_8!4996!i3!d!5045!r!1867!5052!t2!u_9!5054!t1!d_10!5071!t2!d_11!5076!t2!u_12!5346!t2!d_13!5353!t1!u_14!5367!t2!u_15!5437!t2!d_16!5441!t2!u_17!5485!t2!d_18!5530!t2!u_19!5613!t2!d_20!5620!map!u!5651!t2!u_21!5703!t2!d_22!5709!t1!d_23!5723!t2!u_24!5792!t2!d_25!5800!t2!u_26!5882!t2!d_27!5888!t2!u_28!5971!t2!d_29!5979!t1!u_30!6017!t2!u_31!6024!t2!d_32!6066!c3!u!6070!map!d!6099!t2!u_33!6149!t2!d_34!6155!t2!u_35!6238!t2!d_36!6247!i4!u!6253!t2!u_37!6327!t2!d_38!6333!t1!d_39!6358!t2!u_40!6376!c3!d!6402!t2!d_41!6422!t2!u_42!6485!t2!d_43!6511!t2!u_44!6594!t2!d_45!6600!HIP!u!6622!i4!d!6647!t1!u_46!6665!t2!u_47!6669!t2!d_48!6867!t2!u_49!6950!t2!d_50!6956!t2!u_51!7040!t2!d_52!7046!t2!u_53!7129!t2!d_54!7135!t2!u_55!7221!t2!d_56!7225!t2!u_57!7285!t2!d_58!7314!t2!u_59!7377!t2!d_60!7404!t2!u_61!7485!t2!d_62!7493!HIP!d!7514!t2!u_63!7573!t2!d_64!7583!c1!u!7629!t2!u_65!7667!t2!d_66!7672!t2!u_67!7709!t2!d_68!7762!i2!u!7817!t2!u_69!7845!t2!d_70!7851!t2!u_71!7935!t2!d_72!7940!t1!d_73!7979!t2!u_74!7983!c1!d!8003!t2!d_75!8029!t2!u_76!8113!t2!d_77!8119!t2!u_78!8202!t2!d_79!8208!i2!d!8211!t2!u_80!8282!t2!d_81!8288!t1!u_82!8313!t2!u_83!8558!t2!d_84!8565!t2!u_85!8632!t1!d_86!8640!t2!d_87!8654!t2!u_88!8709!t2!d_89!8743!t2!u_90!8818!t2!d_91!8832!t2!u_92!8900!t2!d_93!8921!t1!u_94!8952!t2!u_95!9005!t2!d_96!9011!t2!u_97!9094!t2!d_98!9100!t2!u_99!9151!t2!d_100!9189!c3!u!9237!t1!d_101!9269!t2!u_102!9273!t2!d_103!9279!t2!u_104!9362!t2!d_105!9369!i1!u!9432!t2!u_106!9451!t2!d_107!9457!t2!u_108!9540!t1!u_109!9544!t2!d_110!9548!t2!u_111!9629!t2!d_112!9635!c3!d!9648!t2!u_113!9709!t2!d_114!9724!t2!u_115!9807!t2!d_116!9813!i1!d!9827!t1!d_117!9850!t2!u_118!9854!t2!d_119!10080!t2!u_120!10151!t2!d_121!10170!t2!u_122!10251!t2!d_123!10259!t2!u_124!10343!t2!d_125!10348!t2!u_126!10432!t2!d_127!10438!t2!u_128!10521!t2!d_129!10527!t2!u_130!10611!t2!d_131!10617!t2!u_132!10700!t2!d_133!10706!t2!u_134!10790!t2!d_135!10796!c1!u!10846!t2!u_136!10879!t2!d_137!10885!t2!u_138!10968!t2!d_139!10975!t2!u_140!11042!i3!u!11057!t2!d_141!11064!t1!u_0!11127!t2!u_1!11142!t2!d_2!11152!t2!u_3!11236!t2!d_4!11242!c1!d!11259!t2!u_5!11325!t2!d_6!11332!t2!u_7!11376!t2!d_8!11419!i3!d!11453!r!1869!11471!t2!u_9!11485!t1!d_10!11491!t2!d_11!11500!t2!u_12!11771!t2!d_13!11777!t1!u_14!11786!t2!u_15!11818!t2!d_16!11866!t2!u_17!11923!,
Thu Jul 16 08:01:09 EDT 2015<EOT>: : t2!u_40!0!t2!d_41!6!c3!d!25!t2!u_42!52!t2!d_43!95!t2!u_44!178!t2!d_45!184!HIP!u!203!i4!d!230!t1!u_46!244!t2!u_47!247!t2!d_48!451!t2!u_49!534!t2!d_50!540!t2!u_51!578!t2!d_52!629!t2!u_53!713!t2!d_54!721!t2!u_55!804!t2!d_56!809!t2!u_57!892!t2!d_58!898!t2!u_59!981!t2!d_60!987!t2!u_61!1052!t2!d_62!1076!HIP!d!1096!t2!u_63!1160!t2!d_64!1166!c1!u!1213!t2!u_65!1249!t2!d_66!1255!t2!u_67!1300!t2!d_68!1345!t2!u_69!1386!i2!u!1400!t2!d_70!1433!t2!u_71!1486!t2!d_72!1523!t1!d_73!1555!t2!u_74!1606!t2!d_75!1612!c1!d!1626!t2!u_76!1695!t2!d_77!1702!t2!u_78!1784!t2!d_79!1790!i2!d!1796!t2!u_80!1864!t2!d_81!1870!t1!u_82!1888!t2!u_83!2140!t2!d_84!2146!t1!d_85!2216!t2!u_86!2220!t2!d_87!2235!t2!u_88!2318!t2!d_89!2325!t2!u_90!2385!t2!d_91!2413!t2!u_92!2496!t2!d_93!2502!t1!u_94!2521!t2!u_95!2586!t2!d_96!2592!t2!u_97!2633!t2!d_98!2681!t2!u_99!2721!t2!d_100!2770!t2!u_101!2819!c3!u!2828!t1!d_102!2843!t2!d_103!2859!t2!u_104!2942!t2!d_105!2948!i1!u!3012!t2!u_106!3031!t2!d_107!3037!t2!u_108!3120!t1!u_109!3124!t2!d_110!3128!t2!u_111!3208!t2!d_112!3214!c3!d!3228!t2!u_113!3300!t2!d_114!3304!t2!u_115!3385!t2!d_116!3392!i1!d!3408!t1!d_117!3436!t2!u_118!3440!t2!d_119!3659!t2!u_120!3721!t2!d_121!3748!t2!u_122!3819!t2!d_123!3837!t2!u_124!3921!t2!d_125!3927!t2!u_126!3966!t2!d_127!4016!t2!u_128!4052!t2!d_129!4105!t2!u_130!4152!t2!d_131!4195!t2!u_132!4273!t2!d_133!4284!t2!u_134!4367!t2!d_135!4373!c1!u!4423!t2!u_136!4456!t2!d_137!4462!t2!u_138!4545!t2!d_139!4551!t2!u_140!4634!t2!d_141!4643!i3!u!4649!t1!u_0!4705!t2!u_1!4723!t2!d_2!4730!t2!u_3!4812!t2!d_4!4819!c1!d!4836!t2!u_5!4901!t2!d_6!4908!t2!u_7!4990!t2!d_8!4996!i3!d!5045!r!1867!5052!t2!u_9!5054!t1!d_10!5071!t2!d_11!5076!t2!u_12!5346!t2!d_13!5353!t1!u_14!5367!t2!u_15!5437!t2!d_16!5441!t2!u_17!5485!t2!d_18!5530!t2!u_19!5613!t2!d_20!5620!map!u!5651!t2!u_21!5703!t2!d_22!5709!t1!d_23!5723!t2!u_24!5792!t2!d_25!5800!t2!u_26!5882!t2!d_27!5888!t2!u_28!5971!t2!d_29!5979!t1!u_30!6017!t2!u_31!6024!t2!d_32!6066!c3!u!6070!map!d!6099!t2!u_33!6149!t2!d_34!6155!t2!u_35!6238!t2!d_36!6247!i4!u!6253!t2!u_37!6327!t2!d_38!6333!t1!d_39!6358!t2!u_40!6376!c3!d!6402!t2!d_41!6422!t2!u_42!6485!t2!d_43!6511!t2!u_44!6594!t2!d_45!6600!HIP!u!6622!i4!d!6647!t1!u_46!6665!t2!u_47!6669!t2!d_48!6867!t2!u_49!6950!t2!d_50!6956!t2!u_51!7040!t2!d_52!7046!t2!u_53!7129!t2!d_54!7135!t2!u_55!7221!t2!d_56!7225!t2!u_57!7285!t2!d_58!7314!t2!u_59!7377!t2!d_60!7404!t2!u_61!7485!t2!d_62!7493!HIP!d!7514!t2!u_63!7573!t2!d_64!7583!c1!u!7629!t2!u_65!7667!t2!d_66!7672!t2!u_67!7709!t2!d_68!7762!i2!u!7817!t2!u_69!7845!t2!d_70!7851!t2!u_71!7935!t2!d_72!7940!t1!d_73!7979!t2!u_74!7983!c1!d!8003!t2!d_75!8029!t2!u_76!8113!t2!d_77!8119!t2!u_78!8202!t2!d_79!8208!i2!d!8211!t2!u_80!8282!t2!d_81!8288!t1!u_82!8313!t2!u_83!8558!t2!d_84!8565!t2!u_85!8632!t1!d_86!8640!t2!d_87!8654!t2!u_88!8709!t2!d_89!8743!t2!u_90!8818!t2!d_91!8832!t2!u_92!8900!t2!d_93!8921!t1!u_94!8952!t2!u_95!9005!t2!d_96!9011!t2!u_97!9094!t2!d_98!9100!t2!u_99!9151!t2!d_100!9189!c3!u!9237!t1!d_101!9269!t2!u_102!9273!t2!d_103!9279!t2!u_104!9362!t2!d_105!9369!i1!u!9432!t2!u_106!9451!t2!d_107!9457!t2!u_108!9540!t1!u_109!9544!t2!d_110!9548!t2!u_111!9629!t2!d_112!9635!c3!d!9648!t2!u_113!9709!t2!d_114!9724!t2!u_115!9807!t2!d_116!9813!i1!d!9827!t1!d_117!9850!t2!u_118!9854!t2!d_119!10080!t2!u_120!10151!t2!d_121!10170!t2!u_122!10251!t2!d_123!10259!t2!u_124!10343!t2!d_125!10348!t2!u_126!10432!t2!d_127!10438!t2!u_128!10521!t2!d_129!10527!t2!u_130!10611!t2!d_131!10617!t2!u_132!10700!t2!d_133!10706!t2!u_134!10790!t2!d_135!10796!c1!u!10846!t2!u_136!10879!t2!d_137!10885!t2!u_138!10968!t2!d_139!10975!t2!u_140!11042!i3!u!11057!t2!d_141!11064!t1!u_0!11127!t2!u_1!11142!t2!d_2!11152!t2!u_3!11236!t2!d_4!11242!c1!d!11259!t2!u_5!11325!t2!d_6!11332!t2!u_7!11376!t2!d_8!11419!i3!d!11453!r!1869!11471!t2!u_9!11485!t1!d_10!11491!t2!d_11!11500!t2!u_12!11771!t2!d_13!11777!t1!u_14!11786!t2!u_15!11818!t2!d_16!11866!t2!u_17!11923!
Thu Jul 16 08:01:09 EDT 2015<EOT>: Sending [0, 1, 71, 58, -70, 59, -66]
Thu Jul 16 08:01:09 EDT 2015<EOT>: Waiting for 2 byte(s): text header
Thu Jul 16 08:01:09 EDT 2015<EOT>: Waiting for 334 byte(s): text body
Thu Jul 16 08:01:09 EDT 2015<EOT>: time,133.199,rpm,1869,ENGINE_LOAD,21.86,MAP,21.86,afr,10.00,vss,0.00,ks,0.00,kv,2.68,vbatt,13.19,TP,0.00,CLT,22.76,MAT,19.84,ckp_c,77784,fuel_base,2.65,fuel_lag,1.00,fuel,3.95,timing,21.44,duty0,NaN,dwell0,0.00,total_dwell0,0.00,period0,0.00,advance0,682.000,duty1,NaN,dwell1,0.00,total_dwell1,0.00,period1,0.00,advance1,682.000,
Thu Jul 16 08:01:09 EDT 2015<EOT>: Sending [0, 1, 71, 58, -70, 59, -66]
Thu Jul 16 08:01:09 EDT 2015<EOT>: Waiting for 2 byte(s): text header
Thu Jul 16 08:01:09 EDT 2015<EOT>: Waiting for 5 byte(s): text body
Thu Jul 16 08:01:09 EDT 2015<EOT>: Sending [0, 1, 71, 58, -70, 59, -66]
Thu Jul 16 08:01:09 EDT 2015<EOT>: Waiting for 2 byte(s): text header
Thu Jul 16 08:01:09 EDT 2015<EOT>: Waiting for 334 byte(s): text body
Thu Jul 16 08:01:09 EDT 2015<EOT>: time,133.399,rpm,1877,ENGINE_LOAD,21.54,MAP,21.54,afr,10.00,vss,0.00,ks,0.00,kv,2.67,vbatt,13.09,TP,0.00,CLT,22.73,MAT,20.02,ckp_c,78229,fuel_base,2.62,fuel_lag,1.00,fuel,3.92,timing,21.45,duty0,NaN,dwell0,0.00,total_dwell0,0.00,period0,0.00,advance0,682.000,duty1,NaN,dwell1,0.00,total_dwell1,0.00,period1,0.00,advance1,682.000,
Thu Jul 16 08:01:09 EDT 2015<EOT>: Sending [0, 1, 71, 58, -70, 59, -66]
Thu Jul 16 08:01:09 EDT 2015<EOT>: Waiting for 2 byte(s): text header
Thu Jul 16 08:01:09 EDT 2015<EOT>: Waiting for 5 byte(s): text body
Thu Jul 16 08:01:09 EDT 2015<EOT>: Sending [0, 1, 71, 58, -70, 59, -66]
Thu Jul 16 08:01:09 EDT 2015<EOT>: Waiting for 2 byte(s): text header
Thu Jul 16 08:01:09 EDT 2015<EOT>: Waiting for 334 byte(s): text body
Thu Jul 16 08:01:09 EDT 2015<EOT>: time,133.600,rpm,1879,ENGINE_LOAD,21.84,MAP,21.84,afr,10.00,vss,0.00,ks,0.00,kv,2.60,vbatt,13.19,TP,0.00,CLT,22.94,MAT,19.94,ckp_c,78676,fuel_base,2.65,fuel_lag,1.00,fuel,3.95,timing,21.41,duty0,NaN,dwell0,0.00,total_dwell0,0.00,period0,0.00,advance0,682.000,duty1,NaN,dwell1,0.00,total_dwell1,0.00,period1,0.00,advance1,682.000,
Thu Jul 16 08:01:09 EDT 2015<EOT>: Sending [0, 1, 71, 58, -70, 59, -66]
Thu Jul 16 08:01:09 EDT 2015<EOT>: Waiting for 2 byte(s): text header
Thu Jul 16 08:01:09 EDT 2015<EOT>: Waiting for 5 byte(s): text body
Thu Jul 16 08:01:10 EDT 2015<EOT>: Sending [0, 1, 71, 58, -70, 59, -66]
Thu Jul 16 08:01:10 EDT 2015<EOT>: Waiting for 2 byte(s): text header
Thu Jul 16 08:01:10 EDT 2015<EOT>: Waiting for 334 byte(s): text body
Thu Jul 16 08:01:10 EDT 2015<EOT>: time,133.802,rpm,1888,ENGINE_LOAD,21.44,MAP,21.44,afr,10.00,vss,0.00,ks,0.00,kv,2.63,vbatt,13.08,TP,0.00,CLT,22.68,MAT,19.94,ckp_c,79126,fuel_base,2.62,fuel_lag,1.00,fuel,3.92,timing,21.46,duty0,NaN,dwell0,0.00,total_dwell0,0.00,period0,0.00,advance0,682.000,duty1,NaN,dwell1,0.00,total_dwell1,0.00,period1,0.00,advance1,682.000,
Thu Jul 16 08:01:10 EDT 2015<EOT>: Sending [0, 1, 71, 58, -70, 59, -66]
Thu Jul 16 08:01:10 EDT 2015<EOT>: Waiting for 2 byte(s): text header
Thu Jul 16 08:01:10 EDT 2015<EOT>: Waiting for 5 byte(s): text body
Thu Jul 16 08:01:10 EDT 2015<EOT>: Sending [0, 1, 71, 58, -70, 59, -66]
Thu Jul 16 08:01:10 EDT 2015<EOT>: Waiting for 2 byte(s): text header
Thu Jul 16 08:01:10 EDT 2015<EOT>: Waiting for 2439 byte(s): text body
Thu Jul 16 08:01:10 EDT 2015<EOT>: time,134.003,rpm,1890,ENGINE_LOAD,21.32,MAP,21.32,afr,10.00,vss,0.00,ks,0.00,kv,2.75,vbatt,12.94,TP,0.00,CLT,22.78,MAT,20.65,ckp_c,79572,fuel_base,2.61,fuel_lag,1.00,fuel,3.90,timing,21.44,duty0,NaN,dwell0,0.00,total_dwell0,0.00,period0,0.00,advance0,682.000,duty1,NaN,dwell1,0.00,total_dwell1,0.00,period1,0.00,advance1,682.000,analog_chart,0.00|0.00|1.63|3001.00|2.27|2002.00|10.85|3003.00|12.18|2004.00|21.52|3005.00|22.46|2006.00|31.46|3007.00|32.15|2008.00|39.27|9.00|39.90|3010.00|41.21|2011.00|71.64|3012.00|72.28|2013.00|72.92|1014.00|81.73|3015.00|82.37|2016.00|86.43|3017.00|92.18|2018.00|99.26|3019.00|102.22|2020.00|111.57|3021.00|112.28|2022.00|113.57|23.00|121.62|3024.00|122.29|2025.00|131.66|3026.00|132.33|2027.00|137.11|3028.00|142.37|2029.00|145.69|1030.00|147.89|3031.00|152.41|2032.00|161.71|3033.00|162.38|2034.00|171.71|3035.00|172.94|2036.00|181.69|3037.00|182.35|2038.00|184.15|39.00|191.69|3040.00|192.48|2041.00|199.83|3042.00|202.38|2043.00|211.67|3044.00|212.33|2045.00|218.54|1046.00|219.20|3047.00|242.39|2048.00|250.50|3049.00|252.40|2050.00|261.77|3051.00|262.48|2052.00|271.86|3053.00|272.53|2054.00|281.93|3055.00|282.60|2056.00|288.31|3057.00|292.70|2058.00|302.12|3059.00|302.83|2060.00|312.21|3061.00|312.88|2062.00|322.29|3063.00|322.95|2064.00|329.93|3065.00|333.06|2066.00|339.91|3067.00|343.13|2068.00|352.47|3069.00|353.15|2070.00|362.52|3071.00|363.19|2072.00|367.10|73.00|367.75|3074.00|373.23|2075.00|382.61|3076.00|383.29|2077.00|391.62|3078.00|393.30|2079.00|401.69|3080.00|402.36|2081.00|404.44|1082.00|429.40|3083.00|433.52|2084.00|441.43|3085.00|442.09|86.00|443.48|2087.00|452.85|3088.00|453.53|2089.00|458.89|3090.00|463.59|2091.00|472.94|3092.00|473.62|2093.00|476.07|1094.00|482.98|3095.00|483.94|2096.00|493.04|3097.00|493.71|2098.00|503.08|3099.00|503.79|2100.00|512.25|101.00|512.91|3102.00|513.79|2103.00|523.14|3104.00|523.83|2105.00|533.26|3106.00|533.91|2107.00|542.82|3108.00|543.49|1109.00|544.15|2110.00|553.18|3111.00|553.98|2112.00|563.20|3113.00|563.91|2114.00|573.21|3115.00|573.92|2116.00|578.67|117.00|579.33|3118.00|603.94|2119.00|613.33|3120.00|614.00|2121.00|618.41|3122.00|624.06|2123.00|628.46|3124.00|634.09|2125.00|643.49|3126.00|644.20|2127.00|653.57|3128.00|654.24|2129.00|663.63|3130.00|664.31|2131.00|673.69|3132.00|674.39|2133.00|683.15|3134.00|684.48|2135.00|693.80|3136.00|694.51|2137.00|704.06|3138.00|704.71|2139.00|714.04|3140.00|715.26|2141.00|,
Thu Jul 16 08:01:10 EDT 2015<EOT>: Analog chart from 0.0 to 715.26
Thu Jul 16 08:01:10 EDT 2015<EOT>: Sending [0, 1, 71, 58, -70, 59, -66]
Thu Jul 16 08:01:10 EDT 2015<EOT>: Waiting for 2 byte(s): text header
Thu Jul 16 08:01:10 EDT 2015<EOT>: Waiting for 3875 byte(s): text body
Thu Jul 16 08:01:10 EDT 2015<EOT>: wave_chart,t2!u_120!0!t2!d_121!28!t2!u_122!112!t2!d_123!118!t2!u_124!201!t2!d_125!207!t2!u_126!290!t2!d_127!296!t2!u_128!333!t2!d_129!385!t2!u_130!468!t2!d_131!474!t2!u_132!529!t2!d_133!563!t2!u_134!647!t2!d_135!653!c1!u!702!t2!u_136!736!t2!d_137!741!t2!u_138!825!t2!d_139!831!t2!u_140!914!t2!d_141!922!i3!u!929!t1!u_0!979!t2!u_1!997!t2!d_2!1008!t2!u_3!1091!t2!d_4!1098!c1!d!1116!t2!u_5!1180!t2!d_6!1187!t2!u_7!1269!t2!d_8!1275!r!1869!1324!i3!d!1326!t2!u_9!1334!t1!d_10!1342!t2!d_11!1355!t2!u_12!1624!t2!d_13!1631!t1!u_14!1639!t2!u_15!1667!t2!d_16!1719!t2!u_17!1783!t2!d_18!1807!t2!u_19!1890!t2!d_20!1896!map!u!1923!t2!u_21!1979!t2!d_22!1985!t1!d_23!1997!t2!u_24!2068!t2!d_25!2074!t2!u_26!2117!t2!d_27!2163!t2!u_28!2245!t2!d_29!2251!t1!u_30!2286!t2!u_31!2291!c3!u!2337!t2!d_32!2340!map!d!2370!t2!u_33!2423!t2!d_34!2428!t2!u_35!2511!t2!d_36!2519!i4!u!2526!t2!u_37!2600!t2!d_38!2605!t1!d_39!2624!t2!u_40!2688!t2!d_41!2696!c3!d!2714!t2!u_42!2776!t2!d_43!2783!t2!u_44!2865!t2!d_45!2871!HIP!u!2902!i4!d!2921!t1!u_46!2931!t2!u_47!2934!t2!d_48!3137!t2!u_49!3219!t2!d_50!3226!t2!u_51!3264!t2!d_52!3314!t2!u_53!3397!t2!d_54!3403!t2!u_55!3450!t2!d_56!3492!t2!u_57!3575!t2!d_58!3580!t2!u_59!3663!t2!d_60!3670!t2!u_61!3752!t2!d_62!3758!HIP!d!3797!t2!u_63!3841!t2!d_64!3847!c1!u!3895!t2!u_65!3930!t2!d_66!3936!t2!u_67!4018!t2!d_68!4024!i2!u!4078!t2!u_69!4107!t2!d_70!4113!t2!u_71!4196!t2!d_72!4201!t1!d_73!4234!t2!u_74!4238!c1!d!4258!t2!d_75!4290!t2!u_76!4333!t2!d_77!4378!t2!u_78!4450!t2!d_79!4467!i2!d!4474!t2!u_80!4540!t2!d_81!4546!t1!u_82!4564!t2!u_83!4814!t2!d_84!4820!t1!d_85!4890!t2!u_86!4894!t2!d_87!4908!t2!u_88!4992!t2!d_89!4996!t2!u_90!5079!t2!d_91!5085!t2!u_92!5167!t2!d_93!5173!t1!u_94!5193!t2!u_95!5255!t2!d_96!5261!t2!u_97!5333!t2!d_98!5350!t2!u_99!5432!t2!d_100!5438!c3!u!5488!t2!u_101!5491!t1!d_102!5511!t2!d_103!5526!t2!u_104!5610!t2!d_105!5615!i1!u!5677!t2!u_106!5697!t2!d_107!5703!t2!u_108!5785!t1!u_109!5789!t2!d_110!5793!t2!u_111!5873!t2!d_112!5879!c3!d!5894!t2!u_113!5961!t2!d_114!5969!t2!u_115!6049!t2!d_116!6055!i1!d!6072!t1!d_117!6100!t2!u_118!6104!t2!d_119!6319!t2!u_120!6402!t2!d_121!6408!t2!u_122!6450!t2!d_123!6496!t2!u_124!6579!t2!d_125!6585!t2!u_126!6669!t2!d_127!6676!t2!u_128!6756!t2!d_129!6762!t2!u_130!6845!t2!d_131!6851!t2!u_132!6930!t2!d_133!6939!t2!u_134!7009!t2!d_135!7028!c1!u!7079!t2!u_136!7110!t2!d_137!7117!t2!u_138!7199!t2!d_139!7204!t2!u_140!7287!t2!d_141!7296!i3!u!7301!t2!u_142!7354!t1!u_0!7357!t2!d_1!7381!t2!u_2!7464!t2!d_3!7469!c1!d!7493!t2!u_4!7552!t2!d_5!7559!t2!u_6!7640!t2!d_7!7646!i3!d!7696!r!1881!7701!t2!u_8!7720!t1!d_9!7723!t2!d_10!7727!t2!u_11!7993!t2!d_12!8000!t1!u_13!8015!t2!u_14!8083!t2!d_15!8088!t2!u_16!8171!t2!d_17!8177!t2!u_18!8259!t2!d_19!8266!map!u!8294!t2!u_20!8342!t2!d_21!8354!t1!d_22!8371!t2!u_23!8437!t2!d_24!8443!t2!u_25!8526!t2!d_26!8532!t2!u_27!8615!t2!d_28!8621!t1!u_29!8660!t2!u_30!8664!t2!d_31!8709!c3!u!8714!map!d!8738!t2!u_32!8783!t2!d_33!8798!t2!u_34!8881!t2!d_35!8887!i4!u!8899!t2!u_36!8969!t2!d_37!8975!t1!d_38!8999!t2!u_39!9012!t2!d_40!9063!c3!d!9089!t2!u_41!9116!t2!d_42!9152!t2!u_43!9235!t2!d_44!9240!HIP!u!9277!i4!d!9293!t1!u_45!9304!t2!u_46!9308!t2!d_47!9506!t2!u_48!9589!t2!d_49!9597!t2!u_50!9676!t2!d_51!9684!t2!u_52!9767!t2!d_53!9773!t2!u_54!9856!t2!d_55!9862!t2!u_56!9946!t2!d_57!9951!t2!u_58!10009!t2!d_59!10040!t2!u_60!10116!t2!d_61!10130!HIP!d!10169!t2!u_62!10213!t2!d_63!10219!t2!u_64!10302!t2!d_65!10308!c1!u!10349!t2!u_66!10391!t2!d_67!10397!t2!u_68!10449!t2!d_69!10486!i2!u!10501!t2!u_70!10568!t2!d_71!10574!t1!d_72!10614!t2!u_73!10618!t2!d_74!10665!c1!d!10685!t2!u_75!10746!t2!d_76!10753!t2!u_77!10835!t2!d_78!10841!i2!d!10896!t2!u_79!10915!t2!d_80!10921!t1!u_81!10946!t2!u_82!11190!t2!d_83!11196!t2!u_84!11263!t1!d_85!11273!t2!d_86!11284!t2!u_87!11342!t2!d_88!11373!t2!u_89!11443!t2!d_90!11462!t2!u_91!11545!t2!d_92!11551!t1!u_93!11584!t2!u_94!11634!t2!d_95!11640!t2!u_96!11675!,
Thu Jul 16 08:01:10 EDT 2015<EOT>: : t2!u_120!0!t2!d_121!28!t2!u_122!112!t2!d_123!118!t2!u_124!201!t2!d_125!207!t2!u_126!290!t2!d_127!296!t2!u_128!333!t2!d_129!385!t2!u_130!468!t2!d_131!474!t2!u_132!529!t2!d_133!563!t2!u_134!647!t2!d_135!653!c1!u!702!t2!u_136!736!t2!d_137!741!t2!u_138!825!t2!d_139!831!t2!u_140!914!t2!d_141!922!i3!u!929!t1!u_0!979!t2!u_1!997!t2!d_2!1008!t2!u_3!1091!t2!d_4!1098!c1!d!1116!t2!u_5!1180!t2!d_6!1187!t2!u_7!1269!t2!d_8!1275!r!1869!1324!i3!d!1326!t2!u_9!1334!t1!d_10!1342!t2!d_11!1355!t2!u_12!1624!t2!d_13!1631!t1!u_14!1639!t2!u_15!1667!t2!d_16!1719!t2!u_17!1783!t2!d_18!1807!t2!u_19!1890!t2!d_20!1896!map!u!1923!t2!u_21!1979!t2!d_22!1985!t1!d_23!1997!t2!u_24!2068!t2!d_25!2074!t2!u_26!2117!t2!d_27!2163!t2!u_28!2245!t2!d_29!2251!t1!u_30!2286!t2!u_31!2291!c3!u!2337!t2!d_32!2340!map!d!2370!t2!u_33!2423!t2!d_34!2428!t2!u_35!2511!t2!d_36!2519!i4!u!2526!t2!u_37!2600!t2!d_38!2605!t1!d_39!2624!t2!u_40!2688!t2!d_41!2696!c3!d!2714!t2!u_42!2776!t2!d_43!2783!t2!u_44!2865!t2!d_45!2871!HIP!u!2902!i4!d!2921!t1!u_46!2931!t2!u_47!2934!t2!d_48!3137!t2!u_49!3219!t2!d_50!3226!t2!u_51!3264!t2!d_52!3314!t2!u_53!3397!t2!d_54!3403!t2!u_55!3450!t2!d_56!3492!t2!u_57!3575!t2!d_58!3580!t2!u_59!3663!t2!d_60!3670!t2!u_61!3752!t2!d_62!3758!HIP!d!3797!t2!u_63!3841!t2!d_64!3847!c1!u!3895!t2!u_65!3930!t2!d_66!3936!t2!u_67!4018!t2!d_68!4024!i2!u!4078!t2!u_69!4107!t2!d_70!4113!t2!u_71!4196!t2!d_72!4201!t1!d_73!4234!t2!u_74!4238!c1!d!4258!t2!d_75!4290!t2!u_76!4333!t2!d_77!4378!t2!u_78!4450!t2!d_79!4467!i2!d!4474!t2!u_80!4540!t2!d_81!4546!t1!u_82!4564!t2!u_83!4814!t2!d_84!4820!t1!d_85!4890!t2!u_86!4894!t2!d_87!4908!t2!u_88!4992!t2!d_89!4996!t2!u_90!5079!t2!d_91!5085!t2!u_92!5167!t2!d_93!5173!t1!u_94!5193!t2!u_95!5255!t2!d_96!5261!t2!u_97!5333!t2!d_98!5350!t2!u_99!5432!t2!d_100!5438!c3!u!5488!t2!u_101!5491!t1!d_102!5511!t2!d_103!5526!t2!u_104!5610!t2!d_105!5615!i1!u!5677!t2!u_106!5697!t2!d_107!5703!t2!u_108!5785!t1!u_109!5789!t2!d_110!5793!t2!u_111!5873!t2!d_112!5879!c3!d!5894!t2!u_113!5961!t2!d_114!5969!t2!u_115!6049!t2!d_116!6055!i1!d!6072!t1!d_117!6100!t2!u_118!6104!t2!d_119!6319!t2!u_120!6402!t2!d_121!6408!t2!u_122!6450!t2!d_123!6496!t2!u_124!6579!t2!d_125!6585!t2!u_126!6669!t2!d_127!6676!t2!u_128!6756!t2!d_129!6762!t2!u_130!6845!t2!d_131!6851!t2!u_132!6930!t2!d_133!6939!t2!u_134!7009!t2!d_135!7028!c1!u!7079!t2!u_136!7110!t2!d_137!7117!t2!u_138!7199!t2!d_139!7204!t2!u_140!7287!t2!d_141!7296!i3!u!7301!t2!u_142!7354!t1!u_0!7357!t2!d_1!7381!t2!u_2!7464!t2!d_3!7469!c1!d!7493!t2!u_4!7552!t2!d_5!7559!t2!u_6!7640!t2!d_7!7646!i3!d!7696!r!1881!7701!t2!u_8!7720!t1!d_9!7723!t2!d_10!7727!t2!u_11!7993!t2!d_12!8000!t1!u_13!8015!t2!u_14!8083!t2!d_15!8088!t2!u_16!8171!t2!d_17!8177!t2!u_18!8259!t2!d_19!8266!map!u!8294!t2!u_20!8342!t2!d_21!8354!t1!d_22!8371!t2!u_23!8437!t2!d_24!8443!t2!u_25!8526!t2!d_26!8532!t2!u_27!8615!t2!d_28!8621!t1!u_29!8660!t2!u_30!8664!t2!d_31!8709!c3!u!8714!map!d!8738!t2!u_32!8783!t2!d_33!8798!t2!u_34!8881!t2!d_35!8887!i4!u!8899!t2!u_36!8969!t2!d_37!8975!t1!d_38!8999!t2!u_39!9012!t2!d_40!9063!c3!d!9089!t2!u_41!9116!t2!d_42!9152!t2!u_43!9235!t2!d_44!9240!HIP!u!9277!i4!d!9293!t1!u_45!9304!t2!u_46!9308!t2!d_47!9506!t2!u_48!9589!t2!d_49!9597!t2!u_50!9676!t2!d_51!9684!t2!u_52!9767!t2!d_53!9773!t2!u_54!9856!t2!d_55!9862!t2!u_56!9946!t2!d_57!9951!t2!u_58!10009!t2!d_59!10040!t2!u_60!10116!t2!d_61!10130!HIP!d!10169!t2!u_62!10213!t2!d_63!10219!t2!u_64!10302!t2!d_65!10308!c1!u!10349!t2!u_66!10391!t2!d_67!10397!t2!u_68!10449!t2!d_69!10486!i2!u!10501!t2!u_70!10568!t2!d_71!10574!t1!d_72!10614!t2!u_73!10618!t2!d_74!10665!c1!d!10685!t2!u_75!10746!t2!d_76!10753!t2!u_77!10835!t2!d_78!10841!i2!d!10896!t2!u_79!10915!t2!d_80!10921!t1!u_81!10946!t2!u_82!11190!t2!d_83!11196!t2!u_84!11263!t1!d_85!11273!t2!d_86!11284!t2!u_87!11342!t2!d_88!11373!t2!u_89!11443!t2!d_90!11462!t2!u_91!11545!t2!d_92!11551!t1!u_93!11584!t2!u_94!11634!t2!d_95!11640!t2!u_96!11675!
Thu Jul 16 08:01:10 EDT 2015<EOT>: Sending [0, 1, 71, 58, -70, 59, -66]
Thu Jul 16 08:01:10 EDT 2015<EOT>: Waiting for 2 byte(s): text header
Thu Jul 16 08:01:10 EDT 2015<EOT>: Waiting for 334 byte(s): text body
Thu Jul 16 08:01:10 EDT 2015<EOT>: time,134.203,rpm,1892,ENGINE_LOAD,21.27,MAP,21.27,afr,10.00,vss,0.00,ks,0.00,kv,2.63,vbatt,13.16,TP,0.00,CLT,22.91,MAT,19.79,ckp_c,80023,fuel_base,2.60,fuel_lag,1.00,fuel,3.90,timing,21.41,duty0,NaN,dwell0,0.00,total_dwell0,0.00,period0,0.00,advance0,682.000,duty1,NaN,dwell1,0.00,total_dwell1,0.00,period1,0.00,advance1,682.000,
Thu Jul 16 08:01:10 EDT 2015<EOT>: Sending [0, 1, 71, 58, -70, 59, -66]
Thu Jul 16 08:01:10 EDT 2015<EOT>: Waiting for 2 byte(s): text header
Thu Jul 16 08:01:10 EDT 2015<EOT>: Waiting for 5 byte(s): text body
Thu Jul 16 08:01:10 EDT 2015<EOT>: Sending [0, 1, 71, 58, -70, 59, -66]
Thu Jul 16 08:01:10 EDT 2015<EOT>: Waiting for 2 byte(s): text header
Thu Jul 16 08:01:10 EDT 2015<EOT>: Waiting for 333 byte(s): text body
Thu Jul 16 08:01:10 EDT 2015<EOT>: time,134.404,rpm,1882,ENGINE_LOAD,21.28,MAP,21.28,afr,9.99,vss,0.00,ks,0.00,kv,2.63,vbatt,12.63,TP,0.00,CLT,22.86,MAT,22.07,ckp_c,80470,fuel_base,2.59,fuel_lag,1.00,fuel,3.89,timing,21.42,duty0,NaN,dwell0,0.00,total_dwell0,0.00,period0,0.00,advance0,682.000,duty1,NaN,dwell1,0.00,total_dwell1,0.00,period1,0.00,advance1,682.000,
Thu Jul 16 08:01:10 EDT 2015<EOT>: Sending [0, 1, 71, 58, -70, 59, -66]
Thu Jul 16 08:01:10 EDT 2015<EOT>: Waiting for 2 byte(s): text header
Thu Jul 16 08:01:10 EDT 2015<EOT>: Waiting for 5 byte(s): text body
Thu Jul 16 08:01:10 EDT 2015<EOT>: Sending [0, 1, 71, 58, -70, 59, -66]
Thu Jul 16 08:01:10 EDT 2015<EOT>: Waiting for 2 byte(s): text header
Thu Jul 16 08:01:10 EDT 2015<EOT>: Waiting for 334 byte(s): text body
Thu Jul 16 08:01:10 EDT 2015<EOT>: time,134.606,rpm,1866,ENGINE_LOAD,21.84,MAP,21.84,afr,10.00,vss,0.00,ks,0.00,kv,2.63,vbatt,13.29,TP,0.00,CLT,22.94,MAT,19.97,ckp_c,80916,fuel_base,2.64,fuel_lag,1.00,fuel,3.94,timing,21.41,duty0,NaN,dwell0,0.00,total_dwell0,0.00,period0,0.00,advance0,682.000,duty1,NaN,dwell1,0.00,total_dwell1,0.00,period1,0.00,advance1,682.000,
Thu Jul 16 08:01:10 EDT 2015<EOT>: Sending [0, 1, 71, 58, -70, 59, -66]
Thu Jul 16 08:01:10 EDT 2015<EOT>: Waiting for 2 byte(s): text header
Thu Jul 16 08:01:10 EDT 2015<EOT>: Waiting for 5 byte(s): text body
Thu Jul 16 08:01:11 EDT 2015<EOT>: Sending [0, 1, 71, 58, -70, 59, -66]
Thu Jul 16 08:01:11 EDT 2015<EOT>: Waiting for 2 byte(s): text header
Thu Jul 16 08:01:11 EDT 2015<EOT>: Waiting for 334 byte(s): text body
Thu Jul 16 08:01:11 EDT 2015<EOT>: time,134.807,rpm,1860,ENGINE_LOAD,21.95,MAP,21.95,afr,10.00,vss,0.00,ks,0.00,kv,2.57,vbatt,12.57,TP,0.00,CLT,22.99,MAT,21.70,ckp_c,81357,fuel_base,2.64,fuel_lag,1.00,fuel,3.95,timing,21.40,duty0,NaN,dwell0,0.00,total_dwell0,0.00,period0,0.00,advance0,682.000,duty1,NaN,dwell1,0.00,total_dwell1,0.00,period1,0.00,advance1,682.000,
Thu Jul 16 08:01:11 EDT 2015<EOT>: Sending [0, 1, 71, 58, -70, 59, -66]
Thu Jul 16 08:01:11 EDT 2015<EOT>: Waiting for 2 byte(s): text header
Thu Jul 16 08:01:11 EDT 2015<EOT>: Waiting for 5 byte(s): text body
Thu Jul 16 08:01:11 EDT 2015<EOT>: Sending [0, 1, 71, 58, -70, 59, -66]
Thu Jul 16 08:01:11 EDT 2015<EOT>: Waiting for 2 byte(s): text header
Thu Jul 16 08:01:11 EDT 2015<EOT>: Waiting for 549 byte(s): text body
Thu Jul 16 08:01:11 EDT 2015<EOT>: time,135.007,rpm,1873,ENGINE_LOAD,21.97,MAP,21.97,afr,10.00,vss,0.00,ks,0.00,kv,2.64,vbatt,13.31,TP,0.00,CLT,22.94,MAT,20.00,rusEfiVersion,20150713@8529 Neon03,outpin,t1@PA5,outpin,t2@PC6,outpin,input1@NONE,outpin,input2@NONE,outpin,c1@PC9,outpin,i1@PB8,outpin,c2@NONE,outpin,i2@PB9,outpin,c3@PE8,outpin,i3@PE2,outpin,c4@NONE,outpin,i4@PB7,ckp_c,81803,fuel_base,2.66,fuel_lag,1.00,fuel,3.96,timing,21.41,duty0,NaN,dwell0,0.00,total_dwell0,0.00,period0,0.00,advance0,682.000,duty1,NaN,dwell1,0.00,total_dwell1,0.00,period1,0.00,advance1,682.000,
Thu Jul 16 08:01:11 EDT 2015<EOT>: Sending [0, 1, 71, 58, -70, 59, -66]
Thu Jul 16 08:01:11 EDT 2015<EOT>: Waiting for 2 byte(s): text header
Thu Jul 16 08:01:11 EDT 2015<EOT>: Waiting for 3893 byte(s): text body
Thu Jul 16 08:01:11 EDT 2015<EOT>: wave_chart,t2!u_76!0!t2!d_77!4!t2!u_78!86!t2!d_79!92!i2!d!99!t2!u_80!165!t2!d_81!171!t1!u_82!194!t2!u_83!438!t2!d_84!444!t1!d_85!516!t2!u_86!520!t2!d_87!533!t2!u_88!585!t2!d_89!620!t2!u_90!673!t2!d_91!708!t2!u_92!790!t2!d_93!796!t1!u_94!818!t2!u_95!878!t2!d_96!884!t2!u_97!967!t2!d_98!972!t2!u_99!1007!t2!d_100!1060!t2!u_101!1105!c3!u!1108!t1!d_102!1133!t2!d_103!1148!t2!u_104!1231!t2!d_105!1236!i1!u!1301!t2!u_106!1318!t2!d_107!1324!t1!u_108!1402!t2!u_109!1406!t2!d_110!1412!t2!u_111!1493!t2!d_112!1499!c3!d!1513!t2!u_113!1581!t2!d_114!1588!t2!u_115!1669!t2!d_116!1675!i1!d!1693!t1!d_117!1707!t2!u_118!1771!t2!d_119!1938!t2!u_120!2006!t2!d_121!2026!t2!u_122!2105!t2!d_123!2115!t2!u_124!2197!t2!d_125!2203!t2!u_126!2285!t2!d_127!2291!t2!u_128!2339!t2!d_129!2379!t2!u_130!2438!t2!d_131!2467!t2!u_132!2549!t2!d_133!2556!t2!u_134!2638!t2!d_135!2644!c1!u!2692!t2!u_136!2726!t2!d_137!2732!t2!u_138!2771!t2!d_139!2820!t2!u_140!2902!t2!d_141!2912!i3!u!2918!t1!u_0!2966!t2!u_1!2983!t2!d_2!2995!t2!u_3!3077!t2!d_4!3084!c1!d!3101!t2!u_5!3165!t2!d_6!3173!t2!u_7!3253!t2!d_8!3259!r!1892!3309!i3!d!3310!t1!d_9!3326!t2!u_10!3330!t2!d_11!3339!t2!u_12!3605!t2!d_13!3611!t1!u_14!3618!t2!u_15!3672!t2!d_16!3699!t2!u_17!3771!t2!d_18!3787!t2!u_19!3869!t2!d_20!3876!map!u!3899!t2!u_21!3958!t2!d_22!3964!t1!d_23!3974!t2!u_24!4006!t2!d_25!4053!t2!u_26!4104!t2!d_27!4141!t2!u_28!4223!t2!d_29!4229!t1!u_30!4262!c3!u!4309!t2!u_31!4312!t2!d_32!4320!map!d!4341!t2!u_33!4400!t2!d_34!4406!t2!u_35!4488!t2!d_36!4497!i4!u!4503!t2!u_37!4576!t2!d_38!4582!t1!d_39!4600!t2!u_40!4666!t2!d_41!4671!c3!d!4691!t2!u_42!4752!t2!d_43!4758!t2!u_44!4840!t2!d_45!4846!HIP!u!4870!i4!d!4893!t1!u_46!4906!t2!u_47!4910!t2!d_48!5111!t2!u_49!5194!t2!d_50!5199!t2!u_51!5282!t2!d_52!5288!t2!u_53!5340!t2!d_54!5376!t2!u_55!5438!t2!d_56!5465!t2!u_57!5548!t2!d_58!5554!t2!u_59!5636!t2!d_60!5642!t2!u_61!5725!t2!d_62!5731!HIP!d!5757!t2!u_63!5813!t2!d_64!5819!c1!u!5863!t2!u_65!5902!t2!d_66!5908!t2!u_67!5990!t2!d_68!5997!i2!u!6051!t2!u_69!6079!t2!d_70!6085!t2!u_71!6167!t2!d_72!6173!t1!d_73!6207!t2!u_74!6210!c1!d!6231!t2!d_75!6261!t2!u_76!6339!t2!d_77!6349!t2!u_78!6432!t2!d_79!6438!i2!d!6442!t2!u_80!6512!t2!d_81!6517!t1!u_82!6534!t2!u_83!6771!t2!d_84!6790!t1!d_85!6858!t2!u_86!6862!t2!d_87!6878!t2!u_88!6960!t2!d_89!6967!t2!u_90!7049!t2!d_91!7054!t2!u_92!7104!t2!d_93!7143!t1!u_94!7161!t2!u_95!7225!t2!d_96!7231!t2!u_97!7314!t2!d_98!7319!t2!u_99!7402!t2!d_100!7408!c3!u!7453!t1!d_101!7480!t2!u_102!7484!t2!d_103!7496!t2!u_104!7562!t2!d_105!7585!i1!u!7646!t2!u_106!7666!t2!d_107!7672!t2!u_108!7754!t1!u_109!7758!t2!d_110!7762!t2!u_111!7842!t2!d_112!7848!c3!d!7862!t2!u_113!7931!t2!d_114!7936!t2!u_115!8000!t2!d_116!8024!i1!d!8037!t1!d_117!8068!t2!u_118!8072!t2!d_119!8288!t2!u_120!8333!t2!d_121!8377!t2!u_122!8437!t2!d_123!8465!t2!u_124!8548!t2!d_125!8554!t2!u_126!8636!t2!d_127!8642!t2!u_128!8725!t2!d_129!8732!t2!u_130!8771!t2!d_131!8820!t2!u_132!8902!t2!d_133!8908!t2!u_134!8993!t2!d_135!8997!c1!u!9044!t2!u_136!9081!t2!d_137!9086!t2!u_138!9168!t2!d_139!9174!t2!u_140!9256!t2!d_141!9266!i3!u!9270!t1!u_0!9327!t2!u_1!9343!t2!d_2!9351!t2!u_3!9433!t2!d_4!9439!c1!d!9457!t2!u_5!9521!t2!d_6!9528!t2!u_7!9609!t2!d_8!9616!i3!d!9660!t2!u_9!9666!r!1886!9670!t1!d_10!9691!t2!d_11!9697!t2!u_12!9938!t2!d_13!9969!t1!u_14!9982!t2!u_15!10051!t2!d_16!10057!t2!u_17!10140!t2!d_18!10146!t2!u_19!10228!t2!d_20!10235!map!u!10263!t2!u_21!10317!t2!d_22!10323!t1!d_23!10339!t2!u_24!10406!t2!d_25!10412!t2!u_26!10494!t2!d_27!10500!t2!u_28!10558!t2!d_29!10589!t1!u_30!10628!t2!u_31!10633!c3!u!10674!t2!d_32!10677!map!d!10706!t2!u_33!10759!t2!d_34!10765!t2!u_35!10847!t2!d_36!10856!i4!u!10864!t2!u_37!10936!t2!d_38!10941!t1!d_39!10967!t2!u_40!11024!t2!d_41!11030!c3!d!11050!t2!u_42!11104!t2!d_43!11118!t2!u_44!11175!t2!d_45!11206!HIP!u!11223!i4!d!11255!t1!u_46!11270!t2!u_47!11274!t2!d_48!11471!t2!u_49!11553!t2!d_50!11559!t2!u_51!11642!t2!d_52!11648!t2!u_53!11732!,
Thu Jul 16 08:01:11 EDT 2015<EOT>: : t2!u_76!0!t2!d_77!4!t2!u_78!86!t2!d_79!92!i2!d!99!t2!u_80!165!t2!d_81!171!t1!u_82!194!t2!u_83!438!t2!d_84!444!t1!d_85!516!t2!u_86!520!t2!d_87!533!t2!u_88!585!t2!d_89!620!t2!u_90!673!t2!d_91!708!t2!u_92!790!t2!d_93!796!t1!u_94!818!t2!u_95!878!t2!d_96!884!t2!u_97!967!t2!d_98!972!t2!u_99!1007!t2!d_100!1060!t2!u_101!1105!c3!u!1108!t1!d_102!1133!t2!d_103!1148!t2!u_104!1231!t2!d_105!1236!i1!u!1301!t2!u_106!1318!t2!d_107!1324!t1!u_108!1402!t2!u_109!1406!t2!d_110!1412!t2!u_111!1493!t2!d_112!1499!c3!d!1513!t2!u_113!1581!t2!d_114!1588!t2!u_115!1669!t2!d_116!1675!i1!d!1693!t1!d_117!1707!t2!u_118!1771!t2!d_119!1938!t2!u_120!2006!t2!d_121!2026!t2!u_122!2105!t2!d_123!2115!t2!u_124!2197!t2!d_125!2203!t2!u_126!2285!t2!d_127!2291!t2!u_128!2339!t2!d_129!2379!t2!u_130!2438!t2!d_131!2467!t2!u_132!2549!t2!d_133!2556!t2!u_134!2638!t2!d_135!2644!c1!u!2692!t2!u_136!2726!t2!d_137!2732!t2!u_138!2771!t2!d_139!2820!t2!u_140!2902!t2!d_141!2912!i3!u!2918!t1!u_0!2966!t2!u_1!2983!t2!d_2!2995!t2!u_3!3077!t2!d_4!3084!c1!d!3101!t2!u_5!3165!t2!d_6!3173!t2!u_7!3253!t2!d_8!3259!r!1892!3309!i3!d!3310!t1!d_9!3326!t2!u_10!3330!t2!d_11!3339!t2!u_12!3605!t2!d_13!3611!t1!u_14!3618!t2!u_15!3672!t2!d_16!3699!t2!u_17!3771!t2!d_18!3787!t2!u_19!3869!t2!d_20!3876!map!u!3899!t2!u_21!3958!t2!d_22!3964!t1!d_23!3974!t2!u_24!4006!t2!d_25!4053!t2!u_26!4104!t2!d_27!4141!t2!u_28!4223!t2!d_29!4229!t1!u_30!4262!c3!u!4309!t2!u_31!4312!t2!d_32!4320!map!d!4341!t2!u_33!4400!t2!d_34!4406!t2!u_35!4488!t2!d_36!4497!i4!u!4503!t2!u_37!4576!t2!d_38!4582!t1!d_39!4600!t2!u_40!4666!t2!d_41!4671!c3!d!4691!t2!u_42!4752!t2!d_43!4758!t2!u_44!4840!t2!d_45!4846!HIP!u!4870!i4!d!4893!t1!u_46!4906!t2!u_47!4910!t2!d_48!5111!t2!u_49!5194!t2!d_50!5199!t2!u_51!5282!t2!d_52!5288!t2!u_53!5340!t2!d_54!5376!t2!u_55!5438!t2!d_56!5465!t2!u_57!5548!t2!d_58!5554!t2!u_59!5636!t2!d_60!5642!t2!u_61!5725!t2!d_62!5731!HIP!d!5757!t2!u_63!5813!t2!d_64!5819!c1!u!5863!t2!u_65!5902!t2!d_66!5908!t2!u_67!5990!t2!d_68!5997!i2!u!6051!t2!u_69!6079!t2!d_70!6085!t2!u_71!6167!t2!d_72!6173!t1!d_73!6207!t2!u_74!6210!c1!d!6231!t2!d_75!6261!t2!u_76!6339!t2!d_77!6349!t2!u_78!6432!t2!d_79!6438!i2!d!6442!t2!u_80!6512!t2!d_81!6517!t1!u_82!6534!t2!u_83!6771!t2!d_84!6790!t1!d_85!6858!t2!u_86!6862!t2!d_87!6878!t2!u_88!6960!t2!d_89!6967!t2!u_90!7049!t2!d_91!7054!t2!u_92!7104!t2!d_93!7143!t1!u_94!7161!t2!u_95!7225!t2!d_96!7231!t2!u_97!7314!t2!d_98!7319!t2!u_99!7402!t2!d_100!7408!c3!u!7453!t1!d_101!7480!t2!u_102!7484!t2!d_103!7496!t2!u_104!7562!t2!d_105!7585!i1!u!7646!t2!u_106!7666!t2!d_107!7672!t2!u_108!7754!t1!u_109!7758!t2!d_110!7762!t2!u_111!7842!t2!d_112!7848!c3!d!7862!t2!u_113!7931!t2!d_114!7936!t2!u_115!8000!t2!d_116!8024!i1!d!8037!t1!d_117!8068!t2!u_118!8072!t2!d_119!8288!t2!u_120!8333!t2!d_121!8377!t2!u_122!8437!t2!d_123!8465!t2!u_124!8548!t2!d_125!8554!t2!u_126!8636!t2!d_127!8642!t2!u_128!8725!t2!d_129!8732!t2!u_130!8771!t2!d_131!8820!t2!u_132!8902!t2!d_133!8908!t2!u_134!8993!t2!d_135!8997!c1!u!9044!t2!u_136!9081!t2!d_137!9086!t2!u_138!9168!t2!d_139!9174!t2!u_140!9256!t2!d_141!9266!i3!u!9270!t1!u_0!9327!t2!u_1!9343!t2!d_2!9351!t2!u_3!9433!t2!d_4!9439!c1!d!9457!t2!u_5!9521!t2!d_6!9528!t2!u_7!9609!t2!d_8!9616!i3!d!9660!t2!u_9!9666!r!1886!9670!t1!d_10!9691!t2!d_11!9697!t2!u_12!9938!t2!d_13!9969!t1!u_14!9982!t2!u_15!10051!t2!d_16!10057!t2!u_17!10140!t2!d_18!10146!t2!u_19!10228!t2!d_20!10235!map!u!10263!t2!u_21!10317!t2!d_22!10323!t1!d_23!10339!t2!u_24!10406!t2!d_25!10412!t2!u_26!10494!t2!d_27!10500!t2!u_28!10558!t2!d_29!10589!t1!u_30!10628!t2!u_31!10633!c3!u!10674!t2!d_32!10677!map!d!10706!t2!u_33!10759!t2!d_34!10765!t2!u_35!10847!t2!d_36!10856!i4!u!10864!t2!u_37!10936!t2!d_38!10941!t1!d_39!10967!t2!u_40!11024!t2!d_41!11030!c3!d!11050!t2!u_42!11104!t2!d_43!11118!t2!u_44!11175!t2!d_45!11206!HIP!u!11223!i4!d!11255!t1!u_46!11270!t2!u_47!11274!t2!d_48!11471!t2!u_49!11553!t2!d_50!11559!t2!u_51!11642!t2!d_52!11648!t2!u_53!11732!
Thu Jul 16 08:01:11 EDT 2015<EOT>: Sending [0, 1, 71, 58, -70, 59, -66]
Thu Jul 16 08:01:11 EDT 2015<EOT>: Waiting for 2 byte(s): text header
Thu Jul 16 08:01:11 EDT 2015<EOT>: Waiting for 334 byte(s): text body
Thu Jul 16 08:01:11 EDT 2015<EOT>: time,135.208,rpm,1881,ENGINE_LOAD,21.71,MAP,21.71,afr,10.00,vss,0.00,ks,0.00,kv,2.66,vbatt,12.73,TP,0.00,CLT,22.99,MAT,21.44,ckp_c,82252,fuel_base,2.63,fuel_lag,1.00,fuel,3.93,timing,21.40,duty0,NaN,dwell0,0.00,total_dwell0,0.00,period0,0.00,advance0,682.000,duty1,NaN,dwell1,0.00,total_dwell1,0.00,period1,0.00,advance1,682.000,
Thu Jul 16 08:01:11 EDT 2015<EOT>: Sending [0, 1, 71, 58, -70, 59, -66]
Thu Jul 16 08:01:11 EDT 2015<EOT>: Waiting for 2 byte(s): text header
Thu Jul 16 08:01:11 EDT 2015<EOT>: Waiting for 2111 byte(s): text body
Thu Jul 16 08:01:11 EDT 2015<EOT>: analog_chart,0.00|0.00|1.61|3001.00|2.33|2002.00|11.58|3003.00|12.55|2004.00|21.55|3005.00|22.37|2006.00|28.28|3007.00|32.16|2008.00|40.47|3009.00|41.12|10.00|41.75|2011.00|65.81|3012.00|72.10|2013.00|73.94|1014.00|81.34|3015.00|82.00|2016.00|90.57|3017.00|92.24|2018.00|99.68|3019.00|102.01|2020.00|111.31|3021.00|111.96|2022.00|113.68|23.00|121.28|3024.00|121.99|2025.00|131.28|3026.00|131.98|2027.00|141.37|3028.00|142.02|2029.00|146.29|1030.00|147.10|3031.00|151.91|2032.00|161.17|3033.00|161.84|2034.00|171.11|3035.00|172.32|2036.00|178.85|3037.00|181.71|2038.00|184.41|39.00|190.99|3040.00|191.83|2041.00|200.92|3042.00|201.64|2043.00|210.87|3044.00|211.54|2045.00|216.52|3046.00|218.86|1047.00|241.44|2048.00|250.71|3049.00|251.42|2050.00|260.84|3051.00|261.49|2052.00|270.91|3053.00|271.56|2054.00|280.71|3055.00|281.35|2056.00|290.65|3057.00|291.31|2058.00|300.00|3059.00|301.32|2060.00|310.63|3061.00|311.58|2062.00|316.62|3063.00|321.52|2064.00|329.55|3065.00|331.26|2066.00|337.66|3067.00|341.28|2068.00|350.54|3069.00|351.24|2070.00|360.49|3071.00|361.15|2072.00|365.59|73.00|366.22|3074.00|371.11|2075.00|380.41|3076.00|381.13|2077.00|390.36|3078.00|391.00|2079.00|399.32|3080.00|400.04|2081.00|402.63|1082.00|429.65|3083.00|430.85|2084.00|439.31|85.00|439.95|3086.00|440.71|2087.00|449.98|3088.00|450.91|2089.00|459.93|3090.00|460.63|2091.00|467.33|3092.00|470.55|2093.00|474.04|1094.00|479.82|3095.00|480.57|2096.00|489.79|3097.00|490.49|2098.00|499.72|3099.00|500.40|2100.00|509.18|101.00|509.83|3102.00|510.49|2103.00|517.93|3104.00|520.27|2105.00|529.51|3106.00|530.22|2107.00|539.44|3108.00|540.10|1109.00|540.76|2110.00|549.35|3111.00|550.19|2112.00|555.62|3113.00|559.97|2114.00|569.18|3115.00|569.86|2116.00|574.01|117.00|574.66|3118.00|599.65|2119.00|604.82|3120.00|609.62|2121.00|618.88|3122.00|619.81|2123.00|628.88|3124.00|629.53|2125.00|639.19|3126.00|639.84|2127.00|648.82|3128.00|649.48|2129.00|655.71|3130.00|659.45|2131.00|666.58|3132.00|669.44|2133.00|676.76|3134.00|679.43|2135.00|687.45|3136.00|689.38|2137.00|698.66|3138.00|699.33|2139.00|704.27|3140.00|709.28|2141.00|,
Thu Jul 16 08:01:11 EDT 2015<EOT>: Analog chart from 0.0 to 709.28
Thu Jul 16 08:01:11 EDT 2015<EOT>: Sending [0, 1, 71, 58, -70, 59, -66]
Thu Jul 16 08:01:11 EDT 2015<EOT>: Waiting for 2 byte(s): text header
Thu Jul 16 08:01:11 EDT 2015<EOT>: Waiting for 334 byte(s): text body
Thu Jul 16 08:01:11 EDT 2015<EOT>: time,135.410,rpm,1893,ENGINE_LOAD,21.58,MAP,21.58,afr,10.00,vss,0.00,ks,0.00,kv,2.70,vbatt,13.08,TP,0.00,CLT,23.05,MAT,19.81,ckp_c,82700,fuel_base,2.63,fuel_lag,1.00,fuel,3.93,timing,21.38,duty0,NaN,dwell0,0.00,total_dwell0,0.00,period0,0.00,advance0,682.000,duty1,NaN,dwell1,0.00,total_dwell1,0.00,period1,0.00,advance1,682.000,
Thu Jul 16 08:01:11 EDT 2015<EOT>: Sending [0, 1, 71, 58, -70, 59, -66]
Thu Jul 16 08:01:11 EDT 2015<EOT>: Waiting for 2 byte(s): text header
Thu Jul 16 08:01:11 EDT 2015<EOT>: Waiting for 5 byte(s): text body
Thu Jul 16 08:01:11 EDT 2015<EOT>: Sending [0, 1, 71, 58, -70, 59, -66]
Thu Jul 16 08:01:11 EDT 2015<EOT>: Waiting for 2 byte(s): text header
Thu Jul 16 08:01:11 EDT 2015<EOT>: Waiting for 333 byte(s): text body
Thu Jul 16 08:01:11 EDT 2015<EOT>: time,135.610,rpm,1890,ENGINE_LOAD,21.41,MAP,21.41,afr,9.99,vss,0.00,ks,0.00,kv,2.64,vbatt,13.14,TP,0.00,CLT,23.07,MAT,22.78,ckp_c,83152,fuel_base,2.61,fuel_lag,1.00,fuel,3.91,timing,21.38,duty0,NaN,dwell0,0.00,total_dwell0,0.00,period0,0.00,advance0,682.000,duty1,NaN,dwell1,0.00,total_dwell1,0.00,period1,0.00,advance1,682.000,
Thu Jul 16 08:01:11 EDT 2015<EOT>: Sending [0, 1, 71, 58, -70, 59, -66]
Thu Jul 16 08:01:11 EDT 2015<EOT>: Waiting for 2 byte(s): text header
Thu Jul 16 08:01:11 EDT 2015<EOT>: Waiting for 5 byte(s): text body
Thu Jul 16 08:01:12 EDT 2015<EOT>: Sending [0, 1, 71, 58, -70, 59, -66]
Thu Jul 16 08:01:12 EDT 2015<EOT>: Waiting for 2 byte(s): text header
Thu Jul 16 08:01:12 EDT 2015<EOT>: Waiting for 334 byte(s): text body
Thu Jul 16 08:01:12 EDT 2015<EOT>: time,135.811,rpm,1896,ENGINE_LOAD,21.27,MAP,21.27,afr,10.00,vss,0.00,ks,0.00,kv,2.60,vbatt,13.11,TP,0.00,CLT,23.29,MAT,19.66,ckp_c,83603,fuel_base,2.60,fuel_lag,1.00,fuel,3.90,timing,21.34,duty0,NaN,dwell0,0.00,total_dwell0,0.00,period0,0.00,advance0,682.000,duty1,NaN,dwell1,0.00,total_dwell1,0.00,period1,0.00,advance1,682.000,
Thu Jul 16 08:01:12 EDT 2015<EOT>: Sending [0, 1, 71, 58, -70, 59, -66]
Thu Jul 16 08:01:12 EDT 2015<EOT>: Waiting for 2 byte(s): text header
Thu Jul 16 08:01:12 EDT 2015<EOT>: Waiting for 5 byte(s): text body
Thu Jul 16 08:01:12 EDT 2015<EOT>: Sending [0, 1, 71, 58, -70, 59, -66]
Thu Jul 16 08:01:12 EDT 2015<EOT>: Waiting for 2 byte(s): text header
Thu Jul 16 08:01:12 EDT 2015<EOT>: Waiting for 334 byte(s): text body
Thu Jul 16 08:01:12 EDT 2015<EOT>: time,136.013,rpm,1911,ENGINE_LOAD,20.85,MAP,20.85,afr,10.00,vss,0.00,ks,0.00,kv,2.70,vbatt,13.11,TP,0.00,CLT,23.21,MAT,19.92,ckp_c,84055,fuel_base,2.57,fuel_lag,1.00,fuel,3.87,timing,21.35,duty0,NaN,dwell0,0.00,total_dwell0,0.00,period0,0.00,advance0,682.000,duty1,NaN,dwell1,0.00,total_dwell1,0.00,period1,0.00,advance1,682.000,
Thu Jul 16 08:01:12 EDT 2015<EOT>: Sending [0, 1, 71, 58, -70, 59, -66]
Thu Jul 16 08:01:12 EDT 2015<EOT>: Waiting for 2 byte(s): text header
Thu Jul 16 08:01:12 EDT 2015<EOT>: Waiting for 3890 byte(s): text body
Thu Jul 16 08:01:12 EDT 2015<EOT>: wave_chart,map!u!0!t2!u_21!20!t2!d_22!57!t1!d_23!75!t2!u_24!140!t2!d_25!146!t2!u_26!229!t2!d_27!235!t2!u_28!317!t2!d_29!323!t1!u_30!358!t2!u_31!363!c3!u!407!t2!d_32!412!map!d!446!t2!u_33!464!t2!d_34!501!t2!u_35!583!t2!d_36!592!i4!u!596!t2!u_37!672!t2!d_38!677!t1!d_39!698!t2!u_40!760!t2!d_41!766!c3!d!786!t2!u_42!849!t2!d_43!855!t2!u_44!899!t2!d_45!945!HIP!u!966!i4!d!990!t1!u_46!1003!t2!u_47!1007!t2!d_48!1209!t2!u_49!1293!t2!d_50!1297!t2!u_51!1353!t2!d_52!1386!t2!u_53!1470!t2!d_54!1476!t2!u_55!1514!t2!d_56!1565!t2!u_57!1648!t2!d_58!1654!t2!u_59!1737!t2!d_60!1742!t2!u_61!1797!t2!d_62!1832!HIP!d!1855!t2!u_63!1917!t2!d_64!1921!c1!u!1966!t2!u_65!2003!t2!d_66!2009!t2!u_67!2092!t2!d_68!2098!i2!u!2151!t2!u_69!2181!t2!d_70!2187!t2!u_71!2270!t2!d_72!2278!t1!d_73!2311!t2!u_74!2315!c1!d!2335!t2!d_75!2366!t2!u_76!2447!t2!d_77!2454!t2!u_78!2535!t2!d_79!2541!i2!d!2546!t2!u_80!2611!t2!d_81!2622!t1!u_82!2642!t2!u_83!2876!t2!d_84!2897!t1!d_85!2971!t2!u_86!2974!t2!d_87!2984!t2!u_88!3020!t2!d_89!3073!t2!u_90!3156!t2!d_91!3162!t2!u_92!3244!t2!d_93!3251!t1!u_94!3274!t2!u_95!3333!t2!d_96!3339!t2!u_97!3422!t2!d_98!3429!t2!u_99!3464!t2!d_100!3517!c3!u!3563!t1!d_101!3590!t2!u_102!3594!t2!d_103!3605!t2!u_104!3688!t2!d_105!3694!i1!u!3754!t2!u_106!3776!t2!d_107!3782!t1!u_108!3860!t2!u_109!3864!t2!d_110!3871!t2!u_111!3953!t2!d_112!3959!c3!d!3973!t2!u_113!4020!t2!d_114!4047!t2!u_115!4130!t2!d_116!4135!i1!d!4149!t1!d_117!4169!t2!u_118!4173!t2!d_119!4401!t2!u_120!4464!t2!d_121!4489!t2!u_122!4572!t2!d_123!4578!t2!u_124!4661!t2!d_125!4667!t2!u_126!4750!t2!d_127!4756!t2!u_128!4797!t2!d_129!4845!t2!u_130!4927!t2!d_131!4933!t2!u_132!5016!t2!d_133!5022!t2!u_134!5105!t2!d_135!5111!c1!u!5160!t2!u_136!5193!t2!d_137!5200!t2!u_138!5282!t2!d_139!5288!t2!u_140!5353!i3!u!5365!t2!d_141!5377!t1!u_0!5435!t2!u_1!5452!t2!d_2!5465!t2!u_3!5547!t2!d_4!5553!c1!d!5571!t2!u_5!5636!t2!d_6!5643!t2!u_7!5686!t2!d_8!5730!i3!d!5760!r!1881!5779!t2!u_9!5797!t1!d_10!5801!t2!d_11!5810!t2!u_12!6078!t2!d_13!6084!t1!u_14!6092!t2!u_15!6130!t2!d_16!6173!t2!u_17!6255!t2!d_18!6261!t2!u_19!6296!t2!d_20!6350!map!u!6373!t2!u_21!6432!t2!d_22!6438!t1!d_23!6449!t2!u_24!6521!t2!d_25!6527!t2!u_26!6611!t2!d_27!6617!t2!u_28!6686!t2!d_29!6704!t1!u_30!6736!t2!u_31!6786!c3!u!6790!t2!d_32!6793!map!d!6818!t2!u_33!6875!t2!d_34!6881!t2!u_35!6963!t2!d_36!6972!i4!u!6977!t2!u_37!7019!t2!d_38!7057!t1!d_39!7076!t2!u_40!7130!t2!d_41!7145!c3!d!7156!t2!u_42!7229!t2!d_43!7233!t2!u_44!7315!t2!d_45!7322!HIP!u!7352!i4!d!7369!t1!u_46!7380!t2!u_47!7384!t2!d_48!7587!t2!u_49!7669!t2!d_50!7675!t2!u_51!7725!t2!d_52!7764!t2!u_53!7827!t2!d_54!7853!t2!u_55!7935!t2!d_56!7941!t2!u_57!8024!t2!d_58!8030!t2!u_59!8113!t2!d_60!8119!t2!u_61!8202!t2!d_62!8208!HIP!d!8244!t2!u_63!8292!t2!d_64!8296!c1!u!8344!t2!u_65!8379!t2!d_66!8387!t2!u_67!8463!t2!d_68!8474!i2!u!8526!t2!u_69!8556!t2!d_70!8562!t2!u_71!8645!t2!d_72!8651!t1!d_73!8684!t2!u_74!8688!c1!d!8709!t2!d_75!8739!t2!u_76!8797!t2!d_77!8829!t2!u_78!8911!t2!d_79!8916!i2!d!8920!t2!u_80!8990!t2!d_81!8996!t1!u_82!9013!t2!u_83!9263!t2!d_84!9270!t1!d_85!9340!t2!u_86!9343!t2!d_87!9357!t2!u_88!9392!t2!d_89!9445!t2!u_90!9521!t2!d_91!9534!t2!u_92!9610!t2!d_93!9622!t1!u_94!9641!t2!u_95!9705!t2!d_96!9711!t2!u_97!9793!t2!d_98!9799!t2!u_99!9861!t2!d_100!9887!c3!u!9936!t2!u_101!9940!t1!d_102!9960!t2!d_103!9976!t2!u_104!10058!t2!d_105!10064!i1!u!10124!t2!u_106!10130!t2!d_107!10152!t2!u_108!10234!t1!u_109!10238!t2!d_110!10242!t2!u_111!10322!t2!d_112!10328!c3!d!10343!t2!u_113!10391!t2!d_114!10416!t2!u_115!10463!t2!d_116!10504!i1!d!10519!t1!d_117!10548!t2!u_118!10552!t2!d_119!10769!t2!u_120!10851!t2!d_121!10857!t2!u_122!10939!t2!d_123!10946!t2!u_124!11028!t2!d_125!11034!t2!u_126!11116!t2!d_127!11122!t2!u_128!11193!t2!d_129!11211!t2!u_130!11277!t2!d_131!11300!t2!u_132!11382!t2!d_133!11388!t2!u_134!11463!t2!d_135!11476!c1!u!11527!t2!u_136!11559!t2!d_137!11565!t2!u_138!11647!t2!d_139!11653!t2!u_140!11725!,
Thu Jul 16 08:01:12 EDT 2015<EOT>: : map!u!0!t2!u_21!20!t2!d_22!57!t1!d_23!75!t2!u_24!140!t2!d_25!146!t2!u_26!229!t2!d_27!235!t2!u_28!317!t2!d_29!323!t1!u_30!358!t2!u_31!363!c3!u!407!t2!d_32!412!map!d!446!t2!u_33!464!t2!d_34!501!t2!u_35!583!t2!d_36!592!i4!u!596!t2!u_37!672!t2!d_38!677!t1!d_39!698!t2!u_40!760!t2!d_41!766!c3!d!786!t2!u_42!849!t2!d_43!855!t2!u_44!899!t2!d_45!945!HIP!u!966!i4!d!990!t1!u_46!1003!t2!u_47!1007!t2!d_48!1209!t2!u_49!1293!t2!d_50!1297!t2!u_51!1353!t2!d_52!1386!t2!u_53!1470!t2!d_54!1476!t2!u_55!1514!t2!d_56!1565!t2!u_57!1648!t2!d_58!1654!t2!u_59!1737!t2!d_60!1742!t2!u_61!1797!t2!d_62!1832!HIP!d!1855!t2!u_63!1917!t2!d_64!1921!c1!u!1966!t2!u_65!2003!t2!d_66!2009!t2!u_67!2092!t2!d_68!2098!i2!u!2151!t2!u_69!2181!t2!d_70!2187!t2!u_71!2270!t2!d_72!2278!t1!d_73!2311!t2!u_74!2315!c1!d!2335!t2!d_75!2366!t2!u_76!2447!t2!d_77!2454!t2!u_78!2535!t2!d_79!2541!i2!d!2546!t2!u_80!2611!t2!d_81!2622!t1!u_82!2642!t2!u_83!2876!t2!d_84!2897!t1!d_85!2971!t2!u_86!2974!t2!d_87!2984!t2!u_88!3020!t2!d_89!3073!t2!u_90!3156!t2!d_91!3162!t2!u_92!3244!t2!d_93!3251!t1!u_94!3274!t2!u_95!3333!t2!d_96!3339!t2!u_97!3422!t2!d_98!3429!t2!u_99!3464!t2!d_100!3517!c3!u!3563!t1!d_101!3590!t2!u_102!3594!t2!d_103!3605!t2!u_104!3688!t2!d_105!3694!i1!u!3754!t2!u_106!3776!t2!d_107!3782!t1!u_108!3860!t2!u_109!3864!t2!d_110!3871!t2!u_111!3953!t2!d_112!3959!c3!d!3973!t2!u_113!4020!t2!d_114!4047!t2!u_115!4130!t2!d_116!4135!i1!d!4149!t1!d_117!4169!t2!u_118!4173!t2!d_119!4401!t2!u_120!4464!t2!d_121!4489!t2!u_122!4572!t2!d_123!4578!t2!u_124!4661!t2!d_125!4667!t2!u_126!4750!t2!d_127!4756!t2!u_128!4797!t2!d_129!4845!t2!u_130!4927!t2!d_131!4933!t2!u_132!5016!t2!d_133!5022!t2!u_134!5105!t2!d_135!5111!c1!u!5160!t2!u_136!5193!t2!d_137!5200!t2!u_138!5282!t2!d_139!5288!t2!u_140!5353!i3!u!5365!t2!d_141!5377!t1!u_0!5435!t2!u_1!5452!t2!d_2!5465!t2!u_3!5547!t2!d_4!5553!c1!d!5571!t2!u_5!5636!t2!d_6!5643!t2!u_7!5686!t2!d_8!5730!i3!d!5760!r!1881!5779!t2!u_9!5797!t1!d_10!5801!t2!d_11!5810!t2!u_12!6078!t2!d_13!6084!t1!u_14!6092!t2!u_15!6130!t2!d_16!6173!t2!u_17!6255!t2!d_18!6261!t2!u_19!6296!t2!d_20!6350!map!u!6373!t2!u_21!6432!t2!d_22!6438!t1!d_23!6449!t2!u_24!6521!t2!d_25!6527!t2!u_26!6611!t2!d_27!6617!t2!u_28!6686!t2!d_29!6704!t1!u_30!6736!t2!u_31!6786!c3!u!6790!t2!d_32!6793!map!d!6818!t2!u_33!6875!t2!d_34!6881!t2!u_35!6963!t2!d_36!6972!i4!u!6977!t2!u_37!7019!t2!d_38!7057!t1!d_39!7076!t2!u_40!7130!t2!d_41!7145!c3!d!7156!t2!u_42!7229!t2!d_43!7233!t2!u_44!7315!t2!d_45!7322!HIP!u!7352!i4!d!7369!t1!u_46!7380!t2!u_47!7384!t2!d_48!7587!t2!u_49!7669!t2!d_50!7675!t2!u_51!7725!t2!d_52!7764!t2!u_53!7827!t2!d_54!7853!t2!u_55!7935!t2!d_56!7941!t2!u_57!8024!t2!d_58!8030!t2!u_59!8113!t2!d_60!8119!t2!u_61!8202!t2!d_62!8208!HIP!d!8244!t2!u_63!8292!t2!d_64!8296!c1!u!8344!t2!u_65!8379!t2!d_66!8387!t2!u_67!8463!t2!d_68!8474!i2!u!8526!t2!u_69!8556!t2!d_70!8562!t2!u_71!8645!t2!d_72!8651!t1!d_73!8684!t2!u_74!8688!c1!d!8709!t2!d_75!8739!t2!u_76!8797!t2!d_77!8829!t2!u_78!8911!t2!d_79!8916!i2!d!8920!t2!u_80!8990!t2!d_81!8996!t1!u_82!9013!t2!u_83!9263!t2!d_84!9270!t1!d_85!9340!t2!u_86!9343!t2!d_87!9357!t2!u_88!9392!t2!d_89!9445!t2!u_90!9521!t2!d_91!9534!t2!u_92!9610!t2!d_93!9622!t1!u_94!9641!t2!u_95!9705!t2!d_96!9711!t2!u_97!9793!t2!d_98!9799!t2!u_99!9861!t2!d_100!9887!c3!u!9936!t2!u_101!9940!t1!d_102!9960!t2!d_103!9976!t2!u_104!10058!t2!d_105!10064!i1!u!10124!t2!u_106!10130!t2!d_107!10152!t2!u_108!10234!t1!u_109!10238!t2!d_110!10242!t2!u_111!10322!t2!d_112!10328!c3!d!10343!t2!u_113!10391!t2!d_114!10416!t2!u_115!10463!t2!d_116!10504!i1!d!10519!t1!d_117!10548!t2!u_118!10552!t2!d_119!10769!t2!u_120!10851!t2!d_121!10857!t2!u_122!10939!t2!d_123!10946!t2!u_124!11028!t2!d_125!11034!t2!u_126!11116!t2!d_127!11122!t2!u_128!11193!t2!d_129!11211!t2!u_130!11277!t2!d_131!11300!t2!u_132!11382!t2!d_133!11388!t2!u_134!11463!t2!d_135!11476!c1!u!11527!t2!u_136!11559!t2!d_137!11565!t2!u_138!11647!t2!d_139!11653!t2!u_140!11725!
Thu Jul 16 08:01:12 EDT 2015<EOT>: Sending [0, 1, 71, 58, -70, 59, -66]
Thu Jul 16 08:01:12 EDT 2015<EOT>: Waiting for 2 byte(s): text header
Thu Jul 16 08:01:12 EDT 2015<EOT>: Waiting for 334 byte(s): text body
Thu Jul 16 08:01:12 EDT 2015<EOT>: time,136.214,rpm,1900,ENGINE_LOAD,20.95,MAP,20.95,afr,10.00,vss,0.00,ks,0.00,kv,2.70,vbatt,13.03,TP,0.00,CLT,23.18,MAT,19.89,ckp_c,84507,fuel_base,2.58,fuel_lag,1.00,fuel,3.87,timing,21.36,duty0,NaN,dwell0,0.00,total_dwell0,0.00,period0,0.00,advance0,682.000,duty1,NaN,dwell1,0.00,total_dwell1,0.00,period1,0.00,advance1,682.000,
Thu Jul 16 08:01:12 EDT 2015<EOT>: Sending [0, 1, 71, 58, -70, 59, -66]
Thu Jul 16 08:01:12 EDT 2015<EOT>: Waiting for 2 byte(s): text header
Thu Jul 16 08:01:12 EDT 2015<EOT>: Waiting for 5 byte(s): text body
Thu Jul 16 08:01:12 EDT 2015<EOT>: Sending [0, 1, 71, 58, -70, 59, -66]
Thu Jul 16 08:01:12 EDT 2015<EOT>: Waiting for 2 byte(s): text header
Thu Jul 16 08:01:12 EDT 2015<EOT>: Waiting for 334 byte(s): text body
Thu Jul 16 08:01:12 EDT 2015<EOT>: time,136.414,rpm,1897,ENGINE_LOAD,21.15,MAP,21.15,afr,10.00,vss,0.00,ks,0.00,kv,2.57,vbatt,13.01,TP,0.00,CLT,23.05,MAT,20.44,ckp_c,84961,fuel_base,2.59,fuel_lag,1.00,fuel,3.89,timing,21.36,duty0,NaN,dwell0,0.00,total_dwell0,0.00,period0,0.00,advance0,682.000,duty1,NaN,dwell1,0.00,total_dwell1,0.00,period1,0.00,advance1,682.000,
Thu Jul 16 08:01:12 EDT 2015<EOT>: Sending [0, 1, 71, 58, -70, 59, -66]
Thu Jul 16 08:01:12 EDT 2015<EOT>: Waiting for 2 byte(s): text header
Thu Jul 16 08:01:12 EDT 2015<EOT>: Waiting for 5 byte(s): text body
Thu Jul 16 08:01:12 EDT 2015<EOT>: Sending [0, 1, 71, 58, -70, 59, -66]
Thu Jul 16 08:01:12 EDT 2015<EOT>: Waiting for 2 byte(s): text header
Thu Jul 16 08:01:12 EDT 2015<EOT>: Waiting for 2440 byte(s): text body
Thu Jul 16 08:01:12 EDT 2015<EOT>: analog_chart,0.00|0.00|1.64|3001.00|2.28|2002.00|11.49|3003.00|12.27|2004.00|21.49|3005.00|22.29|2006.00|27.90|3007.00|32.13|2008.00|39.18|9.00|39.81|3010.00|41.14|2011.00|65.94|3012.00|72.13|2013.00|72.79|1014.00|80.16|3015.00|82.06|2016.00|90.98|3017.00|92.07|2018.00|101.37|3019.00|102.05|2020.00|111.36|3021.00|112.04|2022.00|113.28|23.00|120.77|3024.00|122.04|2025.00|129.00|3026.00|132.07|2027.00|141.36|3028.00|142.03|2029.00|145.40|1030.00|151.32|3031.00|152.04|2032.00|161.30|3033.00|162.01|2034.00|167.03|3035.00|171.92|2036.00|180.05|3037.00|181.91|2038.00|183.56|39.00|191.18|3040.00|192.03|2041.00|201.13|3042.00|201.89|2043.00|211.10|3044.00|211.77|2045.00|218.24|1046.00|218.89|3047.00|241.77|2048.00|251.00|3049.00|251.68|2050.00|256.13|3051.00|261.68|2052.00|270.99|3053.00|271.70|2054.00|281.02|3055.00|281.73|2056.00|291.10|3057.00|291.75|2058.00|301.05|3059.00|301.80|2060.00|310.95|3061.00|311.92|2062.00|319.19|3063.00|321.75|2064.00|331.07|3065.00|331.78|2066.00|341.07|3067.00|341.78|2068.00|351.07|3069.00|351.73|2070.00|357.23|3071.00|361.70|2072.00|365.73|73.00|366.37|3074.00|371.69|2075.00|380.98|3076.00|381.68|2077.00|390.92|3078.00|391.59|2079.00|399.92|3080.00|400.63|2081.00|402.68|1082.00|425.06|3083.00|431.51|2084.00|439.87|85.00|440.52|3086.00|441.38|2087.00|446.46|3088.00|451.35|2089.00|460.63|3090.00|461.31|2091.00|470.59|3092.00|471.30|2093.00|473.72|1094.00|480.56|3095.00|481.23|2096.00|490.53|3097.00|491.24|2098.00|500.49|3099.00|501.43|2100.00|505.47|3101.00|509.63|102.00|511.13|2103.00|520.40|3104.00|521.08|2105.00|530.34|3106.00|531.02|2107.00|540.41|1108.00|541.06|2109.00|541.70|3110.00|550.19|3111.00|551.04|2112.00|560.10|3113.00|561.19|2114.00|570.03|3115.00|570.74|2116.00|575.52|117.00|576.17|3118.00|600.52|2119.00|609.80|3120.00|610.48|2121.00|615.24|3122.00|620.43|2123.00|629.73|3124.00|630.67|2125.00|636.49|3126.00|640.42|2127.00|649.70|3128.00|650.42|2129.00|659.87|3130.00|660.53|2131.00|669.66|3132.00|670.34|2133.00|674.70|3134.00|680.34|2135.00|689.62|3136.00|690.34|2137.00|699.56|3138.00|700.25|2139.00|709.54|3140.00|710.76|2141.00|,time,136.615,rpm,1908,ENGINE_LOAD,20.97,MAP,20.97,afr,10.00,vss,0.00,ks,0.00,kv,2.65,vbatt,13.15,TP,0.00,CLT,23.29,MAT,20.31,ckp_c,85412,fuel_base,2.58,fuel_lag,1.00,fuel,3.87,timing,21.36,duty0,NaN,dwell0,0.00,total_dwell0,0.00,period0,0.00,advance0,682.000,duty1,NaN,dwell1,0.00,total_dwell1,0.00,period1,0.00,advance1,682.000,
Thu Jul 16 08:01:12 EDT 2015<EOT>: Analog chart from 0.0 to 710.76
Thu Jul 16 08:01:12 EDT 2015<EOT>: Sending [0, 1, 71, 58, -70, 59, -66]
Thu Jul 16 08:01:12 EDT 2015<EOT>: Waiting for 2 byte(s): text header
Thu Jul 16 08:01:12 EDT 2015<EOT>: Waiting for 5 byte(s): text body
Thu Jul 16 08:01:13 EDT 2015<EOT>: Sending [0, 1, 71, 58, -70, 59, -66]
Thu Jul 16 08:01:13 EDT 2015<EOT>: Waiting for 2 byte(s): text header
Thu Jul 16 08:01:13 EDT 2015<EOT>: Waiting for 334 byte(s): text body
Thu Jul 16 08:01:13 EDT 2015<EOT>: time,136.817,rpm,1914,ENGINE_LOAD,20.72,MAP,20.72,afr,10.00,vss,0.00,ks,0.00,kv,2.65,vbatt,13.18,TP,0.00,CLT,23.31,MAT,20.00,ckp_c,85868,fuel_base,2.56,fuel_lag,1.00,fuel,3.85,timing,21.33,duty0,NaN,dwell0,0.00,total_dwell0,0.00,period0,0.00,advance0,682.000,duty1,NaN,dwell1,0.00,total_dwell1,0.00,period1,0.00,advance1,682.000,
Thu Jul 16 08:01:13 EDT 2015<EOT>: Sending [0, 1, 71, 58, -70, 59, -66]
Thu Jul 16 08:01:13 EDT 2015<EOT>: Waiting for 2 byte(s): text header
Thu Jul 16 08:01:13 EDT 2015<EOT>: Waiting for 5 byte(s): text body
Thu Jul 16 08:01:13 EDT 2015<EOT>: Sending [0, 1, 71, 58, -70, 59, -66]
Thu Jul 16 08:01:13 EDT 2015<EOT>: Waiting for 2 byte(s): text header
Thu Jul 16 08:01:13 EDT 2015<EOT>: Waiting for 334 byte(s): text body
Thu Jul 16 08:01:13 EDT 2015<EOT>: time,137.018,rpm,1912,ENGINE_LOAD,20.55,MAP,20.55,afr,10.00,vss,0.00,ks,0.00,kv,2.68,vbatt,13.33,TP,0.00,CLT,23.26,MAT,20.02,ckp_c,86324,fuel_base,2.54,fuel_lag,1.00,fuel,3.83,timing,21.33,duty0,NaN,dwell0,0.00,total_dwell0,0.00,period0,0.00,advance0,682.000,duty1,NaN,dwell1,0.00,total_dwell1,0.00,period1,0.00,advance1,682.000,
Thu Jul 16 08:01:13 EDT 2015<EOT>: Sending [0, 1, 71, 58, -70, 59, -66]
Thu Jul 16 08:01:13 EDT 2015<EOT>: Waiting for 2 byte(s): text header
Thu Jul 16 08:01:13 EDT 2015<EOT>: Waiting for 3856 byte(s): text body
Thu Jul 16 08:01:13 EDT 2015<EOT>: wave_chart,c1!u!0!t2!u_136!39!t2!d_137!45!t2!u_138!127!t2!d_139!134!t2!u_140!214!t2!d_141!223!i3!u!230!t1!u_0!285!t2!u_1!302!t2!d_2!307!t2!u_3!373!t2!d_4!395!c1!d!398!t2!u_5!468!t2!d_6!483!t2!u_7!564!t2!d_8!570!i3!d!617!r!1900!623!t1!d_9!636!t2!u_10!640!t2!d_11!650!t2!u_12!914!t2!d_13!920!t1!u_14!930!t2!u_15!1001!t2!d_16!1007!t2!u_17!1041!t2!d_18!1095!t2!u_19!1177!t2!d_20!1183!map!u!1213!t2!u_21!1265!t2!d_22!1271!t1!d_23!1286!t2!u_24!1335!t2!d_25!1359!t2!u_26!1441!t2!d_27!1447!t2!u_28!1516!t2!d_29!1534!t1!u_30!1570!t2!u_31!1577!t2!d_32!1622!c3!u!1626!map!d!1653!t2!u_33!1704!t2!d_34!1710!t2!u_35!1791!t2!d_36!1801!i4!u!1808!t2!u_37!1879!t2!d_38!1885!t1!d_39!1904!t2!u_40!1966!t2!d_41!1972!c3!d!1992!t2!u_42!2040!t2!d_43!2060!t2!u_44!2141!t2!d_45!2147!HIP!u!2173!i4!d!2195!t1!u_46!2207!t2!u_47!2211!t2!d_48!2410!t2!u_49!2467!t2!d_50!2498!t2!u_51!2580!t2!d_52!2585!t2!u_53!2668!t2!d_54!2673!t2!u_55!2756!t2!d_56!2762!t2!u_57!2801!t2!d_58!2850!t2!u_59!2932!t2!d_60!2938!t2!u_61!3020!t2!d_62!3026!HIP!d!3051!t2!u_63!3108!t2!d_64!3114!c1!u!3156!t2!u_65!3197!t2!d_66!3203!t2!u_67!3284!t2!d_68!3290!i2!u!3346!t2!u_69!3372!t2!d_70!3378!t2!u_71!3460!t2!d_72!3467!t1!d_73!3500!t2!u_74!3504!c1!d!3525!t2!d_75!3554!t2!u_76!3636!t2!d_77!3644!t2!u_78!3706!t2!d_79!3729!i2!d!3734!t2!u_80!3801!t2!d_81!3808!t1!u_82!3829!t2!u_83!4039!t2!d_84!4081!t1!d_85!4152!t2!u_86!4156!t2!d_87!4168!t2!u_88!4205!t2!d_89!4256!t2!u_90!4338!t2!d_91!4344!t2!u_92!4426!t2!d_93!4432!t1!u_94!4455!t2!u_95!4514!t2!d_96!4520!t2!u_97!4602!t2!d_98!4608!t2!u_99!4690!t2!d_100!4696!c3!u!4738!t1!d_101!4769!t2!u_102!4773!t2!d_103!4783!t2!u_104!4865!t2!d_105!4871!i1!u!4935!t2!u_106!4953!t2!d_107!4959!t1!u_108!5037!t2!u_109!5041!t2!d_110!5047!t2!u_111!5128!t2!d_112!5136!c3!d!5149!t2!u_113!5216!t2!d_114!5222!t2!u_115!5281!t2!d_116!5309!i1!d!5322!t1!d_117!5342!t2!u_118!5373!t2!d_119!5573!t2!u_120!5614!t2!d_121!5661!t2!u_122!5707!t2!d_123!5749!t2!u_124!5801!t2!d_125!5837!t2!u_126!5902!t2!d_127!5925!t2!u_128!6007!t2!d_129!6013!t2!u_130!6095!t2!d_131!6101!t2!u_132!6179!t2!d_133!6189!t2!u_134!6272!t2!d_135!6278!c1!u!6322!t2!u_136!6360!t2!d_137!6366!t2!u_138!6448!t2!d_139!6454!t2!u_140!6517!i3!u!6533!t2!d_141!6542!t1!u_0!6599!t2!u_1!6615!t2!d_2!6631!t2!u_3!6706!t2!d_4!6717!c1!d!6730!t2!u_5!6800!t2!d_6!6806!t2!u_7!6887!t2!d_8!6893!i3!d!6920!r!1900!6938!t1!d_9!6960!t2!u_10!6964!t2!d_11!6972!t2!u_12!7238!t2!d_13!7245!t1!u_14!7251!t2!u_15!7326!t2!d_16!7332!t2!u_17!7373!t2!d_18!7420!t2!u_19!7502!t2!d_20!7508!map!u!7528!t2!u_21!7590!t2!d_22!7596!t1!d_23!7606!t2!u_24!7664!t2!d_25!7684!t2!u_26!7766!t2!d_27!7772!t2!u_28!7837!t2!d_29!7860!t1!u_30!7893!t2!u_31!7899!c3!u!7938!t2!d_32!7948!map!d!7967!t2!u_33!8030!t2!d_34!8037!t2!u_35!8118!t2!d_36!8126!i4!u!8134!t2!u_37!8205!t2!d_38!8212!t1!d_39!8230!t2!u_40!8293!t2!d_41!8300!c3!d!8319!t2!u_42!8364!t2!d_43!8387!t2!u_44!8467!t2!d_45!8474!HIP!u!8487!i4!d!8522!t1!u_46!8533!t2!u_47!8537!t2!d_48!8738!t2!u_49!8800!t2!d_50!8826!t2!u_51!8908!t2!d_52!8914!t2!u_53!8996!t2!d_54!9002!t2!u_55!9084!t2!d_56!9090!t2!u_57!9133!t2!d_58!9178!t2!u_59!9261!t2!d_60!9267!t2!u_61!9349!t2!d_62!9357!HIP!d!9366!t2!u_63!9438!t2!d_64!9444!c1!u!9485!t2!u_65!9526!t2!d_66!9532!t2!u_67!9614!t2!d_68!9620!i2!u!9675!t2!u_69!9698!t2!d_70!9708!t2!u_71!9790!t2!d_72!9796!t1!d_73!9829!t2!u_74!9833!c1!d!9853!t2!d_75!9884!t2!u_76!9947!t2!d_77!9972!t2!u_78!10031!t2!d_79!10059!i2!d!10063!t2!u_80!10133!t2!d_81!10139!t1!u_82!10156!t2!u_83!10364!t2!d_84!10411!t2!u_85!10467!t1!d_86!10480!t2!d_87!10498!t2!u_88!10552!t2!d_89!10586!t2!u_90!10668!t2!d_91!10674!t2!u_92!10746!t2!d_93!10762!t1!u_94!10782!t2!u_95!10800!t2!d_96!10850!t2!u_97!10920!t2!d_98!10938!t2!u_99!11020!t2!d_100!11026!c3!u!11069!t1!d_101!11099!t2!u_102!11103!t2!d_103!11113!t2!u_104!11195!t2!d_105!11201!i1!u!11265!t2!u_106!11283!t2!d_107!11289!t2!u_108!11364!t1!u_109!11373!t2!d_110!11377!t2!u_111!11458!,
Thu Jul 16 08:01:13 EDT 2015<EOT>: : c1!u!0!t2!u_136!39!t2!d_137!45!t2!u_138!127!t2!d_139!134!t2!u_140!214!t2!d_141!223!i3!u!230!t1!u_0!285!t2!u_1!302!t2!d_2!307!t2!u_3!373!t2!d_4!395!c1!d!398!t2!u_5!468!t2!d_6!483!t2!u_7!564!t2!d_8!570!i3!d!617!r!1900!623!t1!d_9!636!t2!u_10!640!t2!d_11!650!t2!u_12!914!t2!d_13!920!t1!u_14!930!t2!u_15!1001!t2!d_16!1007!t2!u_17!1041!t2!d_18!1095!t2!u_19!1177!t2!d_20!1183!map!u!1213!t2!u_21!1265!t2!d_22!1271!t1!d_23!1286!t2!u_24!1335!t2!d_25!1359!t2!u_26!1441!t2!d_27!1447!t2!u_28!1516!t2!d_29!1534!t1!u_30!1570!t2!u_31!1577!t2!d_32!1622!c3!u!1626!map!d!1653!t2!u_33!1704!t2!d_34!1710!t2!u_35!1791!t2!d_36!1801!i4!u!1808!t2!u_37!1879!t2!d_38!1885!t1!d_39!1904!t2!u_40!1966!t2!d_41!1972!c3!d!1992!t2!u_42!2040!t2!d_43!2060!t2!u_44!2141!t2!d_45!2147!HIP!u!2173!i4!d!2195!t1!u_46!2207!t2!u_47!2211!t2!d_48!2410!t2!u_49!2467!t2!d_50!2498!t2!u_51!2580!t2!d_52!2585!t2!u_53!2668!t2!d_54!2673!t2!u_55!2756!t2!d_56!2762!t2!u_57!2801!t2!d_58!2850!t2!u_59!2932!t2!d_60!2938!t2!u_61!3020!t2!d_62!3026!HIP!d!3051!t2!u_63!3108!t2!d_64!3114!c1!u!3156!t2!u_65!3197!t2!d_66!3203!t2!u_67!3284!t2!d_68!3290!i2!u!3346!t2!u_69!3372!t2!d_70!3378!t2!u_71!3460!t2!d_72!3467!t1!d_73!3500!t2!u_74!3504!c1!d!3525!t2!d_75!3554!t2!u_76!3636!t2!d_77!3644!t2!u_78!3706!t2!d_79!3729!i2!d!3734!t2!u_80!3801!t2!d_81!3808!t1!u_82!3829!t2!u_83!4039!t2!d_84!4081!t1!d_85!4152!t2!u_86!4156!t2!d_87!4168!t2!u_88!4205!t2!d_89!4256!t2!u_90!4338!t2!d_91!4344!t2!u_92!4426!t2!d_93!4432!t1!u_94!4455!t2!u_95!4514!t2!d_96!4520!t2!u_97!4602!t2!d_98!4608!t2!u_99!4690!t2!d_100!4696!c3!u!4738!t1!d_101!4769!t2!u_102!4773!t2!d_103!4783!t2!u_104!4865!t2!d_105!4871!i1!u!4935!t2!u_106!4953!t2!d_107!4959!t1!u_108!5037!t2!u_109!5041!t2!d_110!5047!t2!u_111!5128!t2!d_112!5136!c3!d!5149!t2!u_113!5216!t2!d_114!5222!t2!u_115!5281!t2!d_116!5309!i1!d!5322!t1!d_117!5342!t2!u_118!5373!t2!d_119!5573!t2!u_120!5614!t2!d_121!5661!t2!u_122!5707!t2!d_123!5749!t2!u_124!5801!t2!d_125!5837!t2!u_126!5902!t2!d_127!5925!t2!u_128!6007!t2!d_129!6013!t2!u_130!6095!t2!d_131!6101!t2!u_132!6179!t2!d_133!6189!t2!u_134!6272!t2!d_135!6278!c1!u!6322!t2!u_136!6360!t2!d_137!6366!t2!u_138!6448!t2!d_139!6454!t2!u_140!6517!i3!u!6533!t2!d_141!6542!t1!u_0!6599!t2!u_1!6615!t2!d_2!6631!t2!u_3!6706!t2!d_4!6717!c1!d!6730!t2!u_5!6800!t2!d_6!6806!t2!u_7!6887!t2!d_8!6893!i3!d!6920!r!1900!6938!t1!d_9!6960!t2!u_10!6964!t2!d_11!6972!t2!u_12!7238!t2!d_13!7245!t1!u_14!7251!t2!u_15!7326!t2!d_16!7332!t2!u_17!7373!t2!d_18!7420!t2!u_19!7502!t2!d_20!7508!map!u!7528!t2!u_21!7590!t2!d_22!7596!t1!d_23!7606!t2!u_24!7664!t2!d_25!7684!t2!u_26!7766!t2!d_27!7772!t2!u_28!7837!t2!d_29!7860!t1!u_30!7893!t2!u_31!7899!c3!u!7938!t2!d_32!7948!map!d!7967!t2!u_33!8030!t2!d_34!8037!t2!u_35!8118!t2!d_36!8126!i4!u!8134!t2!u_37!8205!t2!d_38!8212!t1!d_39!8230!t2!u_40!8293!t2!d_41!8300!c3!d!8319!t2!u_42!8364!t2!d_43!8387!t2!u_44!8467!t2!d_45!8474!HIP!u!8487!i4!d!8522!t1!u_46!8533!t2!u_47!8537!t2!d_48!8738!t2!u_49!8800!t2!d_50!8826!t2!u_51!8908!t2!d_52!8914!t2!u_53!8996!t2!d_54!9002!t2!u_55!9084!t2!d_56!9090!t2!u_57!9133!t2!d_58!9178!t2!u_59!9261!t2!d_60!9267!t2!u_61!9349!t2!d_62!9357!HIP!d!9366!t2!u_63!9438!t2!d_64!9444!c1!u!9485!t2!u_65!9526!t2!d_66!9532!t2!u_67!9614!t2!d_68!9620!i2!u!9675!t2!u_69!9698!t2!d_70!9708!t2!u_71!9790!t2!d_72!9796!t1!d_73!9829!t2!u_74!9833!c1!d!9853!t2!d_75!9884!t2!u_76!9947!t2!d_77!9972!t2!u_78!10031!t2!d_79!10059!i2!d!10063!t2!u_80!10133!t2!d_81!10139!t1!u_82!10156!t2!u_83!10364!t2!d_84!10411!t2!u_85!10467!t1!d_86!10480!t2!d_87!10498!t2!u_88!10552!t2!d_89!10586!t2!u_90!10668!t2!d_91!10674!t2!u_92!10746!t2!d_93!10762!t1!u_94!10782!t2!u_95!10800!t2!d_96!10850!t2!u_97!10920!t2!d_98!10938!t2!u_99!11020!t2!d_100!11026!c3!u!11069!t1!d_101!11099!t2!u_102!11103!t2!d_103!11113!t2!u_104!11195!t2!d_105!11201!i1!u!11265!t2!u_106!11283!t2!d_107!11289!t2!u_108!11364!t1!u_109!11373!t2!d_110!11377!t2!u_111!11458!
Thu Jul 16 08:01:13 EDT 2015<EOT>: Sending [0, 1, 71, 58, -70, 59, -66]
Thu Jul 16 08:01:13 EDT 2015<EOT>: Waiting for 2 byte(s): text header
Thu Jul 16 08:01:13 EDT 2015<EOT>: Waiting for 334 byte(s): text body
Thu Jul 16 08:01:13 EDT 2015<EOT>: time,137.218,rpm,1893,ENGINE_LOAD,20.75,MAP,20.75,afr,10.00,vss,0.00,ks,0.00,kv,2.71,vbatt,12.80,TP,0.00,CLT,23.42,MAT,21.70,ckp_c,86772,fuel_base,2.55,fuel_lag,1.00,fuel,3.84,timing,21.27,duty0,NaN,dwell0,0.00,total_dwell0,0.00,period0,0.00,advance0,682.000,duty1,NaN,dwell1,0.00,total_dwell1,0.00,period1,0.00,advance1,682.000,
Thu Jul 16 08:01:13 EDT 2015<EOT>: Sending [0, 1, 71, 58, -70, 59, -66]
Thu Jul 16 08:01:13 EDT 2015<EOT>: Waiting for 2 byte(s): text header
Thu Jul 16 08:01:13 EDT 2015<EOT>: Waiting for 5 byte(s): text body
Thu Jul 16 08:01:13 EDT 2015<EOT>: Sending [0, 1, 71, 58, -70, 59, -66]
Thu Jul 16 08:01:13 EDT 2015<EOT>: Waiting for 2 byte(s): text header
Thu Jul 16 08:01:13 EDT 2015<EOT>: Waiting for 334 byte(s): text body
Thu Jul 16 08:01:13 EDT 2015<EOT>: time,137.419,rpm,1866,ENGINE_LOAD,21.48,MAP,21.48,afr,10.00,vss,0.00,ks,0.00,kv,2.61,vbatt,13.19,TP,0.00,CLT,23.42,MAT,19.74,ckp_c,87221,fuel_base,2.61,fuel_lag,1.00,fuel,3.90,timing,21.31,duty0,NaN,dwell0,0.00,total_dwell0,0.00,period0,0.00,advance0,682.000,duty1,NaN,dwell1,0.00,total_dwell1,0.00,period1,0.00,advance1,682.000,
Thu Jul 16 08:01:13 EDT 2015<EOT>: Sending [0, 1, 71, 58, -70, 59, -66]
Thu Jul 16 08:01:13 EDT 2015<EOT>: Waiting for 2 byte(s): text header
Thu Jul 16 08:01:13 EDT 2015<EOT>: Waiting for 5 byte(s): text body
Thu Jul 16 08:01:13 EDT 2015<EOT>: Sending [0, 1, 71, 58, -70, 59, -66]
Thu Jul 16 08:01:13 EDT 2015<EOT>: Waiting for 2 byte(s): text header
Thu Jul 16 08:01:13 EDT 2015<EOT>: Waiting for 334 byte(s): text body
Thu Jul 16 08:01:13 EDT 2015<EOT>: time,137.621,rpm,1878,ENGINE_LOAD,21.43,MAP,21.43,afr,10.01,vss,0.00,ks,0.00,kv,2.70,vbatt,12.80,TP,0.00,CLT,23.42,MAT,21.31,ckp_c,87664,fuel_base,2.61,fuel_lag,1.00,fuel,3.90,timing,21.32,duty0,NaN,dwell0,0.00,total_dwell0,0.00,period0,0.00,advance0,682.000,duty1,NaN,dwell1,0.00,total_dwell1,0.00,period1,0.00,advance1,682.000,
Thu Jul 16 08:01:13 EDT 2015<EOT>: Sending [0, 1, 71, 58, -70, 59, -66]
Thu Jul 16 08:01:13 EDT 2015<EOT>: Waiting for 2 byte(s): text header
Thu Jul 16 08:01:13 EDT 2015<EOT>: Waiting for 5 byte(s): text body
Thu Jul 16 08:01:14 EDT 2015<EOT>: Sending [0, 1, 71, 58, -70, 59, -66]
Thu Jul 16 08:01:14 EDT 2015<EOT>: Waiting for 2 byte(s): text header
Thu Jul 16 08:01:14 EDT 2015<EOT>: Waiting for 2441 byte(s): text body
Thu Jul 16 08:01:14 EDT 2015<EOT>: time,137.822,rpm,1882,ENGINE_LOAD,21.34,MAP,21.34,afr,10.85,vss,0.00,ks,0.00,kv,2.60,vbatt,13.10,TP,0.00,CLT,23.44,MAT,19.63,ckp_c,88114,fuel_base,2.60,fuel_lag,1.00,fuel,3.90,timing,21.31,duty0,NaN,dwell0,0.00,total_dwell0,0.00,period0,0.00,advance0,682.000,duty1,NaN,dwell1,0.00,total_dwell1,0.00,period1,0.00,advance1,682.000,analog_chart,0.00|0.00|1.63|3001.00|2.26|2002.00|11.42|3003.00|12.39|2004.00|21.39|3005.00|22.19|2006.00|31.32|3007.00|32.00|2008.00|40.33|3009.00|40.97|10.00|41.59|2011.00|65.35|3012.00|71.94|2013.00|73.49|1014.00|81.01|3015.00|81.88|2016.00|91.16|3017.00|91.83|2018.00|101.14|3019.00|101.81|2020.00|111.13|3021.00|111.83|2022.00|113.53|23.00|118.64|3024.00|121.77|2025.00|131.10|3026.00|131.76|2027.00|141.06|3028.00|142.02|2029.00|146.12|1030.00|146.92|3031.00|151.70|2032.00|156.27|3033.00|161.64|2034.00|170.95|3035.00|172.17|2036.00|180.87|3037.00|181.52|2038.00|184.26|39.00|190.80|3040.00|191.77|2041.00|200.73|3042.00|201.44|2043.00|207.39|3044.00|211.34|2045.00|218.56|1046.00|219.22|3047.00|241.18|2048.00|250.52|3049.00|251.23|2050.00|260.52|3051.00|261.18|2052.00|269.17|3053.00|271.20|2054.00|280.53|3055.00|281.23|2056.00|290.53|3057.00|291.23|2058.00|299.09|3059.00|301.19|2060.00|306.81|3061.00|311.23|2062.00|320.11|3063.00|321.25|2064.00|330.56|3065.00|331.49|2066.00|340.54|3067.00|341.21|2068.00|350.51|3069.00|351.18|2070.00|357.74|3071.00|361.16|2072.00|365.76|73.00|366.40|3074.00|371.13|2075.00|380.43|3076.00|381.08|2077.00|390.36|3078.00|391.02|2079.00|395.36|3080.00|400.18|2081.00|402.59|1082.00|430.22|3083.00|430.97|2084.00|439.62|85.00|440.25|3086.00|440.89|2087.00|449.63|3088.00|450.82|2089.00|459.49|3090.00|460.80|2091.00|470.12|3092.00|470.77|2093.00|474.14|1094.00|480.10|3095.00|480.81|2096.00|487.28|3097.00|490.78|2098.00|497.12|3099.00|500.74|2100.00|508.29|3101.00|509.70|102.00|510.70|2103.00|519.99|3104.00|520.65|2105.00|529.94|3106.00|530.65|2107.00|534.77|3108.00|539.96|1109.00|540.62|2110.00|549.82|3111.00|550.66|2112.00|559.76|3113.00|560.46|2114.00|569.71|3115.00|570.37|2116.00|574.66|117.00|575.30|3118.00|600.28|2119.00|609.55|3120.00|610.26|2121.00|619.53|3122.00|620.22|2123.00|629.53|3124.00|630.22|2125.00|639.55|3126.00|640.21|2127.00|647.68|3128.00|650.23|2129.00|659.55|3130.00|660.26|2131.00|669.78|3132.00|670.43|2133.00|679.56|3134.00|680.27|2135.00|685.31|3136.00|690.24|2137.00|696.48|3138.00|700.23|2139.00|709.50|3140.00|710.84|2141.00|,
Thu Jul 16 08:01:14 EDT 2015<EOT>: Analog chart from 0.0 to 710.84
Thu Jul 16 08:01:14 EDT 2015<EOT>: Sending [0, 1, 71, 58, -70, 59, -66]
Thu Jul 16 08:01:14 EDT 2015<EOT>: Waiting for 2 byte(s): text header
Thu Jul 16 08:01:14 EDT 2015<EOT>: Waiting for 5 byte(s): text body
Thu Jul 16 08:01:14 EDT 2015<EOT>: Sending [0, 1, 71, 58, -70, 59, -66]
Thu Jul 16 08:01:14 EDT 2015<EOT>: Waiting for 2 byte(s): text header
Thu Jul 16 08:01:14 EDT 2015<EOT>: Waiting for 334 byte(s): text body
Thu Jul 16 08:01:14 EDT 2015<EOT>: time,138.022,rpm,1882,ENGINE_LOAD,21.25,MAP,21.25,afr,10.19,vss,0.00,ks,0.00,kv,2.57,vbatt,13.14,TP,0.00,CLT,23.55,MAT,20.21,ckp_c,88560,fuel_base,2.59,fuel_lag,1.00,fuel,3.88,timing,21.29,duty0,NaN,dwell0,0.00,total_dwell0,0.00,period0,0.00,advance0,682.000,duty1,NaN,dwell1,0.00,total_dwell1,0.00,period1,0.00,advance1,682.000,
Thu Jul 16 08:01:14 EDT 2015<EOT>: Sending [0, 1, 71, 58, -70, 59, -66]
Thu Jul 16 08:01:14 EDT 2015<EOT>: Waiting for 2 byte(s): text header
Thu Jul 16 08:01:14 EDT 2015<EOT>: Waiting for 3869 byte(s): text body
Thu Jul 16 08:01:14 EDT 2015<EOT>: wave_chart,t2!u_120!0!t2!d_121!5!t2!u_122!56!t2!d_123!94!t2!u_124!176!t2!d_125!182!t2!u_126!264!t2!d_127!270!t2!u_128!352!t2!d_129!358!t2!u_130!440!t2!d_131!446!t2!u_132!528!t2!d_133!536!t2!u_134!616!t2!d_135!623!c1!u!664!t2!u_136!705!t2!d_137!711!t2!u_138!793!t2!d_139!798!t2!u_140!881!t2!d_141!890!i3!u!898!t2!u_142!949!t1!u_0!952!t2!d_1!974!t2!u_2!1056!t2!d_3!1062!c1!d!1087!t2!u_4!1144!t2!d_5!1151!t2!u_6!1232!t2!d_7!1238!t2!u_8!1283!i3!d!1286!r!1894!1290!t1!d_9!1304!t2!d_10!1317!t2!u_11!1583!t2!d_12!1589!t1!u_13!1599!t2!u_14!1671!t2!d_15!1677!t2!u_16!1722!t2!d_17!1765!t2!u_18!1833!t2!d_19!1853!map!u!1894!t2!u_20!1935!t2!d_21!1943!t1!d_22!1958!t2!u_23!2023!t2!d_24!2029!t2!u_25!2112!t2!d_26!2117!t2!u_27!2168!t2!d_28!2206!t1!u_29!2239!t2!u_30!2243!c3!u!2287!t2!d_31!2294!map!d!2325!t2!u_32!2375!t2!d_33!2381!t2!u_34!2463!t2!d_35!2469!i4!u!2489!t2!u_36!2551!t2!d_37!2556!t1!d_38!2576!t2!u_39!2616!t2!d_40!2644!c3!d!2671!t2!u_41!2726!t2!d_42!2732!t2!u_43!2813!t2!d_44!2819!HIP!u!2836!i4!d!2873!t1!u_45!2879!t2!u_46!2883!t2!d_47!3083!t2!u_48!3164!t2!d_49!3171!t2!u_50!3254!t2!d_51!3259!t2!u_52!3342!t2!d_53!3347!t2!u_54!3389!t2!d_55!3436!t2!u_56!3519!t2!d_57!3525!t2!u_58!3609!t2!d_59!3613!t2!u_60!3696!t2!d_61!3702!HIP!d!3712!t2!u_62!3784!t2!d_63!3790!t2!u_64!3869!t2!d_65!3879!c1!u!3910!t2!u_66!3949!t2!d_67!3967!t2!u_68!4049!t2!d_69!4056!i2!u!4070!t2!u_70!4137!t2!d_71!4143!t1!d_72!4179!t2!u_73!4183!t2!d_74!4232!c1!d!4253!t2!u_75!4283!t2!d_76!4321!t2!u_77!4389!t2!d_78!4407!i2!d!4455!t2!u_79!4481!t2!d_80!4487!t1!u_81!4509!t2!u_82!4722!t2!d_83!4761!t1!d_84!4835!t2!u_85!4838!t2!d_86!4849!t2!u_87!4931!t2!d_88!4937!t2!u_89!5019!t2!d_90!5025!t2!u_91!5107!t2!d_92!5114!t1!u_93!5136!t2!u_94!5196!t2!d_95!5202!t2!u_96!5282!t2!d_97!5290!t2!u_98!5373!t2!d_99!5379!t1!d_100!5451!t2!u_101!5458!t2!d_102!5467!c3!u!5493!t2!u_103!5552!t2!d_104!5556!t2!u_105!5616!t2!d_106!5643!i1!u!5658!t1!u_107!5722!t2!u_108!5726!t2!d_109!5731!t2!u_110!5813!t2!d_111!5819!c3!d!5840!t2!u_112!5901!t2!d_113!5907!t2!u_114!5949!t2!d_115!5995!t1!d_116!6028!i1!d!6042!t2!u_117!6142!t2!d_118!6259!t2!u_119!6342!t2!d_120!6348!t2!u_121!6389!t2!d_122!6436!t2!u_123!6519!t2!d_124!6525!t2!u_125!6609!t2!d_126!6613!t2!u_127!6696!t2!d_128!6702!t2!u_129!6784!t2!d_130!6791!t2!u_131!6869!t2!d_132!6879!t2!u_133!6949!t2!d_134!6968!t2!u_135!7050!t2!d_136!7057!c1!u!7094!t2!u_137!7139!t2!d_138!7145!t2!u_139!7227!t2!d_140!7233!i3!u!7251!t2!u_141!7282!t1!u_0!7291!t2!d_1!7321!t2!u_2!7403!t2!d_3!7410!c1!d!7435!t2!u_4!7492!t2!d_5!7499!t2!u_6!7580!t2!d_7!7586!r!1893!7630!i3!d!7636!t1!d_8!7654!t2!u_9!7658!t2!d_10!7665!t2!u_11!7933!t2!d_12!7940!t1!u_13!7946!t2!u_14!8021!t2!d_15!8028!t2!u_16!8110!t2!d_17!8116!t2!u_18!8198!t2!d_19!8204!map!u!8222!t2!u_20!8287!t2!d_21!8293!t1!d_22!8302!t2!u_23!8375!t2!d_24!8382!t2!u_25!8420!t2!d_26!8469!t2!u_27!8552!t2!d_28!8558!t1!u_29!8590!t2!u_30!8640!t2!d_31!8646!map!d!8664!c3!u!8686!t2!u_32!8728!t2!d_33!8734!t2!u_34!8816!t2!d_35!8822!i4!u!8843!t2!u_36!8904!t2!d_37!8910!t1!d_38!8929!t2!u_39!8978!t2!d_40!8998!c3!d!9025!t2!u_41!9080!t2!d_42!9087!t2!u_43!9168!t2!d_44!9175!HIP!u!9185!i4!d!9230!t1!u_45!9233!t2!u_46!9237!t2!d_47!9439!t2!u_48!9521!t2!d_49!9527!t2!u_50!9609!t2!d_51!9615!t2!u_52!9698!t2!d_53!9704!t2!u_54!9786!t2!d_55!9793!t2!u_56!9865!t2!d_57!9881!t2!u_58!9964!t2!d_59!9972!t2!u_60!10052!t2!d_61!10058!HIP!d!10066!t2!u_62!10141!t2!d_63!10147!t2!u_64!10229!t2!d_65!10235!c1!u!10272!t2!u_66!10312!t2!d_67!10323!t2!u_68!10406!t2!d_69!10411!i2!u!10427!t2!u_70!10494!t2!d_71!10500!t1!d_72!10535!t2!u_73!10539!t2!d_74!10588!c1!d!10610!t2!u_75!10645!t2!d_76!10677!t2!u_77!10721!t2!d_78!10764!i2!d!10813!t2!u_79!10838!t2!d_80!10844!t1!u_81!10861!t2!u_82!11111!t2!d_83!11117!t1!d_84!11186!t2!u_85!11190!t2!d_86!11205!t2!u_87!11288!t2!d_88!11294!t2!u_89!11376!t2!d_90!11382!t2!u_91!11465!t2!d_92!11471!t1!u_93!11489!t2!u_94!11535!t2!d_95!11559!t2!u_96!11642!,
Thu Jul 16 08:01:14 EDT 2015<EOT>: : t2!u_120!0!t2!d_121!5!t2!u_122!56!t2!d_123!94!t2!u_124!176!t2!d_125!182!t2!u_126!264!t2!d_127!270!t2!u_128!352!t2!d_129!358!t2!u_130!440!t2!d_131!446!t2!u_132!528!t2!d_133!536!t2!u_134!616!t2!d_135!623!c1!u!664!t2!u_136!705!t2!d_137!711!t2!u_138!793!t2!d_139!798!t2!u_140!881!t2!d_141!890!i3!u!898!t2!u_142!949!t1!u_0!952!t2!d_1!974!t2!u_2!1056!t2!d_3!1062!c1!d!1087!t2!u_4!1144!t2!d_5!1151!t2!u_6!1232!t2!d_7!1238!t2!u_8!1283!i3!d!1286!r!1894!1290!t1!d_9!1304!t2!d_10!1317!t2!u_11!1583!t2!d_12!1589!t1!u_13!1599!t2!u_14!1671!t2!d_15!1677!t2!u_16!1722!t2!d_17!1765!t2!u_18!1833!t2!d_19!1853!map!u!1894!t2!u_20!1935!t2!d_21!1943!t1!d_22!1958!t2!u_23!2023!t2!d_24!2029!t2!u_25!2112!t2!d_26!2117!t2!u_27!2168!t2!d_28!2206!t1!u_29!2239!t2!u_30!2243!c3!u!2287!t2!d_31!2294!map!d!2325!t2!u_32!2375!t2!d_33!2381!t2!u_34!2463!t2!d_35!2469!i4!u!2489!t2!u_36!2551!t2!d_37!2556!t1!d_38!2576!t2!u_39!2616!t2!d_40!2644!c3!d!2671!t2!u_41!2726!t2!d_42!2732!t2!u_43!2813!t2!d_44!2819!HIP!u!2836!i4!d!2873!t1!u_45!2879!t2!u_46!2883!t2!d_47!3083!t2!u_48!3164!t2!d_49!3171!t2!u_50!3254!t2!d_51!3259!t2!u_52!3342!t2!d_53!3347!t2!u_54!3389!t2!d_55!3436!t2!u_56!3519!t2!d_57!3525!t2!u_58!3609!t2!d_59!3613!t2!u_60!3696!t2!d_61!3702!HIP!d!3712!t2!u_62!3784!t2!d_63!3790!t2!u_64!3869!t2!d_65!3879!c1!u!3910!t2!u_66!3949!t2!d_67!3967!t2!u_68!4049!t2!d_69!4056!i2!u!4070!t2!u_70!4137!t2!d_71!4143!t1!d_72!4179!t2!u_73!4183!t2!d_74!4232!c1!d!4253!t2!u_75!4283!t2!d_76!4321!t2!u_77!4389!t2!d_78!4407!i2!d!4455!t2!u_79!4481!t2!d_80!4487!t1!u_81!4509!t2!u_82!4722!t2!d_83!4761!t1!d_84!4835!t2!u_85!4838!t2!d_86!4849!t2!u_87!4931!t2!d_88!4937!t2!u_89!5019!t2!d_90!5025!t2!u_91!5107!t2!d_92!5114!t1!u_93!5136!t2!u_94!5196!t2!d_95!5202!t2!u_96!5282!t2!d_97!5290!t2!u_98!5373!t2!d_99!5379!t1!d_100!5451!t2!u_101!5458!t2!d_102!5467!c3!u!5493!t2!u_103!5552!t2!d_104!5556!t2!u_105!5616!t2!d_106!5643!i1!u!5658!t1!u_107!5722!t2!u_108!5726!t2!d_109!5731!t2!u_110!5813!t2!d_111!5819!c3!d!5840!t2!u_112!5901!t2!d_113!5907!t2!u_114!5949!t2!d_115!5995!t1!d_116!6028!i1!d!6042!t2!u_117!6142!t2!d_118!6259!t2!u_119!6342!t2!d_120!6348!t2!u_121!6389!t2!d_122!6436!t2!u_123!6519!t2!d_124!6525!t2!u_125!6609!t2!d_126!6613!t2!u_127!6696!t2!d_128!6702!t2!u_129!6784!t2!d_130!6791!t2!u_131!6869!t2!d_132!6879!t2!u_133!6949!t2!d_134!6968!t2!u_135!7050!t2!d_136!7057!c1!u!7094!t2!u_137!7139!t2!d_138!7145!t2!u_139!7227!t2!d_140!7233!i3!u!7251!t2!u_141!7282!t1!u_0!7291!t2!d_1!7321!t2!u_2!7403!t2!d_3!7410!c1!d!7435!t2!u_4!7492!t2!d_5!7499!t2!u_6!7580!t2!d_7!7586!r!1893!7630!i3!d!7636!t1!d_8!7654!t2!u_9!7658!t2!d_10!7665!t2!u_11!7933!t2!d_12!7940!t1!u_13!7946!t2!u_14!8021!t2!d_15!8028!t2!u_16!8110!t2!d_17!8116!t2!u_18!8198!t2!d_19!8204!map!u!8222!t2!u_20!8287!t2!d_21!8293!t1!d_22!8302!t2!u_23!8375!t2!d_24!8382!t2!u_25!8420!t2!d_26!8469!t2!u_27!8552!t2!d_28!8558!t1!u_29!8590!t2!u_30!8640!t2!d_31!8646!map!d!8664!c3!u!8686!t2!u_32!8728!t2!d_33!8734!t2!u_34!8816!t2!d_35!8822!i4!u!8843!t2!u_36!8904!t2!d_37!8910!t1!d_38!8929!t2!u_39!8978!t2!d_40!8998!c3!d!9025!t2!u_41!9080!t2!d_42!9087!t2!u_43!9168!t2!d_44!9175!HIP!u!9185!i4!d!9230!t1!u_45!9233!t2!u_46!9237!t2!d_47!9439!t2!u_48!9521!t2!d_49!9527!t2!u_50!9609!t2!d_51!9615!t2!u_52!9698!t2!d_53!9704!t2!u_54!9786!t2!d_55!9793!t2!u_56!9865!t2!d_57!9881!t2!u_58!9964!t2!d_59!9972!t2!u_60!10052!t2!d_61!10058!HIP!d!10066!t2!u_62!10141!t2!d_63!10147!t2!u_64!10229!t2!d_65!10235!c1!u!10272!t2!u_66!10312!t2!d_67!10323!t2!u_68!10406!t2!d_69!10411!i2!u!10427!t2!u_70!10494!t2!d_71!10500!t1!d_72!10535!t2!u_73!10539!t2!d_74!10588!c1!d!10610!t2!u_75!10645!t2!d_76!10677!t2!u_77!10721!t2!d_78!10764!i2!d!10813!t2!u_79!10838!t2!d_80!10844!t1!u_81!10861!t2!u_82!11111!t2!d_83!11117!t1!d_84!11186!t2!u_85!11190!t2!d_86!11205!t2!u_87!11288!t2!d_88!11294!t2!u_89!11376!t2!d_90!11382!t2!u_91!11465!t2!d_92!11471!t1!u_93!11489!t2!u_94!11535!t2!d_95!11559!t2!u_96!11642!
Thu Jul 16 08:01:14 EDT 2015<EOT>: Sending [0, 1, 71, 58, -70, 59, -66]
Thu Jul 16 08:01:14 EDT 2015<EOT>: Waiting for 2 byte(s): text header
Thu Jul 16 08:01:14 EDT 2015<EOT>: Waiting for 334 byte(s): text body
Thu Jul 16 08:01:14 EDT 2015<EOT>: time,138.223,rpm,1881,ENGINE_LOAD,21.26,MAP,21.26,afr,10.18,vss,0.00,ks,0.00,kv,2.55,vbatt,13.19,TP,0.00,CLT,23.50,MAT,19.81,ckp_c,89010,fuel_base,2.59,fuel_lag,1.00,fuel,3.89,timing,21.29,duty0,NaN,dwell0,0.00,total_dwell0,0.00,period0,0.00,advance0,682.000,duty1,NaN,dwell1,0.00,total_dwell1,0.00,period1,0.00,advance1,682.000,
Thu Jul 16 08:01:14 EDT 2015<EOT>: Sending [0, 1, 71, 58, -70, 59, -66]
Thu Jul 16 08:01:14 EDT 2015<EOT>: Waiting for 2 byte(s): text header
Thu Jul 16 08:01:14 EDT 2015<EOT>: Waiting for 5 byte(s): text body
Thu Jul 16 08:01:14 EDT 2015<EOT>: Sending [0, 1, 71, 58, -70, 59, -66]
Thu Jul 16 08:01:14 EDT 2015<EOT>: Waiting for 2 byte(s): text header
Thu Jul 16 08:01:14 EDT 2015<EOT>: Waiting for 334 byte(s): text body
Thu Jul 16 08:01:14 EDT 2015<EOT>: time,138.425,rpm,1878,ENGINE_LOAD,21.21,MAP,21.21,afr,10.37,vss,0.00,ks,0.00,kv,2.64,vbatt,13.27,TP,0.00,CLT,23.55,MAT,19.68,ckp_c,89455,fuel_base,2.58,fuel_lag,1.00,fuel,3.88,timing,21.30,duty0,NaN,dwell0,0.00,total_dwell0,0.00,period0,0.00,advance0,682.000,duty1,NaN,dwell1,0.00,total_dwell1,0.00,period1,0.00,advance1,682.000,
Thu Jul 16 08:01:14 EDT 2015<EOT>: Sending [0, 1, 71, 58, -70, 59, -66]
Thu Jul 16 08:01:14 EDT 2015<EOT>: Waiting for 2 byte(s): text header
Thu Jul 16 08:01:14 EDT 2015<EOT>: Waiting for 5 byte(s): text body
Thu Jul 16 08:01:14 EDT 2015<EOT>: Sending [0, 1, 71, 58, -70, 59, -66]
Thu Jul 16 08:01:14 EDT 2015<EOT>: Waiting for 2 byte(s): text header
Thu Jul 16 08:01:14 EDT 2015<EOT>: Waiting for 334 byte(s): text body
Thu Jul 16 08:01:14 EDT 2015<EOT>: time,138.626,rpm,1896,ENGINE_LOAD,21.06,MAP,21.06,afr,10.35,vss,0.00,ks,0.00,kv,2.56,vbatt,13.18,TP,0.00,CLT,23.60,MAT,19.66,ckp_c,89905,fuel_base,2.58,fuel_lag,1.00,fuel,3.88,timing,21.29,duty0,NaN,dwell0,0.00,total_dwell0,0.00,period0,0.00,advance0,682.000,duty1,NaN,dwell1,0.00,total_dwell1,0.00,period1,0.00,advance1,682.000,
Thu Jul 16 08:01:14 EDT 2015<EOT>: Sending [0, 1, 71, 58, -70, 59, -66]
Thu Jul 16 08:01:14 EDT 2015<EOT>: Waiting for 2 byte(s): text header
Thu Jul 16 08:01:14 EDT 2015<EOT>: Waiting for 5 byte(s): text body
Thu Jul 16 08:01:15 EDT 2015<EOT>: Sending [0, 1, 71, 58, -70, 59, -66]
Thu Jul 16 08:01:15 EDT 2015<EOT>: Waiting for 2 byte(s): text header
Thu Jul 16 08:01:15 EDT 2015<EOT>: Waiting for 334 byte(s): text body
Thu Jul 16 08:01:15 EDT 2015<EOT>: time,138.826,rpm,1872,ENGINE_LOAD,21.38,MAP,21.38,afr,10.25,vss,0.00,ks,0.00,kv,2.56,vbatt,13.23,TP,0.00,CLT,23.82,MAT,19.50,ckp_c,90356,fuel_base,2.60,fuel_lag,1.00,fuel,3.89,timing,21.25,duty0,NaN,dwell0,0.00,total_dwell0,0.00,period0,0.00,advance0,682.000,duty1,NaN,dwell1,0.00,total_dwell1,0.00,period1,0.00,advance1,682.000,
Thu Jul 16 08:01:15 EDT 2015<EOT>: Sending [0, 1, 71, 58, -70, 59, -66]
Thu Jul 16 08:01:15 EDT 2015<EOT>: Waiting for 2 byte(s): text header
Thu Jul 16 08:01:15 EDT 2015<EOT>: Waiting for 5 byte(s): text body
Thu Jul 16 08:01:15 EDT 2015<EOT>: Sending [0, 1, 71, 58, -70, 59, -66]
Thu Jul 16 08:01:15 EDT 2015<EOT>: Waiting for 2 byte(s): text header
Thu Jul 16 08:01:15 EDT 2015<EOT>: Waiting for 549 byte(s): text body
Thu Jul 16 08:01:15 EDT 2015<EOT>: time,139.027,rpm,1871,ENGINE_LOAD,21.69,MAP,21.69,afr,10.18,vss,0.00,ks,0.00,kv,2.64,vbatt,13.16,TP,0.00,CLT,23.68,MAT,20.10,rusEfiVersion,20150713@8529 Neon03,outpin,t1@PA5,outpin,t2@PC6,outpin,input1@NONE,outpin,input2@NONE,outpin,c1@PC9,outpin,i1@PB8,outpin,c2@NONE,outpin,i2@PB9,outpin,c3@PE8,outpin,i3@PE2,outpin,c4@NONE,outpin,i4@PB7,ckp_c,90800,fuel_base,2.63,fuel_lag,1.00,fuel,3.92,timing,21.27,duty0,NaN,dwell0,0.00,total_dwell0,0.00,period0,0.00,advance0,682.000,duty1,NaN,dwell1,0.00,total_dwell1,0.00,period1,0.00,advance1,682.000,
Thu Jul 16 08:01:15 EDT 2015<EOT>: Sending [0, 1, 71, 58, -70, 59, -66]
Thu Jul 16 08:01:15 EDT 2015<EOT>: Waiting for 2 byte(s): text header
Thu Jul 16 08:01:15 EDT 2015<EOT>: Waiting for 5979 byte(s): text body
Thu Jul 16 08:01:15 EDT 2015<EOT>: analog_chart,0.00|0.00|2.15|2001.00|11.43|3002.00|12.08|2003.00|21.41|3004.00|22.16|2005.00|31.34|3006.00|32.26|2007.00|39.08|8.00|39.70|3009.00|41.01|2010.00|71.21|3011.00|71.92|2012.00|72.57|1013.00|81.17|3014.00|81.83|2015.00|89.25|3016.00|91.82|2017.00|98.60|3018.00|101.82|2019.00|110.37|3020.00|111.76|2021.00|112.99|22.00|121.07|3023.00|121.76|2024.00|131.05|3025.00|131.70|2026.00|136.11|3027.00|141.70|2028.00|145.01|1029.00|150.96|3030.00|151.77|2031.00|160.91|3032.00|161.57|2033.00|170.85|3034.00|171.50|2035.00|180.79|3036.00|181.43|2037.00|183.13|38.00|190.71|3039.00|191.38|2040.00|200.82|3041.00|201.46|2042.00|210.57|3043.00|211.27|2044.00|217.39|1045.00|218.04|3046.00|241.04|2047.00|248.66|3048.00|251.03|2049.00|260.27|3050.00|260.99|2051.00|270.31|3052.00|270.99|2053.00|280.30|3054.00|280.96|2055.00|286.18|3056.00|290.95|2057.00|300.27|3058.00|301.20|2059.00|310.25|3060.00|310.93|2061.00|320.23|3062.00|320.93|2063.00|330.20|3064.00|331.01|2065.00|335.31|3066.00|340.84|2067.00|350.12|3068.00|351.46|2069.00|360.06|3070.00|360.98|2071.00|364.58|72.00|365.22|3073.00|370.66|2074.00|379.96|3075.00|380.78|2076.00|389.38|3077.00|390.51|2078.00|398.72|3079.00|399.53|2080.00|401.69|1081.00|429.65|3082.00|430.60|2083.00|436.24|3084.00|438.61|85.00|440.30|2086.00|447.84|3087.00|450.26|2088.00|459.03|3089.00|460.26|2090.00|469.56|3091.00|470.20|2092.00|472.64|1093.00|474.32|3094.00|480.17|2095.00|489.50|3096.00|490.18|2097.00|497.69|3098.00|500.15|2099.00|508.57|100.00|509.38|3101.00|510.09|2102.00|519.38|3103.00|520.04|2104.00|529.33|3105.00|530.69|2106.00|539.46|1107.00|540.11|2108.00|540.73|3109.00|548.80|3110.00|549.85|2111.00|559.11|3112.00|559.85|2113.00|569.06|3114.00|569.71|2115.00|574.36|116.00|575.01|3117.00|599.53|2118.00|607.43|3119.00|609.52|2120.00|618.82|3121.00|619.51|2122.00|623.85|3123.00|629.49|2124.00|638.14|3125.00|639.51|2126.00|648.82|3127.00|649.53|2128.00|658.84|3129.00|659.50|2130.00|668.83|3131.00|669.53|2132.00|678.83|3133.00|679.77|2134.00|688.81|3135.00|689.97|2136.00|698.80|3137.00|699.49|2138.00|708.76|3139.00|709.42|2140.00|,wave_chart,t2!u_71!0!t2!d_72!26!t1!d_73!67!t2!u_74!70!c1!d!91!t2!d_75!114!t2!u_76!197!t2!d_77!203!t2!u_78!285!t2!d_79!291!t2!u_80!333!i2!d!336!t2!d_81!371!t1!u_82!396!t2!u_83!639!t2!d_84!647!t1!d_85!720!t2!u_86!723!t2!d_87!733!t2!u_88!778!t2!d_89!822!t2!u_90!904!t2!d_91!910!t2!u_92!986!t2!d_93!999!t1!u_94!1024!t2!u_95!1082!t2!d_96!1088!t2!u_97!1170!t2!d_98!1176!t2!u_99!1259!t2!d_100!1264!c3!u!1312!t2!u_101!1333!t1!d_102!1344!t2!d_103!1353!t2!u_104!1435!t2!d_105!1441!t2!u_106!1524!t2!d_107!1533!i1!u!1538!t2!u_108!1612!t1!u_109!1616!t2!d_110!1620!t2!u_111!1700!t2!d_112!1706!c3!d!1721!t2!u_113!1788!t2!d_114!1794!t2!u_115!1878!t2!d_116!1882!i1!d!1926!t1!d_117!1929!t2!u_118!1933!t2!d_119!2147!t2!u_120!2230!t2!d_121!2236!t2!u_122!2318!t2!d_123!2324!t2!u_124!2407!t2!d_125!2413!t2!u_126!2485!t2!d_127!2501!t2!u_128!2583!t2!d_129!2591!t2!u_130!2666!t2!d_131!2678!t2!u_132!2755!t2!d_133!2766!t2!u_134!2849!t2!d_135!2855!c1!u!2904!t2!u_136!2937!t2!d_137!2943!t2!u_138!2999!t2!d_139!3031!t2!u_140!3114!t2!d_141!3122!i3!u!3132!t1!u_0!3185!t2!u_1!3202!t2!d_2!3208!t2!u_3!3290!t2!d_4!3296!c1!d!3315!t2!u_5!3333!t2!d_6!3385!t2!u_7!3466!t2!d_8!3472!i3!d!3520!r!1881!3527!t1!d_9!3540!t2!u_10!3544!t2!d_11!3551!t2!u_12!3779!t2!d_13!3825!t1!u_14!3835!t2!u_15!3907!t2!d_16!3913!t2!u_17!3996!t2!d_18!4002!t2!u_19!4055!t2!d_20!4090!map!u!4122!t2!u_21!4172!t2!d_22!4178!t1!d_23!4195!t2!u_24!4237!t2!d_25!4267!t2!u_26!4333!t2!d_27!4355!t2!u_28!4438!t2!d_29!4444!t1!u_30!4479!t2!u_31!4484!c3!u!4529!t2!d_32!4532!map!d!4566!t2!u_33!4614!t2!d_34!4620!t2!u_35!4666!i4!u!4686!t2!d_36!4708!t2!u_37!4777!t2!d_38!4796!t1!d_39!4816!t2!u_40!4878!t2!d_41!4885!c3!d!4905!t2!u_42!4966!t2!d_43!4973!t2!u_44!5054!t2!d_45!5060!i4!d!5076!HIP!u!5094!t2!u_46!5111!t1!u_47!5119!t2!d_48!5326!t2!u_49!5407!t2!d_50!5413!t2!u_51!5496!t2!d_52!5502!t2!u_53!5562!t2!d_54!5591!t2!u_55!5666!t2!d_56!5679!t2!u_57!5762!t2!d_58!5768!t2!u_59!5851!t2!d_60!5857!t2!u_61!5940!t2!d_62!5946!HIP!d!5982!t2!u_63!6028!t2!d_64!6034!c1!u!6081!t2!u_65!6110!t2!d_66!6123!t2!u_67!6206!t2!d_68!6212!t2!u_69!6294!t2!d_70!6303!i2!u!6309!t2!u_71!6382!t2!d_72!6388!t1!d_73!6424!t2!u_74!6428!c1!d!6449!t2!d_75!6477!t2!u_76!6559!t2!d_77!6566!t2!u_78!6647!t2!d_79!6653!i2!d!6698!t2!u_80!6727!t2!d_81!6733!t1!u_82!6753!t2!u_83!7001!t2!d_84!7007!t1!d_85!7081!t2!u_86!7085!t2!d_87!7095!t2!u_88!7168!t2!d_89!7184!t2!u_90!7266!t2!d_91!7273!t2!u_92!7333!t2!d_93!7361!t1!u_94!7387!t2!u_95!7444!t2!d_96!7450!t2!u_97!7532!t2!d_98!7540!t2!u_99!7591!t2!d_100!7628!t2!u_101!7666!c3!u!7676!t1!d_102!7701!t2!d_103!7715!t2!u_104!7777!t2!d_105!7804!t2!u_106!7886!t2!d_107!7895!i1!u!7901!t1!u_108!7969!t2!u_109!7973!t2!d_110!7980!t2!u_111!8062!t2!d_112!8068!c3!d!8083!t2!u_113!8111!t2!d_114!8157!t2!u_115!8239!t2!d_116!8245!t1!d_117!8278!t2!u_118!8281!i1!d!8290!t2!d_119!8510!t2!u_120!8592!t2!d_121!8598!t2!u_122!8672!t2!d_123!8687!t2!u_124!8769!t2!d_125!8778!t2!u_126!8858!t2!d_127!8864!t2!u_128!8946!t2!d_129!8952!t2!u_130!9005!t2!d_131!9041!t2!u_132!9111!t2!d_133!9130!t2!u_134!9194!t2!d_135!9218!c1!u!9267!t2!u_136!9301!t2!d_137!9306!t2!u_138!9389!t2!d_139!9395!t2!u_140!9477!t2!d_141!9486!i3!u!9496!t1!u_0!9541!t2!u_1!9556!t2!d_2!9574!t2!u_3!9654!t2!d_4!9660!c1!d!9678!t2!u_5!9742!t2!d_6!9749!t2!u_7!9830!t2!d_8!9836!r!1888!9883!i3!d!9885!t1!d_9!9904!t2!u_10!9908!t2!d_11!9916!t2!u_12!10183!t2!d_13!10190!t1!u_14!10197!t2!u_15!10258!t2!d_16!10277!t2!u_17!10338!t2!d_18!10366!t2!u_19!10448!t2!d_20!10454!map!u!10474!t2!u_21!10537!t2!d_22!10543!t1!d_23!10555!t2!u_24!10579!t2!d_25!10631!t2!u_26!10672!t2!d_27!10720!t2!u_28!10777!t2!d_29!10808!t1!u_30!10841!t2!u_31!10847!c3!u!10890!t2!d_32!10897!map!d!10917!t2!u_33!10979!t2!d_34!10985!t2!u_35!11067!t2!d_36!11076!i4!u!11084!t2!u_37!11155!t2!d_38!11161!t1!d_39!11180!t2!u_40!11243!t2!d_41!11249!c3!d!11271!t2!u_42!11331!t2!d_43!11338!t2!u_44!11421!t2!d_45!11425!HIP!u!11448!i4!d!11473!t1!u_46!11483!t2!u_47!11487!,
Thu Jul 16 08:01:15 EDT 2015<EOT>: : t2!u_71!0!t2!d_72!26!t1!d_73!67!t2!u_74!70!c1!d!91!t2!d_75!114!t2!u_76!197!t2!d_77!203!t2!u_78!285!t2!d_79!291!t2!u_80!333!i2!d!336!t2!d_81!371!t1!u_82!396!t2!u_83!639!t2!d_84!647!t1!d_85!720!t2!u_86!723!t2!d_87!733!t2!u_88!778!t2!d_89!822!t2!u_90!904!t2!d_91!910!t2!u_92!986!t2!d_93!999!t1!u_94!1024!t2!u_95!1082!t2!d_96!1088!t2!u_97!1170!t2!d_98!1176!t2!u_99!1259!t2!d_100!1264!c3!u!1312!t2!u_101!1333!t1!d_102!1344!t2!d_103!1353!t2!u_104!1435!t2!d_105!1441!t2!u_106!1524!t2!d_107!1533!i1!u!1538!t2!u_108!1612!t1!u_109!1616!t2!d_110!1620!t2!u_111!1700!t2!d_112!1706!c3!d!1721!t2!u_113!1788!t2!d_114!1794!t2!u_115!1878!t2!d_116!1882!i1!d!1926!t1!d_117!1929!t2!u_118!1933!t2!d_119!2147!t2!u_120!2230!t2!d_121!2236!t2!u_122!2318!t2!d_123!2324!t2!u_124!2407!t2!d_125!2413!t2!u_126!2485!t2!d_127!2501!t2!u_128!2583!t2!d_129!2591!t2!u_130!2666!t2!d_131!2678!t2!u_132!2755!t2!d_133!2766!t2!u_134!2849!t2!d_135!2855!c1!u!2904!t2!u_136!2937!t2!d_137!2943!t2!u_138!2999!t2!d_139!3031!t2!u_140!3114!t2!d_141!3122!i3!u!3132!t1!u_0!3185!t2!u_1!3202!t2!d_2!3208!t2!u_3!3290!t2!d_4!3296!c1!d!3315!t2!u_5!3333!t2!d_6!3385!t2!u_7!3466!t2!d_8!3472!i3!d!3520!r!1881!3527!t1!d_9!3540!t2!u_10!3544!t2!d_11!3551!t2!u_12!3779!t2!d_13!3825!t1!u_14!3835!t2!u_15!3907!t2!d_16!3913!t2!u_17!3996!t2!d_18!4002!t2!u_19!4055!t2!d_20!4090!map!u!4122!t2!u_21!4172!t2!d_22!4178!t1!d_23!4195!t2!u_24!4237!t2!d_25!4267!t2!u_26!4333!t2!d_27!4355!t2!u_28!4438!t2!d_29!4444!t1!u_30!4479!t2!u_31!4484!c3!u!4529!t2!d_32!4532!map!d!4566!t2!u_33!4614!t2!d_34!4620!t2!u_35!4666!i4!u!4686!t2!d_36!4708!t2!u_37!4777!t2!d_38!4796!t1!d_39!4816!t2!u_40!4878!t2!d_41!4885!c3!d!4905!t2!u_42!4966!t2!d_43!4973!t2!u_44!5054!t2!d_45!5060!i4!d!5076!HIP!u!5094!t2!u_46!5111!t1!u_47!5119!t2!d_48!5326!t2!u_49!5407!t2!d_50!5413!t2!u_51!5496!t2!d_52!5502!t2!u_53!5562!t2!d_54!5591!t2!u_55!5666!t2!d_56!5679!t2!u_57!5762!t2!d_58!5768!t2!u_59!5851!t2!d_60!5857!t2!u_61!5940!t2!d_62!5946!HIP!d!5982!t2!u_63!6028!t2!d_64!6034!c1!u!6081!t2!u_65!6110!t2!d_66!6123!t2!u_67!6206!t2!d_68!6212!t2!u_69!6294!t2!d_70!6303!i2!u!6309!t2!u_71!6382!t2!d_72!6388!t1!d_73!6424!t2!u_74!6428!c1!d!6449!t2!d_75!6477!t2!u_76!6559!t2!d_77!6566!t2!u_78!6647!t2!d_79!6653!i2!d!6698!t2!u_80!6727!t2!d_81!6733!t1!u_82!6753!t2!u_83!7001!t2!d_84!7007!t1!d_85!7081!t2!u_86!7085!t2!d_87!7095!t2!u_88!7168!t2!d_89!7184!t2!u_90!7266!t2!d_91!7273!t2!u_92!7333!t2!d_93!7361!t1!u_94!7387!t2!u_95!7444!t2!d_96!7450!t2!u_97!7532!t2!d_98!7540!t2!u_99!7591!t2!d_100!7628!t2!u_101!7666!c3!u!7676!t1!d_102!7701!t2!d_103!7715!t2!u_104!7777!t2!d_105!7804!t2!u_106!7886!t2!d_107!7895!i1!u!7901!t1!u_108!7969!t2!u_109!7973!t2!d_110!7980!t2!u_111!8062!t2!d_112!8068!c3!d!8083!t2!u_113!8111!t2!d_114!8157!t2!u_115!8239!t2!d_116!8245!t1!d_117!8278!t2!u_118!8281!i1!d!8290!t2!d_119!8510!t2!u_120!8592!t2!d_121!8598!t2!u_122!8672!t2!d_123!8687!t2!u_124!8769!t2!d_125!8778!t2!u_126!8858!t2!d_127!8864!t2!u_128!8946!t2!d_129!8952!t2!u_130!9005!t2!d_131!9041!t2!u_132!9111!t2!d_133!9130!t2!u_134!9194!t2!d_135!9218!c1!u!9267!t2!u_136!9301!t2!d_137!9306!t2!u_138!9389!t2!d_139!9395!t2!u_140!9477!t2!d_141!9486!i3!u!9496!t1!u_0!9541!t2!u_1!9556!t2!d_2!9574!t2!u_3!9654!t2!d_4!9660!c1!d!9678!t2!u_5!9742!t2!d_6!9749!t2!u_7!9830!t2!d_8!9836!r!1888!9883!i3!d!9885!t1!d_9!9904!t2!u_10!9908!t2!d_11!9916!t2!u_12!10183!t2!d_13!10190!t1!u_14!10197!t2!u_15!10258!t2!d_16!10277!t2!u_17!10338!t2!d_18!10366!t2!u_19!10448!t2!d_20!10454!map!u!10474!t2!u_21!10537!t2!d_22!10543!t1!d_23!10555!t2!u_24!10579!t2!d_25!10631!t2!u_26!10672!t2!d_27!10720!t2!u_28!10777!t2!d_29!10808!t1!u_30!10841!t2!u_31!10847!c3!u!10890!t2!d_32!10897!map!d!10917!t2!u_33!10979!t2!d_34!10985!t2!u_35!11067!t2!d_36!11076!i4!u!11084!t2!u_37!11155!t2!d_38!11161!t1!d_39!11180!t2!u_40!11243!t2!d_41!11249!c3!d!11271!t2!u_42!11331!t2!d_43!11338!t2!u_44!11421!t2!d_45!11425!HIP!u!11448!i4!d!11473!t1!u_46!11483!t2!u_47!11487!
Thu Jul 16 08:01:15 EDT 2015<EOT>: Analog chart from 0.0 to 709.42
Thu Jul 16 08:01:15 EDT 2015<EOT>: Sending [0, 1, 71, 58, -70, 59, -66]
Thu Jul 16 08:01:15 EDT 2015<EOT>: Waiting for 2 byte(s): text header
Thu Jul 16 08:01:15 EDT 2015<EOT>: Waiting for 334 byte(s): text body
Thu Jul 16 08:01:15 EDT 2015<EOT>: time,139.229,rpm,1878,ENGINE_LOAD,22.51,MAP,22.51,afr,10.11,vss,0.00,ks,0.00,kv,2.61,vbatt,13.26,TP,0.00,CLT,23.66,MAT,19.61,ckp_c,91246,fuel_base,2.70,fuel_lag,1.00,fuel,4.01,timing,21.25,duty0,NaN,dwell0,0.00,total_dwell0,0.00,period0,0.00,advance0,682.000,duty1,NaN,dwell1,0.00,total_dwell1,0.00,period1,0.00,advance1,682.000,
Thu Jul 16 08:01:15 EDT 2015<EOT>: Sending [0, 1, 71, 58, -70, 59, -66]
Thu Jul 16 08:01:15 EDT 2015<EOT>: Waiting for 2 byte(s): text header
Thu Jul 16 08:01:15 EDT 2015<EOT>: Waiting for 5 byte(s): text body
Thu Jul 16 08:01:15 EDT 2015<EOT>: Sending [0, 1, 71, 58, -70, 59, -66]
Thu Jul 16 08:01:15 EDT 2015<EOT>: Waiting for 2 byte(s): text header
Thu Jul 16 08:01:15 EDT 2015<EOT>: Waiting for 334 byte(s): text body
Thu Jul 16 08:01:15 EDT 2015<EOT>: time,139.429,rpm,1914,ENGINE_LOAD,23.98,MAP,23.98,afr,10.08,vss,0.00,ks,0.00,kv,2.64,vbatt,13.00,TP,0.00,CLT,23.68,MAT,20.23,ckp_c,91702,fuel_base,2.85,fuel_lag,1.00,fuel,4.17,timing,21.23,duty0,NaN,dwell0,0.00,total_dwell0,0.00,period0,0.00,advance0,682.000,duty1,NaN,dwell1,0.00,total_dwell1,0.00,period1,0.00,advance1,682.000,
Thu Jul 16 08:01:15 EDT 2015<EOT>: Sending [0, 1, 71, 58, -70, 59, -66]
Thu Jul 16 08:01:15 EDT 2015<EOT>: Waiting for 2 byte(s): text header
Thu Jul 16 08:01:15 EDT 2015<EOT>: Waiting for 5 byte(s): text body
Thu Jul 16 08:01:15 EDT 2015<EOT>: Sending [0, 1, 71, 58, -70, 59, -66]
Thu Jul 16 08:01:15 EDT 2015<EOT>: Waiting for 2 byte(s): text header
Thu Jul 16 08:01:15 EDT 2015<EOT>: Waiting for 334 byte(s): text body
Thu Jul 16 08:01:15 EDT 2015<EOT>: time,139.630,rpm,1966,ENGINE_LOAD,24.59,MAP,24.59,afr,10.05,vss,0.00,ks,0.00,kv,2.66,vbatt,13.05,TP,0.00,CLT,33.61,MAT,21.78,ckp_c,92164,fuel_base,2.92,fuel_lag,1.00,fuel,4.25,timing,21.25,duty0,NaN,dwell0,0.00,total_dwell0,0.00,period0,0.00,advance0,682.000,duty1,NaN,dwell1,0.00,total_dwell1,0.00,period1,0.00,advance1,682.000,
Thu Jul 16 08:01:15 EDT 2015<EOT>: Sending [0, 1, 71, 58, -70, 59, -66]
Thu Jul 16 08:01:15 EDT 2015<EOT>: Waiting for 2 byte(s): text header
Thu Jul 16 08:01:15 EDT 2015<EOT>: Waiting for 5 byte(s): text body
Thu Jul 16 08:01:16 EDT 2015<EOT>: Sending [0, 1, 71, 58, -70, 59, -66]
Thu Jul 16 08:01:16 EDT 2015<EOT>: Waiting for 2 byte(s): text header
Thu Jul 16 08:01:16 EDT 2015<EOT>: Waiting for 334 byte(s): text body
Thu Jul 16 08:01:16 EDT 2015<EOT>: time,139.832,rpm,2017,ENGINE_LOAD,23.44,MAP,23.44,afr,10.04,vss,0.00,ks,0.00,kv,2.66,vbatt,13.22,TP,0.00,CLT,23.71,MAT,19.76,ckp_c,92640,fuel_base,2.86,fuel_lag,1.00,fuel,4.18,timing,21.23,duty0,NaN,dwell0,0.00,total_dwell0,0.00,period0,0.00,advance0,682.000,duty1,NaN,dwell1,0.00,total_dwell1,0.00,period1,0.00,advance1,682.000,
Thu Jul 16 08:01:16 EDT 2015<EOT>: Sending [0, 1, 71, 58, -70, 59, -66]
Thu Jul 16 08:01:16 EDT 2015<EOT>: Waiting for 2 byte(s): text header
Thu Jul 16 08:01:16 EDT 2015<EOT>: Waiting for 5 byte(s): text body
Thu Jul 16 08:01:16 EDT 2015<EOT>: Sending [0, 1, 71, 58, -70, 59, -66]
Thu Jul 16 08:01:16 EDT 2015<EOT>: Waiting for 2 byte(s): text header
Thu Jul 16 08:01:16 EDT 2015<EOT>: Waiting for 334 byte(s): text body
Thu Jul 16 08:01:16 EDT 2015<EOT>: time,140.033,rpm,2060,ENGINE_LOAD,22.87,MAP,22.87,afr,10.02,vss,0.00,ks,0.00,kv,2.70,vbatt,12.71,TP,0.00,CLT,24.00,MAT,22.02,ckp_c,93128,fuel_base,2.81,fuel_lag,1.00,fuel,4.13,timing,21.19,duty0,NaN,dwell0,0.00,total_dwell0,0.00,period0,0.00,advance0,682.000,duty1,NaN,dwell1,0.00,total_dwell1,0.00,period1,0.00,advance1,682.000,
Thu Jul 16 08:01:16 EDT 2015<EOT>: Sending [0, 1, 71, 58, -70, 59, -66]
Thu Jul 16 08:01:16 EDT 2015<EOT>: Waiting for 2 byte(s): text header
Thu Jul 16 08:01:16 EDT 2015<EOT>: Waiting for 3888 byte(s): text body
Thu Jul 16 08:01:16 EDT 2015<EOT>: wave_chart,t2!u_26!0!t2!d_27!5!t2!u_28!88!t2!d_29!94!t1!u_30!130!t2!u_31!137!c3!u!181!t2!d_32!183!map!d!216!t2!u_33!254!t2!d_34!271!t2!u_35!352!t2!d_36!361!i4!u!366!t2!u_37!443!t2!d_38!450!t1!d_39!470!t2!u_40!531!t2!d_41!539!c3!d!558!t2!u_42!620!t2!d_43!626!t2!u_44!686!t2!d_45!714!HIP!u!737!i4!d!766!t1!u_46!777!t2!u_47!781!t2!d_48!980!t2!u_49!1019!t2!d_50!1069!t2!u_51!1152!t2!d_52!1158!t2!u_53!1241!t2!d_54!1247!t2!u_55!1330!t2!d_56!1336!t2!u_57!1419!t2!d_58!1426!t2!u_59!1508!t2!d_60!1514!t2!u_61!1555!t2!d_62!1603!HIP!d!1627!t2!u_63!1686!t2!d_64!1692!c1!u!1740!t2!u_65!1773!t2!d_66!1782!t2!u_67!1865!t2!d_68!1870!i2!u!1923!t2!u_69!1953!t2!d_70!1959!t2!u_71!2019!t2!d_72!2048!t1!d_73!2088!t2!u_74!2091!c1!d!2113!t2!d_75!2137!t2!u_76!2219!t2!d_77!2227!t2!u_78!2308!t2!d_79!2314!i2!d!2322!t2!u_80!2352!t2!d_81!2394!t1!u_82!2419!t2!u_83!2662!t2!d_84!2669!t1!d_85!2742!t2!u_86!2746!t2!d_87!2757!t2!u_88!2822!t2!d_89!2846!t2!u_90!2920!t2!d_91!2935!t2!u_92!3006!t2!d_93!3023!t1!u_94!3048!t2!u_95!3106!t2!d_96!3111!t2!u_97!3194!t2!d_98!3202!t2!u_99!3283!t2!d_100!3289!c3!u!3337!t2!u_101!3352!t1!d_102!3367!t2!d_103!3377!t2!u_104!3460!t2!d_105!3466!i1!u!3526!t2!u_106!3548!t2!d_107!3554!t2!u_108!3637!t1!u_109!3642!t2!d_110!3646!t2!u_111!3685!c3!d!3707!t2!d_112!3731!t2!u_113!3773!t2!d_114!3819!t2!u_115!3901!t2!d_116!3907!i1!d!3926!t1!d_117!3956!t2!u_118!3960!t2!d_119!4173!t2!u_120!4251!t2!d_121!4262!t2!u_122!4345!t2!d_123!4350!t2!u_124!4433!t2!d_125!4440!t2!u_126!4521!t2!d_127!4528!t2!u_128!4610!t2!d_129!4616!t2!u_130!4685!t2!d_131!4705!t2!u_132!4773!t2!d_133!4794!t2!u_134!4876!t2!d_135!4883!c1!u!4933!t2!u_136!4965!t2!d_137!4971!t2!u_138!5019!t2!d_139!5060!t2!u_140!5106!i3!u!5118!t2!d_141!5150!t1!u_0!5214!t2!u_1!5229!t2!d_2!5237!t2!u_3!5319!t2!d_4!5325!c1!d!5344!t2!u_5!5407!t2!d_6!5414!t2!u_7!5490!t2!d_8!5501!i3!d!5517!r!1878!5555!t1!d_9!5567!t2!u_10!5571!t2!d_11!5583!t2!u_12!5823!t2!d_13!5856!t1!u_14!5866!t2!u_15!5920!t2!d_16!5944!t2!u_17!6019!t2!d_18!6032!t2!u_19!6115!t2!d_20!6122!map!u!6152!t2!u_21!6204!t2!d_22!6210!t1!d_23!6224!t2!u_24!6293!t2!d_25!6299!t2!u_26!6352!t2!d_27!6388!t2!u_28!6439!t2!d_29!6476!t1!u_30!6512!t2!u_31!6517!c3!u!6560!t2!d_32!6565!map!d!6597!t2!u_33!6647!t2!d_34!6653!i4!u!6713!t2!u_35!6735!t2!d_36!6741!t2!u_37!6824!t2!d_38!6830!t1!d_39!6848!t2!u_40!6912!t2!d_41!6920!c3!d!6939!t2!u_42!7000!t2!d_43!7007!t2!u_44!7089!t2!d_45!7095!i4!d!7115!HIP!u!7118!t1!u_46!7155!t2!u_47!7159!t2!d_48!7361!t2!u_49!7439!t2!d_50!7448!t2!u_51!7531!t2!d_52!7537!t2!u_53!7586!t2!d_54!7626!t2!u_55!7685!t2!d_56!7716!t2!u_57!7772!t2!d_58!7805!t2!u_59!7888!t2!d_60!7894!t2!u_61!7977!t2!d_62!7983!HIP!d!8004!t2!u_63!8018!t2!d_64!8072!c1!u!8117!t2!u_65!8155!t2!d_66!8161!t2!u_67!8245!t2!d_68!8249!i2!u!8298!t2!u_69!8332!t2!d_70!8338!t2!u_71!8421!t2!d_72!8427!t1!d_73!8462!t2!u_74!8466!c1!d!8488!t2!d_75!8515!t2!u_76!8575!t2!d_77!8604!t2!u_78!8685!t2!d_79!8693!i2!d!8699!t2!u_80!8767!t2!d_81!8773!t1!u_82!8794!t2!u_83!9018!t2!d_84!9048!t2!u_85!9105!t1!d_86!9120!t2!d_87!9136!t2!u_88!9219!t2!d_89!9224!t2!u_90!9307!t2!d_91!9313!t2!u_92!9396!t2!d_93!9402!t1!u_94!9425!t2!u_95!9485!t2!d_96!9491!t2!u_97!9573!t2!d_98!9580!t2!u_99!9662!t2!d_100!9668!c3!u!9715!t1!d_101!9741!t2!u_102!9745!t2!d_103!9757!t2!u_104!9839!t2!d_105!9845!i1!u!9902!t2!u_106!9928!t2!d_107!9934!t2!u_108!9995!t1!u_109!10013!t2!d_110!10022!t2!u_111!10105!t2!d_112!10112!c3!d!10127!t2!u_113!10193!t2!d_114!10199!t2!u_115!10281!t2!d_116!10287!i1!d!10303!t1!d_117!10319!t2!u_118!10332!t2!d_119!10552!t2!u_120!10635!t2!d_121!10641!t2!u_122!10723!t2!d_123!10730!t2!u_124!10804!t2!d_125!10818!t2!u_126!10887!t2!d_127!10907!t2!u_128!10952!t2!d_129!10996!t2!u_130!11078!t2!d_131!11084!t2!u_132!11166!t2!d_133!11173!t2!u_134!11236!t2!d_135!11261!c1!u!11310!t2!u_136!11328!t2!d_137!11349!t2!u_138!11432!t2!d_139!11439!i3!u!11498!t2!u_140!11520!t2!d_141!11526!t1!u_0!11586!t2!u_1!11602!t2!d_2!11614!t2!u_3!11661!,
Thu Jul 16 08:01:16 EDT 2015<EOT>: : t2!u_26!0!t2!d_27!5!t2!u_28!88!t2!d_29!94!t1!u_30!130!t2!u_31!137!c3!u!181!t2!d_32!183!map!d!216!t2!u_33!254!t2!d_34!271!t2!u_35!352!t2!d_36!361!i4!u!366!t2!u_37!443!t2!d_38!450!t1!d_39!470!t2!u_40!531!t2!d_41!539!c3!d!558!t2!u_42!620!t2!d_43!626!t2!u_44!686!t2!d_45!714!HIP!u!737!i4!d!766!t1!u_46!777!t2!u_47!781!t2!d_48!980!t2!u_49!1019!t2!d_50!1069!t2!u_51!1152!t2!d_52!1158!t2!u_53!1241!t2!d_54!1247!t2!u_55!1330!t2!d_56!1336!t2!u_57!1419!t2!d_58!1426!t2!u_59!1508!t2!d_60!1514!t2!u_61!1555!t2!d_62!1603!HIP!d!1627!t2!u_63!1686!t2!d_64!1692!c1!u!1740!t2!u_65!1773!t2!d_66!1782!t2!u_67!1865!t2!d_68!1870!i2!u!1923!t2!u_69!1953!t2!d_70!1959!t2!u_71!2019!t2!d_72!2048!t1!d_73!2088!t2!u_74!2091!c1!d!2113!t2!d_75!2137!t2!u_76!2219!t2!d_77!2227!t2!u_78!2308!t2!d_79!2314!i2!d!2322!t2!u_80!2352!t2!d_81!2394!t1!u_82!2419!t2!u_83!2662!t2!d_84!2669!t1!d_85!2742!t2!u_86!2746!t2!d_87!2757!t2!u_88!2822!t2!d_89!2846!t2!u_90!2920!t2!d_91!2935!t2!u_92!3006!t2!d_93!3023!t1!u_94!3048!t2!u_95!3106!t2!d_96!3111!t2!u_97!3194!t2!d_98!3202!t2!u_99!3283!t2!d_100!3289!c3!u!3337!t2!u_101!3352!t1!d_102!3367!t2!d_103!3377!t2!u_104!3460!t2!d_105!3466!i1!u!3526!t2!u_106!3548!t2!d_107!3554!t2!u_108!3637!t1!u_109!3642!t2!d_110!3646!t2!u_111!3685!c3!d!3707!t2!d_112!3731!t2!u_113!3773!t2!d_114!3819!t2!u_115!3901!t2!d_116!3907!i1!d!3926!t1!d_117!3956!t2!u_118!3960!t2!d_119!4173!t2!u_120!4251!t2!d_121!4262!t2!u_122!4345!t2!d_123!4350!t2!u_124!4433!t2!d_125!4440!t2!u_126!4521!t2!d_127!4528!t2!u_128!4610!t2!d_129!4616!t2!u_130!4685!t2!d_131!4705!t2!u_132!4773!t2!d_133!4794!t2!u_134!4876!t2!d_135!4883!c1!u!4933!t2!u_136!4965!t2!d_137!4971!t2!u_138!5019!t2!d_139!5060!t2!u_140!5106!i3!u!5118!t2!d_141!5150!t1!u_0!5214!t2!u_1!5229!t2!d_2!5237!t2!u_3!5319!t2!d_4!5325!c1!d!5344!t2!u_5!5407!t2!d_6!5414!t2!u_7!5490!t2!d_8!5501!i3!d!5517!r!1878!5555!t1!d_9!5567!t2!u_10!5571!t2!d_11!5583!t2!u_12!5823!t2!d_13!5856!t1!u_14!5866!t2!u_15!5920!t2!d_16!5944!t2!u_17!6019!t2!d_18!6032!t2!u_19!6115!t2!d_20!6122!map!u!6152!t2!u_21!6204!t2!d_22!6210!t1!d_23!6224!t2!u_24!6293!t2!d_25!6299!t2!u_26!6352!t2!d_27!6388!t2!u_28!6439!t2!d_29!6476!t1!u_30!6512!t2!u_31!6517!c3!u!6560!t2!d_32!6565!map!d!6597!t2!u_33!6647!t2!d_34!6653!i4!u!6713!t2!u_35!6735!t2!d_36!6741!t2!u_37!6824!t2!d_38!6830!t1!d_39!6848!t2!u_40!6912!t2!d_41!6920!c3!d!6939!t2!u_42!7000!t2!d_43!7007!t2!u_44!7089!t2!d_45!7095!i4!d!7115!HIP!u!7118!t1!u_46!7155!t2!u_47!7159!t2!d_48!7361!t2!u_49!7439!t2!d_50!7448!t2!u_51!7531!t2!d_52!7537!t2!u_53!7586!t2!d_54!7626!t2!u_55!7685!t2!d_56!7716!t2!u_57!7772!t2!d_58!7805!t2!u_59!7888!t2!d_60!7894!t2!u_61!7977!t2!d_62!7983!HIP!d!8004!t2!u_63!8018!t2!d_64!8072!c1!u!8117!t2!u_65!8155!t2!d_66!8161!t2!u_67!8245!t2!d_68!8249!i2!u!8298!t2!u_69!8332!t2!d_70!8338!t2!u_71!8421!t2!d_72!8427!t1!d_73!8462!t2!u_74!8466!c1!d!8488!t2!d_75!8515!t2!u_76!8575!t2!d_77!8604!t2!u_78!8685!t2!d_79!8693!i2!d!8699!t2!u_80!8767!t2!d_81!8773!t1!u_82!8794!t2!u_83!9018!t2!d_84!9048!t2!u_85!9105!t1!d_86!9120!t2!d_87!9136!t2!u_88!9219!t2!d_89!9224!t2!u_90!9307!t2!d_91!9313!t2!u_92!9396!t2!d_93!9402!t1!u_94!9425!t2!u_95!9485!t2!d_96!9491!t2!u_97!9573!t2!d_98!9580!t2!u_99!9662!t2!d_100!9668!c3!u!9715!t1!d_101!9741!t2!u_102!9745!t2!d_103!9757!t2!u_104!9839!t2!d_105!9845!i1!u!9902!t2!u_106!9928!t2!d_107!9934!t2!u_108!9995!t1!u_109!10013!t2!d_110!10022!t2!u_111!10105!t2!d_112!10112!c3!d!10127!t2!u_113!10193!t2!d_114!10199!t2!u_115!10281!t2!d_116!10287!i1!d!10303!t1!d_117!10319!t2!u_118!10332!t2!d_119!10552!t2!u_120!10635!t2!d_121!10641!t2!u_122!10723!t2!d_123!10730!t2!u_124!10804!t2!d_125!10818!t2!u_126!10887!t2!d_127!10907!t2!u_128!10952!t2!d_129!10996!t2!u_130!11078!t2!d_131!11084!t2!u_132!11166!t2!d_133!11173!t2!u_134!11236!t2!d_135!11261!c1!u!11310!t2!u_136!11328!t2!d_137!11349!t2!u_138!11432!t2!d_139!11439!i3!u!11498!t2!u_140!11520!t2!d_141!11526!t1!u_0!11586!t2!u_1!11602!t2!d_2!11614!t2!u_3!11661!
Thu Jul 16 08:01:16 EDT 2015<EOT>: Sending [0, 1, 71, 58, -70, 59, -66]
Thu Jul 16 08:01:16 EDT 2015<EOT>: Waiting for 2 byte(s): text header
Thu Jul 16 08:01:16 EDT 2015<EOT>: Waiting for 334 byte(s): text body
Thu Jul 16 08:01:16 EDT 2015<EOT>: time,140.233,rpm,2095,ENGINE_LOAD,22.37,MAP,22.37,afr,10.02,vss,0.00,ks,0.00,kv,2.71,vbatt,13.09,TP,0.00,CLT,23.92,MAT,20.73,ckp_c,93625,fuel_base,2.75,fuel_lag,1.00,fuel,4.06,timing,21.22,duty0,NaN,dwell0,0.00,total_dwell0,0.00,period0,0.00,advance0,682.000,duty1,NaN,dwell1,0.00,total_dwell1,0.00,period1,0.00,advance1,682.000,
Thu Jul 16 08:01:16 EDT 2015<EOT>: Sending [0, 1, 71, 58, -70, 59, -66]
Thu Jul 16 08:01:16 EDT 2015<EOT>: Waiting for 2 byte(s): text header
Thu Jul 16 08:01:16 EDT 2015<EOT>: Waiting for 2111 byte(s): text body
Thu Jul 16 08:01:16 EDT 2015<EOT>: analog_chart,0.00|0.00|1.81|3001.00|2.52|2002.00|11.37|3003.00|12.23|2004.00|21.35|3005.00|22.39|2006.00|26.92|3007.00|32.03|2008.00|40.27|3009.00|40.99|10.00|41.69|2011.00|69.84|3012.00|71.94|2013.00|73.64|1014.00|81.15|3015.00|81.90|2016.00|91.15|3017.00|91.91|2018.00|98.63|3019.00|101.90|2020.00|110.87|3021.00|111.89|2022.00|113.68|23.00|120.90|3024.00|121.86|2025.00|129.50|3026.00|131.87|2027.00|140.57|3028.00|141.85|2029.00|146.20|1030.00|146.93|3031.00|151.84|2032.00|161.05|3033.00|162.53|2034.00|171.01|3035.00|171.75|2036.00|180.95|3037.00|181.69|2038.00|184.40|39.00|190.89|3040.00|191.98|2041.00|200.81|3042.00|201.67|2043.00|210.92|3044.00|211.64|2045.00|218.79|1046.00|219.51|3047.00|241.37|2048.00|250.61|3049.00|251.35|2050.00|260.59|3051.00|261.34|2052.00|266.52|3053.00|271.31|2054.00|278.78|3055.00|281.37|2056.00|290.63|3057.00|291.68|2058.00|297.41|3059.00|301.39|2060.00|308.49|3061.00|311.39|2062.00|320.76|3063.00|321.86|2064.00|328.17|3065.00|331.42|2066.00|340.63|3067.00|342.11|2068.00|350.47|3069.00|351.29|2070.00|360.58|3071.00|361.30|2072.00|365.88|73.00|366.60|3074.00|371.25|2075.00|380.47|3076.00|381.20|2077.00|390.39|3078.00|391.12|2079.00|399.38|3080.00|400.18|2081.00|402.73|1082.00|430.22|3083.00|431.25|2084.00|439.48|85.00|440.19|3086.00|440.92|2087.00|446.68|3088.00|450.91|2089.00|460.41|3090.00|461.13|2091.00|470.11|3092.00|470.88|2093.00|474.45|1094.00|476.39|3095.00|480.87|2096.00|488.66|3097.00|490.83|2098.00|500.06|3099.00|501.03|2100.00|509.36|3101.00|510.08|102.00|510.80|2103.00|518.30|3104.00|520.72|2105.00|529.92|3106.00|530.66|2107.00|539.85|3108.00|540.60|1109.00|541.33|2110.00|549.79|3111.00|550.67|2112.00|559.71|3113.00|560.50|2114.00|569.65|3115.00|570.40|2116.00|574.55|117.00|575.27|3118.00|600.18|2119.00|609.42|3120.00|610.21|2121.00|619.51|3122.00|620.24|2123.00|629.48|3124.00|630.20|2125.00|639.33|3126.00|640.07|2127.00|644.53|3128.00|650.06|2129.00|656.57|3130.00|660.03|2131.00|668.36|3132.00|669.96|2133.00|675.20|3134.00|679.96|2135.00|686.27|3136.00|689.95|2137.00|698.55|3138.00|699.89|2139.00|709.08|3140.00|709.82|2141.00|,
Thu Jul 16 08:01:16 EDT 2015<EOT>: Analog chart from 0.0 to 709.82
Thu Jul 16 08:01:16 EDT 2015<EOT>: Sending [0, 1, 71, 58, -70, 59, -66]
Thu Jul 16 08:01:16 EDT 2015<EOT>: Waiting for 2 byte(s): text header
Thu Jul 16 08:01:16 EDT 2015<EOT>: Waiting for 334 byte(s): text body
Thu Jul 16 08:01:16 EDT 2015<EOT>: time,140.434,rpm,2112,ENGINE_LOAD,22.01,MAP,22.01,afr,10.01,vss,0.00,ks,0.00,kv,2.72,vbatt,12.89,TP,0.20,CLT,23.90,MAT,21.54,ckp_c,94127,fuel_base,2.71,fuel_lag,1.00,fuel,4.02,timing,21.20,duty0,NaN,dwell0,0.00,total_dwell0,0.00,period0,0.00,advance0,682.000,duty1,NaN,dwell1,0.00,total_dwell1,0.00,period1,0.00,advance1,682.000,
Thu Jul 16 08:01:16 EDT 2015<EOT>: Sending [0, 1, 71, 58, -70, 59, -66]
Thu Jul 16 08:01:16 EDT 2015<EOT>: Waiting for 2 byte(s): text header
Thu Jul 16 08:01:16 EDT 2015<EOT>: Waiting for 5 byte(s): text body
Thu Jul 16 08:01:16 EDT 2015<EOT>: Sending [0, 1, 71, 58, -70, 59, -66]
Thu Jul 16 08:01:16 EDT 2015<EOT>: Waiting for 2 byte(s): text header
Thu Jul 16 08:01:16 EDT 2015<EOT>: Waiting for 334 byte(s): text body
Thu Jul 16 08:01:16 EDT 2015<EOT>: time,140.636,rpm,2123,ENGINE_LOAD,21.72,MAP,21.72,afr,10.01,vss,0.00,ks,0.00,kv,2.74,vbatt,13.15,TP,0.00,CLT,23.34,MAT,20.00,ckp_c,94632,fuel_base,2.68,fuel_lag,1.00,fuel,3.98,timing,21.18,duty0,NaN,dwell0,0.00,total_dwell0,0.00,period0,0.00,advance0,682.000,duty1,NaN,dwell1,0.00,total_dwell1,0.00,period1,0.00,advance1,682.000,
Thu Jul 16 08:01:16 EDT 2015<EOT>: Sending [0, 1, 71, 58, -70, 59, -66]
Thu Jul 16 08:01:16 EDT 2015<EOT>: Waiting for 2 byte(s): text header
Thu Jul 16 08:01:16 EDT 2015<EOT>: Waiting for 5 byte(s): text body
Thu Jul 16 08:01:17 EDT 2015<EOT>: Sending [0, 1, 71, 58, -70, 59, -66]
Thu Jul 16 08:01:17 EDT 2015<EOT>: Waiting for 2 byte(s): text header
Thu Jul 16 08:01:17 EDT 2015<EOT>: Waiting for 334 byte(s): text body
Thu Jul 16 08:01:17 EDT 2015<EOT>: time,140.837,rpm,2130,ENGINE_LOAD,21.63,MAP,21.63,afr,10.01,vss,0.00,ks,0.00,kv,2.73,vbatt,13.22,TP,0.00,CLT,24.08,MAT,19.55,ckp_c,95139,fuel_base,2.67,fuel_lag,1.00,fuel,3.97,timing,21.21,duty0,NaN,dwell0,0.00,total_dwell0,0.00,period0,0.00,advance0,682.000,duty1,NaN,dwell1,0.00,total_dwell1,0.00,period1,0.00,advance1,682.000,
Thu Jul 16 08:01:17 EDT 2015<EOT>: Sending [0, 1, 71, 58, -70, 59, -66]
Thu Jul 16 08:01:17 EDT 2015<EOT>: Waiting for 2 byte(s): text header
Thu Jul 16 08:01:17 EDT 2015<EOT>: Waiting for 5 byte(s): text body
Thu Jul 16 08:01:17 EDT 2015<EOT>: Sending [0, 1, 71, 58, -70, 59, -66]
Thu Jul 16 08:01:17 EDT 2015<EOT>: Waiting for 2 byte(s): text header
Thu Jul 16 08:01:17 EDT 2015<EOT>: Waiting for 334 byte(s): text body
Thu Jul 16 08:01:17 EDT 2015<EOT>: time,141.037,rpm,2129,ENGINE_LOAD,21.38,MAP,21.38,afr,10.00,vss,0.00,ks,0.00,kv,2.80,vbatt,13.22,TP,1.20,CLT,24.03,MAT,20.02,ckp_c,95648,fuel_base,2.65,fuel_lag,1.00,fuel,3.94,timing,21.19,duty0,NaN,dwell0,0.00,total_dwell0,0.00,period0,0.00,advance0,682.000,duty1,NaN,dwell1,0.00,total_dwell1,0.00,period1,0.00,advance1,682.000,
Thu Jul 16 08:01:17 EDT 2015<EOT>: Sending [0, 1, 71, 58, -70, 59, -66]
Thu Jul 16 08:01:17 EDT 2015<EOT>: Waiting for 2 byte(s): text header
Thu Jul 16 08:01:17 EDT 2015<EOT>: Waiting for 3853 byte(s): text body
Thu Jul 16 08:01:17 EDT 2015<EOT>: wave_chart,t2!u_99!0!t2!d_100!28!c3!u!34!t2!u_101!94!t1!d_102!97!t2!d_103!109!t2!u_104!182!t2!d_105!190!i1!u!222!t2!u_106!261!t2!d_107!267!t2!u_108!333!t2!d_109!347!t1!u_110!350!t2!u_111!420!t2!d_112!427!c3!d!440!t2!u_113!499!t2!d_114!506!t2!u_115!581!t2!d_116!585!t1!d_117!626!t2!u_118!630!i1!d!634!t2!d_119!825!t2!u_120!897!t2!d_121!903!t2!u_122!977!t2!d_123!983!t2!u_124!1057!t2!d_125!1063!t2!u_126!1115!t2!d_127!1144!t2!u_128!1217!t2!d_129!1223!t2!u_130!1297!t2!d_131!1303!t2!u_132!1377!t2!d_133!1384!t2!u_134!1427!t2!d_135!1463!c1!u!1472!t2!u_136!1537!t2!d_137!1543!t2!u_138!1617!t2!d_139!1625!i3!u!1659!t2!u_140!1666!t2!d_141!1702!t2!u_142!1760!t1!u_0!1764!t2!d_1!1782!t2!u_2!1856!t2!d_3!1862!c1!d!1886!t2!u_4!1936!t2!d_5!1943!t2!u_6!1999!t2!d_7!2021!i3!d!2070!r!2086!2073!t1!d_8!2079!t2!u_9!2083!t2!d_10!2093!t2!u_11!2332!t2!d_12!2340!t1!u_13!2349!t2!u_14!2413!t2!d_15!2419!t2!u_16!2494!t2!d_17!2499!t2!u_18!2575!t2!d_19!2579!map!u!2617!t2!u_20!2653!t2!d_21!2659!t1!d_22!2675!t2!u_23!2733!t2!d_24!2739!t2!u_25!2813!t2!d_26!2819!t2!u_27!2893!t2!d_28!2899!t1!u_29!2932!t2!u_30!2938!c3!u!2952!t2!d_31!2979!map!d!3018!t2!u_32!3052!t2!d_33!3058!t2!u_34!3093!i4!u!3101!t2!d_35!3138!t2!u_36!3211!t2!d_37!3217!t1!d_38!3231!t2!u_39!3291!t2!d_40!3296!c3!d!3322!t2!u_41!3333!t2!d_42!3376!t2!u_43!3427!t2!d_44!3455!HIP!u!3487!i4!d!3508!t1!u_45!3512!t2!u_46!3516!t2!d_47!3694!t2!u_48!3760!t2!d_49!3774!t2!u_50!3848!t2!d_51!3854!t2!u_52!3928!t2!d_53!3934!t2!u_54!4001!t2!d_55!4014!t2!u_56!4088!t2!d_57!4094!t2!u_58!4168!t2!d_59!4174!t2!u_60!4248!t2!d_61!4254!HIP!d!4289!t2!u_62!4328!t2!d_63!4334!c1!u!4379!t2!u_64!4408!t2!d_65!4414!t2!u_66!4488!t2!d_67!4494!i2!u!4534!t2!u_68!4567!t2!d_69!4575!t2!u_70!4647!t2!d_71!4652!t1!d_72!4683!t2!u_73!4687!t2!d_74!4734!c1!d!4754!t2!u_75!4806!t2!d_76!4813!t2!u_77!4887!t2!d_78!4891!i2!d!4942!t2!u_79!4957!t2!d_80!4963!t1!u_81!4983!t2!u_82!5203!t2!d_83!5210!t1!d_84!5275!t2!u_85!5279!t2!d_86!5289!t2!u_87!5332!t2!d_88!5368!t2!u_89!5427!t2!d_90!5448!t2!u_91!5518!t2!d_92!5528!t1!u_93!5553!t2!u_94!5602!t2!d_95!5607!t2!u_96!5666!t2!d_97!5687!t2!u_98!5760!t2!d_99!5768!c3!u!5811!t1!d_100!5831!t2!u_101!5835!t2!d_102!5846!t2!u_103!5920!t2!d_104!5926!i1!u!5966!t2!u_105!5999!t2!d_106!6005!t1!u_107!6074!t2!u_108!6078!t2!d_109!6085!t2!u_110!6158!t2!d_111!6164!c3!d!6183!t2!u_112!6237!t2!d_113!6245!t2!u_114!6316!t2!d_115!6322!t1!d_116!6351!i1!d!6374!t2!u_117!6426!t2!d_118!6560!t2!u_119!6634!t2!d_120!6641!t2!u_121!6714!t2!d_122!6720!t2!u_123!6793!t2!d_124!6799!t2!u_125!6873!t2!d_126!6881!t2!u_127!6953!t2!d_128!6959!t2!u_129!6999!t2!d_130!7039!t2!u_131!7112!t2!d_132!7118!t2!u_133!7192!t2!d_134!7198!t2!u_135!7241!c1!u!7246!t2!d_136!7278!t2!u_137!7332!t2!d_138!7357!i3!u!7399!t2!u_139!7431!t2!d_140!7437!t1!u_0!7490!t2!u_1!7507!t2!d_2!7516!t2!u_3!7589!t2!d_4!7595!c1!d!7613!t2!u_5!7665!t2!d_6!7675!t2!u_7!7748!t2!d_8!7753!r!2095!7800!i3!d!7807!t1!d_9!7813!t2!u_10!7817!t2!d_11!7825!t2!u_12!8065!t2!d_13!8072!t1!u_14!8079!t2!u_15!8145!t2!d_16!8151!t2!u_17!8224!t2!d_18!8230!t2!u_19!8304!t2!d_20!8310!map!u!8341!t2!u_21!8384!t2!d_22!8390!t1!d_23!8398!t2!u_24!8426!t2!d_25!8469!t2!u_26!8543!t2!d_27!8549!t2!u_28!8623!t2!d_29!8628!c3!u!8646!t1!u_30!8659!t2!u_31!8662!t2!d_32!8708!map!d!8740!t2!u_33!8781!t2!d_34!8790!i4!u!8825!t2!u_35!8861!t2!d_36!8867!t2!u_37!8940!t2!d_38!8946!t1!d_39!8960!t2!u_40!8999!c3!d!9024!t2!d_41!9026!t2!u_42!9093!t2!d_43!9104!t2!u_44!9177!t2!d_45!9184!HIP!u!9210!i4!d!9231!t1!u_46!9237!t2!u_47!9240!t2!d_48!9421!t2!u_49!9495!t2!d_50!9501!t2!u_51!9576!t2!d_52!9580!t2!u_53!9655!t2!d_54!9662!t2!u_55!9733!t2!d_56!9739!t2!u_57!9813!t2!d_58!9819!t2!u_59!9893!t2!d_60!9899!t2!u_61!9972!t2!d_62!9978!HIP!d!10011!t2!u_63!10052!t2!d_64!10058!t2!u_65!10093!c1!u!10096!t2!d_66!10137!t2!u_67!10211!t2!d_68!10219!i2!u!10251!t2!u_69!10290!t2!d_70!10296!t2!u_71!10329!t2!d_72!10375!t1!d_73!10404!t2!u_74!10448!,
Thu Jul 16 08:01:17 EDT 2015<EOT>: : t2!u_99!0!t2!d_100!28!c3!u!34!t2!u_101!94!t1!d_102!97!t2!d_103!109!t2!u_104!182!t2!d_105!190!i1!u!222!t2!u_106!261!t2!d_107!267!t2!u_108!333!t2!d_109!347!t1!u_110!350!t2!u_111!420!t2!d_112!427!c3!d!440!t2!u_113!499!t2!d_114!506!t2!u_115!581!t2!d_116!585!t1!d_117!626!t2!u_118!630!i1!d!634!t2!d_119!825!t2!u_120!897!t2!d_121!903!t2!u_122!977!t2!d_123!983!t2!u_124!1057!t2!d_125!1063!t2!u_126!1115!t2!d_127!1144!t2!u_128!1217!t2!d_129!1223!t2!u_130!1297!t2!d_131!1303!t2!u_132!1377!t2!d_133!1384!t2!u_134!1427!t2!d_135!1463!c1!u!1472!t2!u_136!1537!t2!d_137!1543!t2!u_138!1617!t2!d_139!1625!i3!u!1659!t2!u_140!1666!t2!d_141!1702!t2!u_142!1760!t1!u_0!1764!t2!d_1!1782!t2!u_2!1856!t2!d_3!1862!c1!d!1886!t2!u_4!1936!t2!d_5!1943!t2!u_6!1999!t2!d_7!2021!i3!d!2070!r!2086!2073!t1!d_8!2079!t2!u_9!2083!t2!d_10!2093!t2!u_11!2332!t2!d_12!2340!t1!u_13!2349!t2!u_14!2413!t2!d_15!2419!t2!u_16!2494!t2!d_17!2499!t2!u_18!2575!t2!d_19!2579!map!u!2617!t2!u_20!2653!t2!d_21!2659!t1!d_22!2675!t2!u_23!2733!t2!d_24!2739!t2!u_25!2813!t2!d_26!2819!t2!u_27!2893!t2!d_28!2899!t1!u_29!2932!t2!u_30!2938!c3!u!2952!t2!d_31!2979!map!d!3018!t2!u_32!3052!t2!d_33!3058!t2!u_34!3093!i4!u!3101!t2!d_35!3138!t2!u_36!3211!t2!d_37!3217!t1!d_38!3231!t2!u_39!3291!t2!d_40!3296!c3!d!3322!t2!u_41!3333!t2!d_42!3376!t2!u_43!3427!t2!d_44!3455!HIP!u!3487!i4!d!3508!t1!u_45!3512!t2!u_46!3516!t2!d_47!3694!t2!u_48!3760!t2!d_49!3774!t2!u_50!3848!t2!d_51!3854!t2!u_52!3928!t2!d_53!3934!t2!u_54!4001!t2!d_55!4014!t2!u_56!4088!t2!d_57!4094!t2!u_58!4168!t2!d_59!4174!t2!u_60!4248!t2!d_61!4254!HIP!d!4289!t2!u_62!4328!t2!d_63!4334!c1!u!4379!t2!u_64!4408!t2!d_65!4414!t2!u_66!4488!t2!d_67!4494!i2!u!4534!t2!u_68!4567!t2!d_69!4575!t2!u_70!4647!t2!d_71!4652!t1!d_72!4683!t2!u_73!4687!t2!d_74!4734!c1!d!4754!t2!u_75!4806!t2!d_76!4813!t2!u_77!4887!t2!d_78!4891!i2!d!4942!t2!u_79!4957!t2!d_80!4963!t1!u_81!4983!t2!u_82!5203!t2!d_83!5210!t1!d_84!5275!t2!u_85!5279!t2!d_86!5289!t2!u_87!5332!t2!d_88!5368!t2!u_89!5427!t2!d_90!5448!t2!u_91!5518!t2!d_92!5528!t1!u_93!5553!t2!u_94!5602!t2!d_95!5607!t2!u_96!5666!t2!d_97!5687!t2!u_98!5760!t2!d_99!5768!c3!u!5811!t1!d_100!5831!t2!u_101!5835!t2!d_102!5846!t2!u_103!5920!t2!d_104!5926!i1!u!5966!t2!u_105!5999!t2!d_106!6005!t1!u_107!6074!t2!u_108!6078!t2!d_109!6085!t2!u_110!6158!t2!d_111!6164!c3!d!6183!t2!u_112!6237!t2!d_113!6245!t2!u_114!6316!t2!d_115!6322!t1!d_116!6351!i1!d!6374!t2!u_117!6426!t2!d_118!6560!t2!u_119!6634!t2!d_120!6641!t2!u_121!6714!t2!d_122!6720!t2!u_123!6793!t2!d_124!6799!t2!u_125!6873!t2!d_126!6881!t2!u_127!6953!t2!d_128!6959!t2!u_129!6999!t2!d_130!7039!t2!u_131!7112!t2!d_132!7118!t2!u_133!7192!t2!d_134!7198!t2!u_135!7241!c1!u!7246!t2!d_136!7278!t2!u_137!7332!t2!d_138!7357!i3!u!7399!t2!u_139!7431!t2!d_140!7437!t1!u_0!7490!t2!u_1!7507!t2!d_2!7516!t2!u_3!7589!t2!d_4!7595!c1!d!7613!t2!u_5!7665!t2!d_6!7675!t2!u_7!7748!t2!d_8!7753!r!2095!7800!i3!d!7807!t1!d_9!7813!t2!u_10!7817!t2!d_11!7825!t2!u_12!8065!t2!d_13!8072!t1!u_14!8079!t2!u_15!8145!t2!d_16!8151!t2!u_17!8224!t2!d_18!8230!t2!u_19!8304!t2!d_20!8310!map!u!8341!t2!u_21!8384!t2!d_22!8390!t1!d_23!8398!t2!u_24!8426!t2!d_25!8469!t2!u_26!8543!t2!d_27!8549!t2!u_28!8623!t2!d_29!8628!c3!u!8646!t1!u_30!8659!t2!u_31!8662!t2!d_32!8708!map!d!8740!t2!u_33!8781!t2!d_34!8790!i4!u!8825!t2!u_35!8861!t2!d_36!8867!t2!u_37!8940!t2!d_38!8946!t1!d_39!8960!t2!u_40!8999!c3!d!9024!t2!d_41!9026!t2!u_42!9093!t2!d_43!9104!t2!u_44!9177!t2!d_45!9184!HIP!u!9210!i4!d!9231!t1!u_46!9237!t2!u_47!9240!t2!d_48!9421!t2!u_49!9495!t2!d_50!9501!t2!u_51!9576!t2!d_52!9580!t2!u_53!9655!t2!d_54!9662!t2!u_55!9733!t2!d_56!9739!t2!u_57!9813!t2!d_58!9819!t2!u_59!9893!t2!d_60!9899!t2!u_61!9972!t2!d_62!9978!HIP!d!10011!t2!u_63!10052!t2!d_64!10058!t2!u_65!10093!c1!u!10096!t2!d_66!10137!t2!u_67!10211!t2!d_68!10219!i2!u!10251!t2!u_69!10290!t2!d_70!10296!t2!u_71!10329!t2!d_72!10375!t1!d_73!10404!t2!u_74!10448!
Thu Jul 16 08:01:17 EDT 2015<EOT>: Sending [0, 1, 71, 58, -70, 59, -66]
Thu Jul 16 08:01:17 EDT 2015<EOT>: Waiting for 2 byte(s): text header
Thu Jul 16 08:01:17 EDT 2015<EOT>: Waiting for 334 byte(s): text body
Thu Jul 16 08:01:17 EDT 2015<EOT>: time,141.238,rpm,2141,ENGINE_LOAD,21.28,MAP,21.28,afr,10.01,vss,0.00,ks,0.00,kv,2.70,vbatt,13.18,TP,0.20,CLT,24.06,MAT,19.42,ckp_c,96153,fuel_base,2.63,fuel_lag,1.00,fuel,3.93,timing,21.18,duty0,NaN,dwell0,0.00,total_dwell0,0.00,period0,0.00,advance0,682.000,duty1,NaN,dwell1,0.00,total_dwell1,0.00,period1,0.00,advance1,682.000,
Thu Jul 16 08:01:17 EDT 2015<EOT>: Sending [0, 1, 71, 58, -70, 59, -66]
Thu Jul 16 08:01:17 EDT 2015<EOT>: Waiting for 2 byte(s): text header
Thu Jul 16 08:01:17 EDT 2015<EOT>: Waiting for 5 byte(s): text body
Thu Jul 16 08:01:17 EDT 2015<EOT>: Sending [0, 1, 71, 58, -70, 59, -66]
Thu Jul 16 08:01:17 EDT 2015<EOT>: Waiting for 2 byte(s): text header
Thu Jul 16 08:01:17 EDT 2015<EOT>: Waiting for 2440 byte(s): text body
Thu Jul 16 08:01:17 EDT 2015<EOT>: time,141.440,rpm,2139,ENGINE_LOAD,21.00,MAP,21.00,afr,10.00,vss,0.00,ks,0.00,kv,2.71,vbatt,13.08,TP,0.00,CLT,24.11,MAT,21.96,ckp_c,96664,fuel_base,2.60,fuel_lag,1.00,fuel,3.89,timing,21.17,duty0,NaN,dwell0,0.00,total_dwell0,0.00,period0,0.00,advance0,682.000,duty1,NaN,dwell1,0.00,total_dwell1,0.00,period1,0.00,advance1,682.000,analog_chart,0.00|0.00|1.83|3001.00|2.54|2002.00|11.70|3003.00|12.62|2004.00|21.42|3005.00|22.36|2006.00|31.37|3007.00|32.14|2008.00|39.27|9.00|39.98|3010.00|41.14|2011.00|71.37|3012.00|72.23|2013.00|72.98|1014.00|81.41|3015.00|82.14|2016.00|91.16|3017.00|92.18|2018.00|101.45|3019.00|102.20|2020.00|111.48|3021.00|112.24|2022.00|113.81|23.00|121.53|3024.00|122.27|2025.00|128.38|3026.00|132.29|2027.00|141.57|3028.00|142.34|2029.00|145.61|1030.00|151.58|3031.00|152.34|2032.00|161.58|3033.00|162.33|2034.00|171.55|3035.00|172.30|2036.00|176.69|3037.00|182.26|2038.00|183.71|39.00|191.49|3040.00|192.45|2041.00|201.45|3042.00|202.29|2043.00|211.42|3044.00|212.18|2045.00|218.29|1046.00|219.03|3047.00|242.29|2048.00|251.72|3049.00|252.45|2050.00|261.40|3051.00|262.46|2052.00|271.44|3053.00|272.19|2054.00|281.48|3055.00|282.24|2056.00|291.21|3057.00|292.38|2058.00|301.58|3059.00|302.34|2060.00|311.61|3061.00|312.37|2062.00|320.58|3063.00|322.44|2064.00|331.69|3065.00|332.45|2066.00|341.71|3067.00|343.03|2068.00|347.82|3069.00|352.42|2070.00|361.70|3071.00|362.45|2072.00|366.40|73.00|367.12|3074.00|372.42|2075.00|381.67|3076.00|382.46|2077.00|390.83|3078.00|392.37|2079.00|400.63|3080.00|401.87|2081.00|403.47|1082.00|428.96|3083.00|432.51|2084.00|440.59|85.00|441.31|3086.00|442.31|2087.00|450.01|3088.00|452.35|2089.00|461.60|3090.00|462.35|2091.00|471.62|3092.00|472.66|2093.00|475.29|1094.00|476.38|3095.00|482.39|2096.00|487.27|3097.00|492.42|2098.00|501.67|3099.00|502.61|2100.00|510.85|101.00|511.59|3102.00|512.43|2103.00|519.04|3104.00|522.44|2105.00|530.11|3106.00|532.45|2107.00|541.59|1108.00|542.34|3109.00|543.09|2110.00|551.60|3111.00|552.56|2112.00|560.38|3113.00|562.31|2114.00|571.52|3115.00|572.33|2116.00|577.16|117.00|577.89|3118.00|602.29|2119.00|611.48|3120.00|612.23|2121.00|621.49|3122.00|622.29|2123.00|627.52|3124.00|632.29|2125.00|641.55|3126.00|642.32|2127.00|651.58|3128.00|652.34|2129.00|658.97|3130.00|662.41|2131.00|667.11|3132.00|672.43|2133.00|681.68|3134.00|682.61|2135.00|688.71|3136.00|692.46|2137.00|701.16|3138.00|702.44|2139.00|711.69|3140.00|712.44|2141.00|,
Thu Jul 16 08:01:17 EDT 2015<EOT>: Analog chart from 0.0 to 712.44
Thu Jul 16 08:01:17 EDT 2015<EOT>: Sending [0, 1, 71, 58, -70, 59, -66]
Thu Jul 16 08:01:17 EDT 2015<EOT>: Waiting for 2 byte(s): text header
Thu Jul 16 08:01:17 EDT 2015<EOT>: Waiting for 5 byte(s): text body
Thu Jul 16 08:01:17 EDT 2015<EOT>: Sending [0, 1, 71, 58, -70, 59, -66]
Thu Jul 16 08:01:17 EDT 2015<EOT>: Waiting for 2 byte(s): text header
Thu Jul 16 08:01:17 EDT 2015<EOT>: Waiting for 334 byte(s): text body
Thu Jul 16 08:01:17 EDT 2015<EOT>: time,141.641,rpm,2145,ENGINE_LOAD,21.32,MAP,21.32,afr,10.00,vss,0.00,ks,0.00,kv,2.70,vbatt,13.25,TP,0.00,CLT,24.14,MAT,19.58,ckp_c,97175,fuel_base,2.64,fuel_lag,1.00,fuel,3.93,timing,21.17,duty0,NaN,dwell0,0.00,total_dwell0,0.00,period0,0.00,advance0,682.000,duty1,NaN,dwell1,0.00,total_dwell1,0.00,period1,0.00,advance1,682.000,
Thu Jul 16 08:01:17 EDT 2015<EOT>: Sending [0, 1, 71, 58, -70, 59, -66]
Thu Jul 16 08:01:17 EDT 2015<EOT>: Waiting for 2 byte(s): text header
Thu Jul 16 08:01:17 EDT 2015<EOT>: Waiting for 5 byte(s): text body
Thu Jul 16 08:01:18 EDT 2015<EOT>: Sending [0, 1, 71, 58, -70, 59, -66]
Thu Jul 16 08:01:18 EDT 2015<EOT>: Waiting for 2 byte(s): text header
Thu Jul 16 08:01:18 EDT 2015<EOT>: Waiting for 334 byte(s): text body
Thu Jul 16 08:01:18 EDT 2015<EOT>: time,141.841,rpm,2152,ENGINE_LOAD,21.03,MAP,21.03,afr,10.00,vss,0.00,ks,0.00,kv,2.68,vbatt,13.20,TP,0.60,CLT,24.14,MAT,19.68,ckp_c,97685,fuel_base,2.60,fuel_lag,1.00,fuel,3.89,timing,21.17,duty0,NaN,dwell0,0.00,total_dwell0,0.00,period0,0.00,advance0,682.000,duty1,NaN,dwell1,0.00,total_dwell1,0.00,period1,0.00,advance1,682.000,
Thu Jul 16 08:01:18 EDT 2015<EOT>: Sending [0, 1, 71, 58, -70, 59, -66]
Thu Jul 16 08:01:18 EDT 2015<EOT>: Waiting for 2 byte(s): text header
Thu Jul 16 08:01:18 EDT 2015<EOT>: Waiting for 5 byte(s): text body
Thu Jul 16 08:01:18 EDT 2015<EOT>: Sending [0, 1, 71, 58, -70, 59, -66]
Thu Jul 16 08:01:18 EDT 2015<EOT>: Waiting for 2 byte(s): text header
Thu Jul 16 08:01:18 EDT 2015<EOT>: Waiting for 334 byte(s): text body
Thu Jul 16 08:01:18 EDT 2015<EOT>: time,142.042,rpm,2153,ENGINE_LOAD,20.97,MAP,20.97,afr,10.00,vss,0.00,ks,0.00,kv,2.74,vbatt,12.81,TP,0.00,CLT,24.35,MAT,21.67,ckp_c,98197,fuel_base,2.59,fuel_lag,1.00,fuel,3.88,timing,21.12,duty0,NaN,dwell0,0.00,total_dwell0,0.00,period0,0.00,advance0,682.000,duty1,NaN,dwell1,0.00,total_dwell1,0.00,period1,0.00,advance1,682.000,
Thu Jul 16 08:01:18 EDT 2015<EOT>: Sending [0, 1, 71, 58, -70, 59, -66]
Thu Jul 16 08:01:18 EDT 2015<EOT>: Waiting for 2 byte(s): text header
Thu Jul 16 08:01:18 EDT 2015<EOT>: Waiting for 3851 byte(s): text body
Thu Jul 16 08:01:18 EDT 2015<EOT>: wave_chart,t2!u_53!0!t2!d_54!5!t2!u_55!78!t2!d_56!84!t2!u_57!156!t2!d_58!162!t2!u_59!234!t2!d_60!240!t2!u_61!281!t2!d_62!318!HIP!d!338!t2!u_63!389!t2!d_64!397!c1!u!423!t2!u_65!469!t2!d_66!475!t2!u_67!547!t2!d_68!558!i2!u!592!t2!u_69!615!t2!d_70!631!t2!u_71!703!t2!d_72!708!t1!d_73!738!t2!u_74!741!c1!d!761!t2!d_75!786!t2!u_76!858!t2!d_77!865!t2!u_78!936!t2!d_79!942!i2!d!987!t2!u_80!1006!t2!d_81!1012!t1!u_82!1027!t2!u_83!1247!t2!d_84!1254!t1!d_85!1315!t2!u_86!1319!t2!d_87!1331!t2!u_88!1388!t2!d_89!1409!t2!u_90!1481!t2!d_91!1487!t2!u_92!1523!t2!d_93!1565!t1!u_94!1582!t2!u_95!1615!t2!d_96!1643!t2!u_97!1716!t2!d_98!1722!t2!u_99!1793!t2!d_100!1799!c3!u!1827!t2!u_101!1831!t1!d_102!1863!t2!d_103!1876!t2!u_104!1948!t2!d_105!1957!i1!u!1993!t2!u_106!2026!t2!d_107!2032!t2!u_108!2104!t1!u_109!2108!t2!d_110!2112!t2!u_111!2181!t2!d_112!2187!c3!d!2202!t2!u_113!2259!t2!d_114!2265!t2!u_115!2336!t2!d_116!2342!t1!d_117!2380!t2!u_118!2384!i1!d!2388!t2!d_119!2575!t2!u_120!2615!t2!d_121!2653!t2!u_122!2722!t2!d_123!2731!t2!u_124!2798!t2!d_125!2809!t2!u_126!2870!t2!d_127!2887!t2!u_128!2946!t2!d_129!2966!t2!u_130!3038!t2!d_131!3044!t2!u_132!3116!t2!d_133!3122!t2!u_134!3194!t2!d_135!3200!c1!u!3232!t2!u_136!3272!t2!d_137!3278!t2!u_138!3350!t2!d_139!3358!i3!u!3368!t2!u_140!3388!t2!d_141!3434!t1!u_0!3490!t2!u_1!3505!t2!d_2!3511!t2!u_3!3583!t2!d_4!3589!c1!d!3606!t2!u_5!3661!t2!d_6!3668!t2!u_7!3738!t2!d_8!3744!i3!d!3762!r!2135!3791!t2!u_9!3808!t1!d_10!3812!t2!d_11!3816!t2!u_12!4050!t2!d_13!4056!t1!u_14!4067!t2!u_15!4127!t2!d_16!4134!t2!u_17!4205!t2!d_18!4211!t2!u_19!4281!t2!d_20!4289!map!u!4325!t2!u_21!4361!t2!d_22!4367!t1!d_23!4383!t2!u_24!4439!t2!d_25!4446!t2!u_26!4518!t2!d_27!4524!t2!u_28!4576!t2!d_29!4603!c3!u!4612!t1!u_30!4638!t2!u_31!4641!t2!d_32!4679!map!d!4717!t2!u_33!4751!t2!d_34!4757!i4!u!4768!t2!u_35!4829!t2!d_36!4835!t2!u_37!4907!t2!d_38!4912!t1!d_39!4934!t2!u_40!4984!t2!d_41!4990!c3!d!5009!t2!u_42!5055!t2!d_43!5068!t2!u_44!5139!t2!d_45!5145!i4!d!5161!HIP!u!5168!t1!u_46!5203!t2!u_47!5206!t2!d_48!5379!t2!u_49!5450!t2!d_50!5456!t2!u_51!5505!t2!d_52!5536!t2!u_53!5608!t2!d_54!5613!t2!u_55!5685!t2!d_56!5691!t2!u_57!5763!t2!d_58!5769!t2!u_59!5841!t2!d_60!5847!t2!u_61!5919!t2!d_62!5925!HIP!d!5950!t2!u_63!5997!t2!d_64!6003!c1!u!6031!t2!u_65!6076!t2!d_66!6082!t2!u_67!6154!t2!d_68!6162!i2!u!6199!t2!u_69!6231!t2!d_70!6237!t2!u_71!6281!t2!d_72!6317!t1!d_73!6353!t2!u_74!6357!c1!d!6377!t2!d_75!6393!t2!u_76!6466!t2!d_77!6472!t2!u_78!6536!t2!d_79!6548!i2!d!6592!t2!u_80!6612!t2!d_81!6619!t1!u_82!6638!t2!u_83!6853!t2!d_84!6860!t1!d_85!6927!t2!u_86!6931!t2!d_87!6937!t2!u_88!7009!t2!d_89!7015!t2!u_90!7073!t2!d_91!7093!t2!u_92!7165!t2!d_93!7171!t1!u_94!7200!t2!u_95!7232!t2!d_96!7249!t2!u_97!7281!t2!d_98!7327!t2!u_99!7388!t2!d_100!7405!c3!u!7421!t1!d_101!7477!t2!u_102!7480!t2!d_103!7484!t2!u_104!7536!t2!d_105!7561!i1!u!7581!t2!u_106!7614!t2!d_107!7639!t2!u_108!7711!t1!u_109!7715!t2!d_110!7719!t2!u_111!7788!t2!d_112!7794!c3!d!7808!t2!u_113!7866!t2!d_114!7872!t2!u_115!7943!t2!d_116!7950!i1!d!7974!t1!d_117!7979!t2!u_118!7983!t2!d_119!8183!t2!u_120!8221!t2!d_121!8260!t2!u_122!8332!t2!d_123!8338!t2!u_124!8388!t2!d_125!8417!t2!u_126!8490!t2!d_127!8494!t2!u_128!8567!t2!d_129!8573!t2!u_130!8614!t2!d_131!8651!t2!u_132!8721!t2!d_133!8729!t2!u_134!8801!t2!d_135!8807!c1!u!8838!t2!u_136!8879!t2!d_137!8885!t2!u_138!8947!t2!d_139!8962!i3!u!8972!t2!u_140!9035!t2!d_141!9040!t1!u_0!9094!t2!u_1!9111!t2!d_2!9118!t2!u_3!9190!t2!d_4!9195!c1!d!9214!t2!u_5!9268!t2!d_6!9275!t2!u_7!9345!t2!d_8!9351!i3!d!9366!t2!u_9!9388!r!2141!9396!t1!d_10!9414!t2!d_11!9421!t2!u_12!9614!t2!d_13!9662!t1!u_14!9670!t2!u_15!9734!t2!d_16!9740!t2!u_17!9812!t2!d_18!9818!t2!u_19!9870!t2!d_20!9896!map!u!9927!t2!u_21!9947!t2!d_22!9974!t1!d_23!9987!t2!u_24!10027!t2!d_25!10054!t2!u_26!10124!t2!d_27!10130!t2!u_28!10202!t2!d_29!10208!c3!u!10217!t1!u_30!10240!t2!u_31!10244!,
Thu Jul 16 08:01:18 EDT 2015<EOT>: : t2!u_53!0!t2!d_54!5!t2!u_55!78!t2!d_56!84!t2!u_57!156!t2!d_58!162!t2!u_59!234!t2!d_60!240!t2!u_61!281!t2!d_62!318!HIP!d!338!t2!u_63!389!t2!d_64!397!c1!u!423!t2!u_65!469!t2!d_66!475!t2!u_67!547!t2!d_68!558!i2!u!592!t2!u_69!615!t2!d_70!631!t2!u_71!703!t2!d_72!708!t1!d_73!738!t2!u_74!741!c1!d!761!t2!d_75!786!t2!u_76!858!t2!d_77!865!t2!u_78!936!t2!d_79!942!i2!d!987!t2!u_80!1006!t2!d_81!1012!t1!u_82!1027!t2!u_83!1247!t2!d_84!1254!t1!d_85!1315!t2!u_86!1319!t2!d_87!1331!t2!u_88!1388!t2!d_89!1409!t2!u_90!1481!t2!d_91!1487!t2!u_92!1523!t2!d_93!1565!t1!u_94!1582!t2!u_95!1615!t2!d_96!1643!t2!u_97!1716!t2!d_98!1722!t2!u_99!1793!t2!d_100!1799!c3!u!1827!t2!u_101!1831!t1!d_102!1863!t2!d_103!1876!t2!u_104!1948!t2!d_105!1957!i1!u!1993!t2!u_106!2026!t2!d_107!2032!t2!u_108!2104!t1!u_109!2108!t2!d_110!2112!t2!u_111!2181!t2!d_112!2187!c3!d!2202!t2!u_113!2259!t2!d_114!2265!t2!u_115!2336!t2!d_116!2342!t1!d_117!2380!t2!u_118!2384!i1!d!2388!t2!d_119!2575!t2!u_120!2615!t2!d_121!2653!t2!u_122!2722!t2!d_123!2731!t2!u_124!2798!t2!d_125!2809!t2!u_126!2870!t2!d_127!2887!t2!u_128!2946!t2!d_129!2966!t2!u_130!3038!t2!d_131!3044!t2!u_132!3116!t2!d_133!3122!t2!u_134!3194!t2!d_135!3200!c1!u!3232!t2!u_136!3272!t2!d_137!3278!t2!u_138!3350!t2!d_139!3358!i3!u!3368!t2!u_140!3388!t2!d_141!3434!t1!u_0!3490!t2!u_1!3505!t2!d_2!3511!t2!u_3!3583!t2!d_4!3589!c1!d!3606!t2!u_5!3661!t2!d_6!3668!t2!u_7!3738!t2!d_8!3744!i3!d!3762!r!2135!3791!t2!u_9!3808!t1!d_10!3812!t2!d_11!3816!t2!u_12!4050!t2!d_13!4056!t1!u_14!4067!t2!u_15!4127!t2!d_16!4134!t2!u_17!4205!t2!d_18!4211!t2!u_19!4281!t2!d_20!4289!map!u!4325!t2!u_21!4361!t2!d_22!4367!t1!d_23!4383!t2!u_24!4439!t2!d_25!4446!t2!u_26!4518!t2!d_27!4524!t2!u_28!4576!t2!d_29!4603!c3!u!4612!t1!u_30!4638!t2!u_31!4641!t2!d_32!4679!map!d!4717!t2!u_33!4751!t2!d_34!4757!i4!u!4768!t2!u_35!4829!t2!d_36!4835!t2!u_37!4907!t2!d_38!4912!t1!d_39!4934!t2!u_40!4984!t2!d_41!4990!c3!d!5009!t2!u_42!5055!t2!d_43!5068!t2!u_44!5139!t2!d_45!5145!i4!d!5161!HIP!u!5168!t1!u_46!5203!t2!u_47!5206!t2!d_48!5379!t2!u_49!5450!t2!d_50!5456!t2!u_51!5505!t2!d_52!5536!t2!u_53!5608!t2!d_54!5613!t2!u_55!5685!t2!d_56!5691!t2!u_57!5763!t2!d_58!5769!t2!u_59!5841!t2!d_60!5847!t2!u_61!5919!t2!d_62!5925!HIP!d!5950!t2!u_63!5997!t2!d_64!6003!c1!u!6031!t2!u_65!6076!t2!d_66!6082!t2!u_67!6154!t2!d_68!6162!i2!u!6199!t2!u_69!6231!t2!d_70!6237!t2!u_71!6281!t2!d_72!6317!t1!d_73!6353!t2!u_74!6357!c1!d!6377!t2!d_75!6393!t2!u_76!6466!t2!d_77!6472!t2!u_78!6536!t2!d_79!6548!i2!d!6592!t2!u_80!6612!t2!d_81!6619!t1!u_82!6638!t2!u_83!6853!t2!d_84!6860!t1!d_85!6927!t2!u_86!6931!t2!d_87!6937!t2!u_88!7009!t2!d_89!7015!t2!u_90!7073!t2!d_91!7093!t2!u_92!7165!t2!d_93!7171!t1!u_94!7200!t2!u_95!7232!t2!d_96!7249!t2!u_97!7281!t2!d_98!7327!t2!u_99!7388!t2!d_100!7405!c3!u!7421!t1!d_101!7477!t2!u_102!7480!t2!d_103!7484!t2!u_104!7536!t2!d_105!7561!i1!u!7581!t2!u_106!7614!t2!d_107!7639!t2!u_108!7711!t1!u_109!7715!t2!d_110!7719!t2!u_111!7788!t2!d_112!7794!c3!d!7808!t2!u_113!7866!t2!d_114!7872!t2!u_115!7943!t2!d_116!7950!i1!d!7974!t1!d_117!7979!t2!u_118!7983!t2!d_119!8183!t2!u_120!8221!t2!d_121!8260!t2!u_122!8332!t2!d_123!8338!t2!u_124!8388!t2!d_125!8417!t2!u_126!8490!t2!d_127!8494!t2!u_128!8567!t2!d_129!8573!t2!u_130!8614!t2!d_131!8651!t2!u_132!8721!t2!d_133!8729!t2!u_134!8801!t2!d_135!8807!c1!u!8838!t2!u_136!8879!t2!d_137!8885!t2!u_138!8947!t2!d_139!8962!i3!u!8972!t2!u_140!9035!t2!d_141!9040!t1!u_0!9094!t2!u_1!9111!t2!d_2!9118!t2!u_3!9190!t2!d_4!9195!c1!d!9214!t2!u_5!9268!t2!d_6!9275!t2!u_7!9345!t2!d_8!9351!i3!d!9366!t2!u_9!9388!r!2141!9396!t1!d_10!9414!t2!d_11!9421!t2!u_12!9614!t2!d_13!9662!t1!u_14!9670!t2!u_15!9734!t2!d_16!9740!t2!u_17!9812!t2!d_18!9818!t2!u_19!9870!t2!d_20!9896!map!u!9927!t2!u_21!9947!t2!d_22!9974!t1!d_23!9987!t2!u_24!10027!t2!d_25!10054!t2!u_26!10124!t2!d_27!10130!t2!u_28!10202!t2!d_29!10208!c3!u!10217!t1!u_30!10240!t2!u_31!10244!
Thu Jul 16 08:01:18 EDT 2015<EOT>: Sending [0, 1, 71, 58, -70, 59, -66]
Thu Jul 16 08:01:18 EDT 2015<EOT>: Waiting for 2 byte(s): text header
Thu Jul 16 08:01:18 EDT 2015<EOT>: Waiting for 334 byte(s): text body
Thu Jul 16 08:01:18 EDT 2015<EOT>: time,142.244,rpm,2152,ENGINE_LOAD,21.03,MAP,21.03,afr,10.00,vss,0.00,ks,0.00,kv,2.77,vbatt,13.28,TP,0.00,CLT,24.24,MAT,19.76,ckp_c,98709,fuel_base,2.60,fuel_lag,1.00,fuel,3.89,timing,21.15,duty0,NaN,dwell0,0.00,total_dwell0,0.00,period0,0.00,advance0,682.000,duty1,NaN,dwell1,0.00,total_dwell1,0.00,period1,0.00,advance1,682.000,
Thu Jul 16 08:01:18 EDT 2015<EOT>: Sending [0, 1, 71, 58, -70, 59, -66]
Thu Jul 16 08:01:18 EDT 2015<EOT>: Waiting for 2 byte(s): text header
Thu Jul 16 08:01:18 EDT 2015<EOT>: Waiting for 5 byte(s): text body
Thu Jul 16 08:01:18 EDT 2015<EOT>: Sending [0, 1, 71, 58, -70, 59, -66]
Thu Jul 16 08:01:18 EDT 2015<EOT>: Waiting for 2 byte(s): text header
Thu Jul 16 08:01:18 EDT 2015<EOT>: Waiting for 373 byte(s): text body
Thu Jul 16 08:01:18 EDT 2015<EOT>: time,142.445,rpm,2147,ENGINE_LOAD,20.89,MAP,20.89,afr,10.00,vss,0.00,ks,0.00,kv,2.72,vbatt,13.27,TP,0.00,CLT,24.35,MAT,19.53,ckp_c,99221,fuel_base,2.59,fuel_lag,1.00,fuel,3.88,timing,21.12,duty0,NaN,dwell0,0.00,total_dwell0,0.00,period0,0.00,advance0,682.000,duty1,NaN,dwell1,0.00,total_dwell1,0.00,period1,0.00,advance1,682.000,msg,WARNING: unexpected eventIndex=142,
Thu Jul 16 08:01:18 EDT 2015<EOT>: postMessage EngineState: WARNING: unexpected eventIndex=142
Thu Jul 16 08:01:18 EDT 2015<EOT>: Sending [0, 1, 71, 58, -70, 59, -66]
Thu Jul 16 08:01:18 EDT 2015<EOT>: Waiting for 2 byte(s): text header
Thu Jul 16 08:01:18 EDT 2015<EOT>: Waiting for 2112 byte(s): text body
Thu Jul 16 08:01:18 EDT 2015<EOT>: analog_chart,0.00|0.00|1.83|3001.00|2.55|2002.00|11.28|3003.00|12.22|2004.00|21.49|3005.00|22.21|2006.00|31.20|3007.00|31.94|2008.00|40.50|3009.00|41.22|10.00|41.93|2011.00|71.15|3012.00|72.20|2013.00|73.40|1014.00|78.90|3015.00|81.92|2016.00|91.16|3017.00|91.93|2018.00|101.18|3019.00|101.92|2020.00|107.24|3021.00|111.95|2022.00|113.91|23.00|118.13|3024.00|121.95|2025.00|131.22|3026.00|131.98|2027.00|135.84|3028.00|142.00|2029.00|146.22|1030.00|146.97|3031.00|151.98|2032.00|161.20|3033.00|161.95|2034.00|171.17|3035.00|171.92|2036.00|178.65|3037.00|181.88|2038.00|184.68|39.00|191.09|3040.00|191.98|2041.00|201.03|3042.00|202.10|2043.00|210.99|3044.00|211.74|2045.00|218.91|1046.00|219.66|3047.00|241.83|2048.00|250.88|3049.00|251.63|2050.00|260.88|3051.00|261.64|2052.00|270.91|3053.00|271.66|2054.00|278.54|3055.00|281.70|2056.00|288.12|3057.00|291.72|2058.00|297.52|3059.00|301.78|2060.00|307.16|3061.00|311.80|2062.00|321.35|3063.00|322.26|2064.00|331.10|3065.00|331.85|2066.00|341.10|3067.00|342.61|2068.00|350.02|3069.00|351.83|2070.00|361.35|3071.00|362.09|2072.00|366.57|73.00|367.30|3074.00|371.80|2075.00|381.26|3076.00|381.99|2077.00|390.97|3078.00|391.71|2079.00|399.96|3080.00|400.76|2081.00|403.19|1082.00|430.85|3083.00|431.68|2084.00|437.62|3085.00|440.25|86.00|441.60|2087.00|449.95|3088.00|451.60|2089.00|460.84|3090.00|461.58|2091.00|468.86|3092.00|471.59|2093.00|475.04|1094.00|480.44|3095.00|481.59|2096.00|490.85|3097.00|491.60|2098.00|500.84|3099.00|501.99|2100.00|510.64|101.00|511.38|3102.00|512.13|2103.00|520.80|3104.00|522.54|2105.00|530.76|3106.00|531.51|2107.00|540.71|3108.00|541.47|1109.00|542.22|2110.00|550.65|3111.00|551.76|2112.00|560.59|3113.00|561.41|2114.00|566.12|3115.00|571.31|2116.00|575.46|117.00|576.20|3118.00|601.14|2119.00|609.23|3120.00|611.15|2121.00|620.38|3122.00|621.13|2123.00|630.38|3124.00|631.13|2125.00|640.21|3126.00|641.18|2127.00|650.54|3128.00|651.28|2129.00|660.46|3130.00|661.23|2131.00|670.48|3132.00|671.26|2133.00|680.51|3134.00|681.43|2135.00|690.52|3136.00|691.28|2137.00|700.52|3138.00|701.27|2139.00|710.50|3140.00|711.25|2141.00|,
Thu Jul 16 08:01:18 EDT 2015<EOT>: Analog chart from 0.0 to 711.25
Thu Jul 16 08:01:18 EDT 2015<EOT>: Sending [0, 1, 71, 58, -70, 59, -66]
Thu Jul 16 08:01:18 EDT 2015<EOT>: Waiting for 2 byte(s): text header
Thu Jul 16 08:01:18 EDT 2015<EOT>: Waiting for 334 byte(s): text body
Thu Jul 16 08:01:18 EDT 2015<EOT>: time,142.645,rpm,2141,ENGINE_LOAD,21.08,MAP,21.08,afr,10.00,vss,0.00,ks,0.00,kv,2.80,vbatt,12.77,TP,0.00,CLT,24.38,MAT,21.83,ckp_c,99731,fuel_base,2.61,fuel_lag,1.00,fuel,3.90,timing,21.12,duty0,NaN,dwell0,0.00,total_dwell0,0.00,period0,0.00,advance0,682.000,duty1,NaN,dwell1,0.00,total_dwell1,0.00,period1,0.00,advance1,682.000,
Thu Jul 16 08:01:18 EDT 2015<EOT>: Sending [0, 1, 71, 58, -70, 59, -66]
Thu Jul 16 08:01:18 EDT 2015<EOT>: Waiting for 2 byte(s): text header
Thu Jul 16 08:01:18 EDT 2015<EOT>: Waiting for 5 byte(s): text body
Thu Jul 16 08:01:19 EDT 2015<EOT>: Sending [0, 1, 71, 58, -70, 59, -66]
Thu Jul 16 08:01:19 EDT 2015<EOT>: Waiting for 2 byte(s): text header
Thu Jul 16 08:01:19 EDT 2015<EOT>: Waiting for 335 byte(s): text body
Thu Jul 16 08:01:19 EDT 2015<EOT>: time,142.847,rpm,2136,ENGINE_LOAD,21.36,MAP,21.36,afr,10.00,vss,0.00,ks,0.00,kv,2.79,vbatt,13.28,TP,0.00,CLT,24.35,MAT,19.53,ckp_c,100237,fuel_base,2.64,fuel_lag,1.00,fuel,3.94,timing,21.12,duty0,NaN,dwell0,0.00,total_dwell0,0.00,period0,0.00,advance0,682.000,duty1,NaN,dwell1,0.00,total_dwell1,0.00,period1,0.00,advance1,682.000,
Thu Jul 16 08:01:19 EDT 2015<EOT>: Sending [0, 1, 71, 58, -70, 59, -66]
Thu Jul 16 08:01:19 EDT 2015<EOT>: Waiting for 2 byte(s): text header
Thu Jul 16 08:01:19 EDT 2015<EOT>: Waiting for 5 byte(s): text body
Thu Jul 16 08:01:19 EDT 2015<EOT>: Sending [0, 1, 71, 58, -70, 59, -66]
Thu Jul 16 08:01:19 EDT 2015<EOT>: Waiting for 2 byte(s): text header
Thu Jul 16 08:01:19 EDT 2015<EOT>: Waiting for 550 byte(s): text body
Thu Jul 16 08:01:19 EDT 2015<EOT>: time,143.048,rpm,2138,ENGINE_LOAD,21.30,MAP,21.30,afr,10.00,vss,0.00,ks,0.00,kv,2.69,vbatt,13.22,TP,0.00,CLT,24.40,MAT,19.53,rusEfiVersion,20150713@8529 Neon03,outpin,t1@PA5,outpin,t2@PC6,outpin,input1@NONE,outpin,input2@NONE,outpin,c1@PC9,outpin,i1@PB8,outpin,c2@NONE,outpin,i2@PB9,outpin,c3@PE8,outpin,i3@PE2,outpin,c4@NONE,outpin,i4@PB7,ckp_c,100748,fuel_base,2.63,fuel_lag,1.00,fuel,3.93,timing,21.11,duty0,NaN,dwell0,0.00,total_dwell0,0.00,period0,0.00,advance0,682.000,duty1,NaN,dwell1,0.00,total_dwell1,0.00,period1,0.00,advance1,682.000,
Thu Jul 16 08:01:19 EDT 2015<EOT>: Sending [0, 1, 71, 58, -70, 59, -66]
Thu Jul 16 08:01:19 EDT 2015<EOT>: Waiting for 2 byte(s): text header
Thu Jul 16 08:01:19 EDT 2015<EOT>: Waiting for 3849 byte(s): text body
Thu Jul 16 08:01:19 EDT 2015<EOT>: wave_chart,t2!u_40!0!t2!d_41!5!c3!d!25!t2!u_42!76!t2!d_43!83!t2!u_44!153!t2!d_45!159!i4!d!175!HIP!u!181!t2!u_46!209!t1!u_47!213!t2!d_48!392!t2!u_49!462!t2!d_50!468!t2!u_51!535!t2!d_52!545!t2!u_53!617!t2!d_54!623!t2!u_55!695!t2!d_56!701!t2!u_57!743!t2!d_58!778!t2!u_59!850!t2!d_60!856!t2!u_61!912!t2!d_62!934!HIP!d!958!t2!u_63!1006!t2!d_64!1011!c1!u!1037!t2!u_65!1083!t2!d_66!1089!t2!u_67!1161!t2!d_68!1169!i2!u!1217!t2!u_69!1239!t2!d_70!1244!t2!u_71!1291!t2!d_72!1321!t1!d_73!1345!t2!u_74!1392!t2!d_75!1398!c1!d!1413!t2!u_76!1470!t2!d_77!1477!t2!u_78!1547!t2!d_79!1552!i2!d!1597!t2!u_80!1617!t2!d_81!1623!t1!u_82!1635!t2!u_83!1834!t2!d_84!1862!t1!d_85!1921!t2!u_86!1925!t2!d_87!1939!t2!u_88!2011!t2!d_89!2017!t2!u_90!2077!t2!d_91!2094!t2!u_92!2151!t2!d_93!2172!t1!u_94!2187!t2!u_95!2204!t2!d_96!2250!t2!u_97!2290!t2!d_98!2327!t2!u_99!2399!t2!d_100!2405!c3!u!2430!t1!d_101!2467!t2!u_102!2471!t2!d_103!2483!t2!u_104!2554!t2!d_105!2564!i1!u!2599!t2!u_106!2624!t2!d_107!2637!t1!u_108!2708!t2!u_109!2712!t2!d_110!2716!t2!u_111!2786!t2!d_112!2792!c3!d!2806!t2!u_113!2863!t2!d_114!2869!t2!u_115!2940!t2!d_116!2946!t1!d_117!2981!t2!u_118!2985!i1!d!2989!t2!d_119!3178!t2!u_120!3224!t2!d_121!3256!t2!u_122!3290!t2!d_123!3333!t2!u_124!3405!t2!d_125!3411!t2!u_126!3475!t2!d_127!3489!t2!u_128!3555!t2!d_129!3566!t2!u_130!3624!t2!d_131!3645!t2!u_132!3716!t2!d_133!3722!t2!u_134!3793!t2!d_135!3799!c1!u!3828!t2!u_136!3871!t2!d_137!3877!t2!u_138!3950!t2!d_139!3954!i3!u!3965!t2!u_140!4026!t2!d_141!4032!t1!u_0!4084!t2!u_1!4099!t2!d_2!4109!t2!u_3!4180!t2!d_4!4186!c1!d!4204!t2!u_5!4246!t2!d_6!4264!t2!u_7!4334!t2!d_8!4340!i3!d!4355!r!2154!4383!t1!d_9!4401!t2!u_10!4405!t2!d_11!4411!t2!u_12!4601!t2!d_13!4650!t1!u_14!4659!t2!u_15!4721!t2!d_16!4727!t2!u_17!4799!t2!d_18!4804!t2!u_19!4876!t2!d_20!4884!map!u!4913!t2!u_21!4954!t2!d_22!4960!t1!d_23!4971!t2!u_24!5032!t2!d_25!5037!t2!u_26!5090!t2!d_27!5115!t2!u_28!5187!t2!d_29!5192!c3!u!5198!t1!u_30!5224!t2!u_31!5228!t2!d_32!5270!map!d!5301!t2!u_33!5341!t2!d_34!5347!i4!u!5358!t2!u_35!5409!t2!d_36!5424!t2!u_37!5496!t2!d_38!5501!t1!d_39!5516!t2!u_40!5573!t2!d_41!5578!c3!d!5598!t2!u_42!5624!t2!d_43!5656!t2!u_44!5727!t2!d_45!5733!i4!d!5748!HIP!u!5749!t1!u_46!5783!t2!u_47!5787!t2!d_48!5966!t2!u_49!6036!t2!d_50!6044!t2!u_51!6114!t2!d_52!6120!t2!u_53!6191!t2!d_54!6197!t2!u_55!6269!t2!d_56!6275!t2!u_57!6348!t2!d_58!6353!t2!u_59!6409!t2!d_60!6430!t2!u_61!6502!t2!d_62!6508!HIP!d!6523!t2!u_63!6582!t2!d_64!6587!c1!u!6612!t2!u_65!6623!t2!d_66!6663!t2!u_67!6735!t2!d_68!6746!i2!u!6780!t2!u_69!6812!t2!d_70!6818!t2!u_71!6890!t2!d_72!6895!t1!d_73!6928!t2!u_74!6932!c1!d!6952!t2!d_75!6972!t2!u_76!7044!t2!d_77!7050!t2!u_78!7121!t2!d_79!7127!i2!d!7170!t2!u_80!7191!t2!d_81!7197!t1!u_82!7215!t2!u_83!7409!t2!d_84!7436!t1!d_85!7499!t2!u_86!7503!t2!d_87!7513!t2!u_88!7549!t2!d_89!7590!t2!u_90!7623!t2!d_91!7668!t2!u_92!7739!t2!d_93!7747!t1!u_94!7766!t2!u_95!7817!t2!d_96!7822!t2!u_97!7890!t2!d_98!7900!t2!u_99!7957!t2!d_100!7977!c3!u!7986!t1!d_101!8046!t2!u_102!8050!t2!d_103!8055!t2!u_104!8126!t2!d_105!8136!i1!u!8171!t2!u_106!8203!t2!d_107!8209!t2!u_108!8280!t1!u_109!8284!t2!d_110!8288!t2!u_111!8357!t2!d_112!8363!c3!d!8377!t2!u_113!8409!t2!d_114!8440!t2!u_115!8511!t2!d_116!8517!t1!d_117!8559!t2!u_118!8563!i1!d!8566!t2!d_119!8748!t2!u_120!8816!t2!d_121!8825!t2!u_122!8897!t2!d_123!8902!t2!u_124!8956!t2!d_125!8980!t2!u_126!9052!t2!d_127!9058!t2!u_128!9129!t2!d_129!9136!t2!u_130!9207!t2!d_131!9213!t2!u_132!9285!t2!d_133!9291!t2!u_134!9364!t2!d_135!9369!c1!u!9398!t2!u_136!9440!t2!d_137!9446!t2!u_138!9517!t2!d_139!9523!i3!u!9534!t2!u_140!9595!t2!d_141!9600!t1!u_0!9657!t2!u_1!9675!t2!d_2!9678!t2!u_3!9749!t2!d_4!9755!c1!d!9772!t2!u_5!9826!t2!d_6!9833!t2!u_7!9905!t2!d_8!9909!i3!d!9924!t2!u_9!9956!r!2152!9960!t1!d_10!9976!t2!d_11!9980!t2!u_12!10212!t2!d_13!10218!t1!u_14!10229!t2!u_15!10289!t2!d_16!10295!t2!u_17!10367!,
Thu Jul 16 08:01:19 EDT 2015<EOT>: : t2!u_40!0!t2!d_41!5!c3!d!25!t2!u_42!76!t2!d_43!83!t2!u_44!153!t2!d_45!159!i4!d!175!HIP!u!181!t2!u_46!209!t1!u_47!213!t2!d_48!392!t2!u_49!462!t2!d_50!468!t2!u_51!535!t2!d_52!545!t2!u_53!617!t2!d_54!623!t2!u_55!695!t2!d_56!701!t2!u_57!743!t2!d_58!778!t2!u_59!850!t2!d_60!856!t2!u_61!912!t2!d_62!934!HIP!d!958!t2!u_63!1006!t2!d_64!1011!c1!u!1037!t2!u_65!1083!t2!d_66!1089!t2!u_67!1161!t2!d_68!1169!i2!u!1217!t2!u_69!1239!t2!d_70!1244!t2!u_71!1291!t2!d_72!1321!t1!d_73!1345!t2!u_74!1392!t2!d_75!1398!c1!d!1413!t2!u_76!1470!t2!d_77!1477!t2!u_78!1547!t2!d_79!1552!i2!d!1597!t2!u_80!1617!t2!d_81!1623!t1!u_82!1635!t2!u_83!1834!t2!d_84!1862!t1!d_85!1921!t2!u_86!1925!t2!d_87!1939!t2!u_88!2011!t2!d_89!2017!t2!u_90!2077!t2!d_91!2094!t2!u_92!2151!t2!d_93!2172!t1!u_94!2187!t2!u_95!2204!t2!d_96!2250!t2!u_97!2290!t2!d_98!2327!t2!u_99!2399!t2!d_100!2405!c3!u!2430!t1!d_101!2467!t2!u_102!2471!t2!d_103!2483!t2!u_104!2554!t2!d_105!2564!i1!u!2599!t2!u_106!2624!t2!d_107!2637!t1!u_108!2708!t2!u_109!2712!t2!d_110!2716!t2!u_111!2786!t2!d_112!2792!c3!d!2806!t2!u_113!2863!t2!d_114!2869!t2!u_115!2940!t2!d_116!2946!t1!d_117!2981!t2!u_118!2985!i1!d!2989!t2!d_119!3178!t2!u_120!3224!t2!d_121!3256!t2!u_122!3290!t2!d_123!3333!t2!u_124!3405!t2!d_125!3411!t2!u_126!3475!t2!d_127!3489!t2!u_128!3555!t2!d_129!3566!t2!u_130!3624!t2!d_131!3645!t2!u_132!3716!t2!d_133!3722!t2!u_134!3793!t2!d_135!3799!c1!u!3828!t2!u_136!3871!t2!d_137!3877!t2!u_138!3950!t2!d_139!3954!i3!u!3965!t2!u_140!4026!t2!d_141!4032!t1!u_0!4084!t2!u_1!4099!t2!d_2!4109!t2!u_3!4180!t2!d_4!4186!c1!d!4204!t2!u_5!4246!t2!d_6!4264!t2!u_7!4334!t2!d_8!4340!i3!d!4355!r!2154!4383!t1!d_9!4401!t2!u_10!4405!t2!d_11!4411!t2!u_12!4601!t2!d_13!4650!t1!u_14!4659!t2!u_15!4721!t2!d_16!4727!t2!u_17!4799!t2!d_18!4804!t2!u_19!4876!t2!d_20!4884!map!u!4913!t2!u_21!4954!t2!d_22!4960!t1!d_23!4971!t2!u_24!5032!t2!d_25!5037!t2!u_26!5090!t2!d_27!5115!t2!u_28!5187!t2!d_29!5192!c3!u!5198!t1!u_30!5224!t2!u_31!5228!t2!d_32!5270!map!d!5301!t2!u_33!5341!t2!d_34!5347!i4!u!5358!t2!u_35!5409!t2!d_36!5424!t2!u_37!5496!t2!d_38!5501!t1!d_39!5516!t2!u_40!5573!t2!d_41!5578!c3!d!5598!t2!u_42!5624!t2!d_43!5656!t2!u_44!5727!t2!d_45!5733!i4!d!5748!HIP!u!5749!t1!u_46!5783!t2!u_47!5787!t2!d_48!5966!t2!u_49!6036!t2!d_50!6044!t2!u_51!6114!t2!d_52!6120!t2!u_53!6191!t2!d_54!6197!t2!u_55!6269!t2!d_56!6275!t2!u_57!6348!t2!d_58!6353!t2!u_59!6409!t2!d_60!6430!t2!u_61!6502!t2!d_62!6508!HIP!d!6523!t2!u_63!6582!t2!d_64!6587!c1!u!6612!t2!u_65!6623!t2!d_66!6663!t2!u_67!6735!t2!d_68!6746!i2!u!6780!t2!u_69!6812!t2!d_70!6818!t2!u_71!6890!t2!d_72!6895!t1!d_73!6928!t2!u_74!6932!c1!d!6952!t2!d_75!6972!t2!u_76!7044!t2!d_77!7050!t2!u_78!7121!t2!d_79!7127!i2!d!7170!t2!u_80!7191!t2!d_81!7197!t1!u_82!7215!t2!u_83!7409!t2!d_84!7436!t1!d_85!7499!t2!u_86!7503!t2!d_87!7513!t2!u_88!7549!t2!d_89!7590!t2!u_90!7623!t2!d_91!7668!t2!u_92!7739!t2!d_93!7747!t1!u_94!7766!t2!u_95!7817!t2!d_96!7822!t2!u_97!7890!t2!d_98!7900!t2!u_99!7957!t2!d_100!7977!c3!u!7986!t1!d_101!8046!t2!u_102!8050!t2!d_103!8055!t2!u_104!8126!t2!d_105!8136!i1!u!8171!t2!u_106!8203!t2!d_107!8209!t2!u_108!8280!t1!u_109!8284!t2!d_110!8288!t2!u_111!8357!t2!d_112!8363!c3!d!8377!t2!u_113!8409!t2!d_114!8440!t2!u_115!8511!t2!d_116!8517!t1!d_117!8559!t2!u_118!8563!i1!d!8566!t2!d_119!8748!t2!u_120!8816!t2!d_121!8825!t2!u_122!8897!t2!d_123!8902!t2!u_124!8956!t2!d_125!8980!t2!u_126!9052!t2!d_127!9058!t2!u_128!9129!t2!d_129!9136!t2!u_130!9207!t2!d_131!9213!t2!u_132!9285!t2!d_133!9291!t2!u_134!9364!t2!d_135!9369!c1!u!9398!t2!u_136!9440!t2!d_137!9446!t2!u_138!9517!t2!d_139!9523!i3!u!9534!t2!u_140!9595!t2!d_141!9600!t1!u_0!9657!t2!u_1!9675!t2!d_2!9678!t2!u_3!9749!t2!d_4!9755!c1!d!9772!t2!u_5!9826!t2!d_6!9833!t2!u_7!9905!t2!d_8!9909!i3!d!9924!t2!u_9!9956!r!2152!9960!t1!d_10!9976!t2!d_11!9980!t2!u_12!10212!t2!d_13!10218!t1!u_14!10229!t2!u_15!10289!t2!d_16!10295!t2!u_17!10367!
Thu Jul 16 08:01:19 EDT 2015<EOT>: Sending [0, 1, 71, 58, -70, 59, -66]
Thu Jul 16 08:01:19 EDT 2015<EOT>: Waiting for 2 byte(s): text header
Thu Jul 16 08:01:19 EDT 2015<EOT>: Waiting for 335 byte(s): text body
Thu Jul 16 08:01:19 EDT 2015<EOT>: time,143.248,rpm,2125,ENGINE_LOAD,21.21,MAP,21.21,afr,10.00,vss,0.00,ks,0.00,kv,2.74,vbatt,13.25,TP,0.00,CLT,24.35,MAT,19.50,ckp_c,101254,fuel_base,2.63,fuel_lag,1.00,fuel,3.93,timing,21.12,duty0,NaN,dwell0,0.00,total_dwell0,0.00,period0,0.00,advance0,682.000,duty1,NaN,dwell1,0.00,total_dwell1,0.00,period1,0.00,advance1,682.000,
Thu Jul 16 08:01:19 EDT 2015<EOT>: Sending [0, 1, 71, 58, -70, 59, -66]
Thu Jul 16 08:01:19 EDT 2015<EOT>: Waiting for 2 byte(s): text header
Thu Jul 16 08:01:19 EDT 2015<EOT>: Waiting for 5 byte(s): text body
Thu Jul 16 08:01:19 EDT 2015<EOT>: Sending [0, 1, 71, 58, -70, 59, -66]
Thu Jul 16 08:01:19 EDT 2015<EOT>: Waiting for 2 byte(s): text header
Thu Jul 16 08:01:19 EDT 2015<EOT>: Waiting for 335 byte(s): text body
Thu Jul 16 08:01:19 EDT 2015<EOT>: time,143.449,rpm,2129,ENGINE_LOAD,21.49,MAP,21.49,afr,10.00,vss,0.00,ks,0.00,kv,2.73,vbatt,13.05,TP,0.00,CLT,24.51,MAT,20.34,ckp_c,101758,fuel_base,2.65,fuel_lag,1.00,fuel,3.95,timing,21.09,duty0,NaN,dwell0,0.00,total_dwell0,0.00,period0,0.00,advance0,682.000,duty1,NaN,dwell1,0.00,total_dwell1,0.00,period1,0.00,advance1,682.000,
Thu Jul 16 08:01:19 EDT 2015<EOT>: Sending [0, 1, 71, 58, -70, 59, -66]
Thu Jul 16 08:01:19 EDT 2015<EOT>: Waiting for 2 byte(s): text header
Thu Jul 16 08:01:19 EDT 2015<EOT>: Waiting for 5 byte(s): text body
Thu Jul 16 08:01:19 EDT 2015<EOT>: Sending [0, 1, 71, 58, -70, 59, -66]
Thu Jul 16 08:01:19 EDT 2015<EOT>: Waiting for 2 byte(s): text header
Thu Jul 16 08:01:19 EDT 2015<EOT>: Waiting for 335 byte(s): text body
Thu Jul 16 08:01:19 EDT 2015<EOT>: time,143.651,rpm,2142,ENGINE_LOAD,21.22,MAP,21.22,afr,10.00,vss,0.00,ks,0.00,kv,2.75,vbatt,13.28,TP,0.20,CLT,20.42,MAT,21.41,ckp_c,102268,fuel_base,2.65,fuel_lag,1.00,fuel,3.97,timing,21.91,duty0,NaN,dwell0,0.00,total_dwell0,0.00,period0,0.00,advance0,682.000,duty1,NaN,dwell1,0.00,total_dwell1,0.00,period1,0.00,advance1,682.000,
Thu Jul 16 08:01:19 EDT 2015<EOT>: Sending [0, 1, 71, 58, -70, 59, -66]
Thu Jul 16 08:01:19 EDT 2015<EOT>: Waiting for 2 byte(s): text header
Thu Jul 16 08:01:19 EDT 2015<EOT>: Waiting for 2097 byte(s): text body
Thu Jul 16 08:01:19 EDT 2015<EOT>: analog_chart,0.00|0.00|2.07|2001.00|7.63|3002.00|12.01|2003.00|15.76|3004.00|21.98|2005.00|31.21|3006.00|32.23|2007.00|39.19|8.00|39.89|3009.00|40.99|2010.00|71.41|3011.00|72.14|2012.00|72.86|1013.00|81.31|3014.00|82.04|2015.00|91.32|3016.00|92.04|2017.00|101.25|3018.00|102.01|2019.00|111.30|3020.00|112.05|2021.00|113.62|22.00|121.34|3023.00|122.10|2024.00|126.49|3025.00|132.11|2026.00|138.00|3027.00|142.17|2028.00|145.59|1029.00|151.40|3030.00|152.17|2031.00|161.40|3032.00|162.14|2033.00|169.30|3034.00|172.15|2035.00|178.99|3036.00|182.13|2037.00|183.52|38.00|191.35|3039.00|192.09|2040.00|201.31|3041.00|202.39|2042.00|207.51|3043.00|212.05|2044.00|218.24|1045.00|218.99|3046.00|242.01|2047.00|250.35|3048.00|252.06|2049.00|261.32|3050.00|262.09|2051.00|271.38|3052.00|272.18|2053.00|281.45|3054.00|282.19|2055.00|291.50|3056.00|292.24|2057.00|301.57|3058.00|302.31|2059.00|311.62|3060.00|312.40|2061.00|321.68|3062.00|322.44|2063.00|326.55|3064.00|332.49|2065.00|341.75|3066.00|342.49|2067.00|350.33|3068.00|352.51|2069.00|361.78|3070.00|362.54|2071.00|366.45|72.00|367.18|3073.00|372.47|2074.00|378.85|3075.00|382.63|2076.00|391.72|3077.00|392.49|2078.00|399.94|3079.00|401.51|2080.00|403.65|1081.00|431.75|3082.00|432.60|2083.00|440.81|84.00|441.54|3085.00|442.62|2086.00|451.82|3087.00|452.57|2088.00|461.89|3089.00|462.63|2090.00|471.94|3091.00|472.69|2092.00|475.64|1093.00|478.84|3094.00|482.75|2095.00|492.08|3096.00|492.84|2097.00|497.55|3098.00|502.85|2099.00|507.37|3100.00|511.35|101.00|512.93|2102.00|522.20|3103.00|522.95|2104.00|532.21|3105.00|532.96|2106.00|542.22|1107.00|542.97|3108.00|543.72|2109.00|550.19|3110.00|552.98|2111.00|562.22|3112.00|563.29|2113.00|572.21|3114.00|572.98|2115.00|577.74|116.00|578.47|3117.00|602.96|2118.00|607.34|3119.00|613.06|2120.00|622.34|3121.00|623.10|2122.00|632.43|3123.00|633.18|2124.00|642.49|3125.00|643.24|2126.00|650.19|3127.00|653.32|2128.00|662.41|3129.00|663.43|2130.00|672.72|3131.00|673.47|2132.00|678.68|3133.00|683.55|2134.00|693.02|3135.00|693.76|2136.00|702.90|3137.00|703.65|2138.00|712.92|3139.00|713.67|2140.00|,
Thu Jul 16 08:01:19 EDT 2015<EOT>: Analog chart from 0.0 to 713.67
Thu Jul 16 08:01:20 EDT 2015<EOT>: Sending [0, 1, 71, 58, -70, 59, -66]
Thu Jul 16 08:01:20 EDT 2015<EOT>: Waiting for 2 byte(s): text header
Thu Jul 16 08:01:20 EDT 2015<EOT>: Waiting for 335 byte(s): text body
Thu Jul 16 08:01:20 EDT 2015<EOT>: time,143.852,rpm,2148,ENGINE_LOAD,21.25,MAP,21.25,afr,10.00,vss,0.00,ks,0.00,kv,2.72,vbatt,13.15,TP,0.00,CLT,24.56,MAT,19.50,ckp_c,102780,fuel_base,2.62,fuel_lag,1.00,fuel,3.92,timing,21.08,duty0,NaN,dwell0,0.00,total_dwell0,0.00,period0,0.00,advance0,682.000,duty1,NaN,dwell1,0.00,total_dwell1,0.00,period1,0.00,advance1,682.000,
Thu Jul 16 08:01:20 EDT 2015<EOT>: Sending [0, 1, 71, 58, -70, 59, -66]
Thu Jul 16 08:01:20 EDT 2015<EOT>: Waiting for 2 byte(s): text header
Thu Jul 16 08:01:20 EDT 2015<EOT>: Waiting for 5 byte(s): text body
Thu Jul 16 08:01:20 EDT 2015<EOT>: Sending [0, 1, 71, 58, -70, 59, -66]
Thu Jul 16 08:01:20 EDT 2015<EOT>: Waiting for 2 byte(s): text header
Thu Jul 16 08:01:20 EDT 2015<EOT>: Waiting for 335 byte(s): text body
Thu Jul 16 08:01:20 EDT 2015<EOT>: time,144.052,rpm,2138,ENGINE_LOAD,21.07,MAP,21.07,afr,10.00,vss,0.00,ks,0.00,kv,2.72,vbatt,13.23,TP,0.00,CLT,24.62,MAT,19.47,ckp_c,103288,fuel_base,2.61,fuel_lag,1.00,fuel,3.90,timing,21.07,duty0,NaN,dwell0,0.00,total_dwell0,0.00,period0,0.00,advance0,682.000,duty1,NaN,dwell1,0.00,total_dwell1,0.00,period1,0.00,advance1,682.000,
Thu Jul 16 08:01:20 EDT 2015<EOT>: Sending [0, 1, 71, 58, -70, 59, -66]
Thu Jul 16 08:01:20 EDT 2015<EOT>: Waiting for 2 byte(s): text header
Thu Jul 16 08:01:20 EDT 2015<EOT>: Waiting for 3849 byte(s): text body
Thu Jul 16 08:01:20 EDT 2015<EOT>: wave_chart,t2!u_17!0!t2!d_18!5!t2!u_19!78!t2!d_20!84!map!u!118!t2!u_21!157!t2!d_22!163!t1!d_23!180!t2!u_24!235!t2!d_25!241!t2!u_26!314!t2!d_27!320!t2!u_28!381!t2!d_29!399!c3!u!408!t1!u_30!435!t2!u_31!439!t2!d_32!477!map!d!511!t2!u_33!550!t2!d_34!555!i4!u!568!t2!u_35!628!t2!d_36!633!t2!u_37!676!t2!d_38!712!t1!d_39!734!t2!u_40!784!t2!d_41!790!c3!d!810!t2!u_42!862!t2!d_43!868!t2!u_44!910!t2!d_45!946!i4!d!962!HIP!u!963!t1!u_46!998!t2!u_47!1001!t2!d_48!1182!t2!u_49!1237!t2!d_50!1259!t2!u_51!1332!t2!d_52!1338!t2!u_53!1411!t2!d_54!1417!t2!u_55!1490!t2!d_56!1496!t2!u_57!1570!t2!d_58!1575!t2!u_59!1616!t2!d_60!1654!t2!u_61!1727!t2!d_62!1733!HIP!d!1745!t2!u_63!1806!t2!d_64!1812!c1!u!1840!t2!u_65!1884!t2!d_66!1890!t2!u_67!1963!t2!d_68!1971!t2!u_69!2009!i2!u!2013!t2!d_70!2047!t2!u_71!2120!t2!d_72!2126!t1!d_73!2157!t2!u_74!2160!c1!d!2181!t2!d_75!2204!t2!u_76!2244!t2!d_77!2283!t2!u_78!2355!t2!d_79!2361!i2!d!2407!t2!u_80!2426!t2!d_81!2432!t1!u_82!2447!t2!u_83!2669!t2!d_84!2675!t2!u_85!2708!t1!d_86!2739!t2!d_87!2753!t2!u_88!2823!t2!d_89!2832!t2!u_90!2905!t2!d_91!2911!t2!u_92!2983!t2!d_93!2989!t1!u_94!3009!t2!u_95!3062!t2!d_96!3068!t2!u_97!3141!t2!d_98!3147!t2!u_99!3219!t2!d_100!3225!c3!u!3254!t1!d_101!3291!t2!u_102!3295!t2!d_103!3304!t2!u_104!3376!t2!d_105!3386!i1!u!3423!t2!u_106!3456!t2!d_107!3460!t2!u_108!3533!t1!u_109!3537!t2!d_110!3541!t2!u_111!3577!c3!d!3597!t2!d_112!3617!t2!u_113!3675!t2!d_114!3695!t2!u_115!3767!t2!d_116!3773!t1!d_117!3811!t2!u_118!3815!i1!d!3819!t2!d_119!4009!t2!u_120!4082!t2!d_121!4087!t2!u_122!4157!t2!d_123!4165!t2!u_124!4238!t2!d_125!4245!t2!u_126!4317!t2!d_127!4323!t2!u_128!4396!t2!d_129!4402!t2!u_130!4461!t2!d_131!4480!t2!u_132!4553!t2!d_133!4559!t2!u_134!4632!t2!d_135!4638!c1!u!4671!t2!u_136!4711!t2!d_137!4716!t2!u_138!4789!t2!d_139!4795!i3!u!4808!t2!u_140!4868!t2!d_141!4873!t2!u_142!4910!t1!u_0!4930!t2!d_1!4952!t2!u_2!5024!t2!d_3!5030!c1!d!5055!t2!u_4!5102!t2!d_5!5109!t2!u_6!5181!t2!d_7!5186!i3!d!5202!r!2123!5233!t1!d_8!5243!t2!u_9!5247!t2!d_10!5257!t2!u_11!5494!t1!u_12!5501!t2!d_13!5505!t2!u_14!5573!t2!d_15!5579!t2!u_16!5651!t2!d_17!5658!t2!u_18!5730!t2!d_19!5736!map!u!5770!t2!u_20!5809!t2!d_21!5815!t1!d_22!5827!t2!u_23!5890!t2!d_24!5893!t2!u_25!5966!t2!d_26!5972!t2!u_27!6008!t2!d_28!6051!t1!u_29!6077!c3!u!6088!t2!u_30!6123!t2!d_31!6129!map!d!6166!t2!u_32!6201!t2!d_33!6207!t2!u_34!6243!i4!u!6256!t2!d_35!6285!t2!u_36!6358!t2!d_37!6364!t1!d_38!6376!t2!u_39!6436!t2!d_40!6444!c3!d!6470!t2!u_41!6472!t2!d_42!6520!t2!u_43!6577!t2!d_44!6598!HIP!u!6616!t1!u_45!6646!t2!u_46!6650!i4!d!6654!t2!d_47!6833!t2!u_48!6906!t2!d_49!6912!t2!u_50!6984!t2!d_51!6990!t2!u_52!7062!t2!d_53!7069!t2!u_54!7142!t2!d_55!7148!t2!u_56!7221!t2!d_57!7227!t2!u_58!7300!t2!d_59!7305!t2!u_60!7342!t2!d_61!7384!HIP!d!7401!t2!u_62!7457!t2!d_63!7463!c1!u!7498!t2!u_64!7536!t2!d_65!7542!t2!u_66!7577!t2!d_67!7620!i2!u!7668!t2!u_68!7675!t2!d_69!7699!t2!u_70!7771!t2!d_71!7777!t1!d_72!7808!t2!u_73!7812!t2!d_74!7857!c1!d!7878!t2!u_75!7910!t2!d_76!7935!t2!u_77!8008!t2!d_78!8012!i2!d!8061!t2!u_79!8077!t2!d_80!8083!t1!u_81!8101!t2!u_82!8320!t2!d_83!8327!t1!d_84!8391!t2!u_85!8394!t2!d_86!8404!t2!u_87!8477!t2!d_88!8482!t2!u_89!8555!t2!d_90!8561!t2!u_91!8634!t2!d_92!8640!t1!u_93!8660!t2!u_94!8675!t2!d_95!8718!t2!u_96!8791!t2!d_97!8797!t2!u_98!8870!t2!d_99!8875!t2!u_100!8910!c3!u!8913!t1!d_101!8943!t2!d_102!8954!t2!u_103!9026!t2!d_104!9032!i1!u!9079!t2!u_105!9105!t2!d_106!9110!t1!u_107!9182!t2!u_108!9186!t2!d_109!9190!t2!u_110!9243!t2!d_111!9267!c3!d!9287!t2!u_112!9339!t2!d_113!9345!t2!u_114!9417!t2!d_115!9423!t1!d_116!9461!t2!u_117!9465!i1!d!9472!t2!d_118!9658!t2!u_119!9730!t2!d_120!9736!t2!u_121!9809!t2!d_122!9815!t2!u_123!9887!t2!d_124!9893!t2!u_125!9966!t2!d_126!9972!t2!u_127!10008!t2!d_128!10051!t2!u_129!10124!t2!d_130!10130!t2!u_131!10203!t2!d_132!10208!t2!u_133!10243!t2!d_134!10287!t2!u_135!10322!c1!u!10326!,
Thu Jul 16 08:01:20 EDT 2015<EOT>: : t2!u_17!0!t2!d_18!5!t2!u_19!78!t2!d_20!84!map!u!118!t2!u_21!157!t2!d_22!163!t1!d_23!180!t2!u_24!235!t2!d_25!241!t2!u_26!314!t2!d_27!320!t2!u_28!381!t2!d_29!399!c3!u!408!t1!u_30!435!t2!u_31!439!t2!d_32!477!map!d!511!t2!u_33!550!t2!d_34!555!i4!u!568!t2!u_35!628!t2!d_36!633!t2!u_37!676!t2!d_38!712!t1!d_39!734!t2!u_40!784!t2!d_41!790!c3!d!810!t2!u_42!862!t2!d_43!868!t2!u_44!910!t2!d_45!946!i4!d!962!HIP!u!963!t1!u_46!998!t2!u_47!1001!t2!d_48!1182!t2!u_49!1237!t2!d_50!1259!t2!u_51!1332!t2!d_52!1338!t2!u_53!1411!t2!d_54!1417!t2!u_55!1490!t2!d_56!1496!t2!u_57!1570!t2!d_58!1575!t2!u_59!1616!t2!d_60!1654!t2!u_61!1727!t2!d_62!1733!HIP!d!1745!t2!u_63!1806!t2!d_64!1812!c1!u!1840!t2!u_65!1884!t2!d_66!1890!t2!u_67!1963!t2!d_68!1971!t2!u_69!2009!i2!u!2013!t2!d_70!2047!t2!u_71!2120!t2!d_72!2126!t1!d_73!2157!t2!u_74!2160!c1!d!2181!t2!d_75!2204!t2!u_76!2244!t2!d_77!2283!t2!u_78!2355!t2!d_79!2361!i2!d!2407!t2!u_80!2426!t2!d_81!2432!t1!u_82!2447!t2!u_83!2669!t2!d_84!2675!t2!u_85!2708!t1!d_86!2739!t2!d_87!2753!t2!u_88!2823!t2!d_89!2832!t2!u_90!2905!t2!d_91!2911!t2!u_92!2983!t2!d_93!2989!t1!u_94!3009!t2!u_95!3062!t2!d_96!3068!t2!u_97!3141!t2!d_98!3147!t2!u_99!3219!t2!d_100!3225!c3!u!3254!t1!d_101!3291!t2!u_102!3295!t2!d_103!3304!t2!u_104!3376!t2!d_105!3386!i1!u!3423!t2!u_106!3456!t2!d_107!3460!t2!u_108!3533!t1!u_109!3537!t2!d_110!3541!t2!u_111!3577!c3!d!3597!t2!d_112!3617!t2!u_113!3675!t2!d_114!3695!t2!u_115!3767!t2!d_116!3773!t1!d_117!3811!t2!u_118!3815!i1!d!3819!t2!d_119!4009!t2!u_120!4082!t2!d_121!4087!t2!u_122!4157!t2!d_123!4165!t2!u_124!4238!t2!d_125!4245!t2!u_126!4317!t2!d_127!4323!t2!u_128!4396!t2!d_129!4402!t2!u_130!4461!t2!d_131!4480!t2!u_132!4553!t2!d_133!4559!t2!u_134!4632!t2!d_135!4638!c1!u!4671!t2!u_136!4711!t2!d_137!4716!t2!u_138!4789!t2!d_139!4795!i3!u!4808!t2!u_140!4868!t2!d_141!4873!t2!u_142!4910!t1!u_0!4930!t2!d_1!4952!t2!u_2!5024!t2!d_3!5030!c1!d!5055!t2!u_4!5102!t2!d_5!5109!t2!u_6!5181!t2!d_7!5186!i3!d!5202!r!2123!5233!t1!d_8!5243!t2!u_9!5247!t2!d_10!5257!t2!u_11!5494!t1!u_12!5501!t2!d_13!5505!t2!u_14!5573!t2!d_15!5579!t2!u_16!5651!t2!d_17!5658!t2!u_18!5730!t2!d_19!5736!map!u!5770!t2!u_20!5809!t2!d_21!5815!t1!d_22!5827!t2!u_23!5890!t2!d_24!5893!t2!u_25!5966!t2!d_26!5972!t2!u_27!6008!t2!d_28!6051!t1!u_29!6077!c3!u!6088!t2!u_30!6123!t2!d_31!6129!map!d!6166!t2!u_32!6201!t2!d_33!6207!t2!u_34!6243!i4!u!6256!t2!d_35!6285!t2!u_36!6358!t2!d_37!6364!t1!d_38!6376!t2!u_39!6436!t2!d_40!6444!c3!d!6470!t2!u_41!6472!t2!d_42!6520!t2!u_43!6577!t2!d_44!6598!HIP!u!6616!t1!u_45!6646!t2!u_46!6650!i4!d!6654!t2!d_47!6833!t2!u_48!6906!t2!d_49!6912!t2!u_50!6984!t2!d_51!6990!t2!u_52!7062!t2!d_53!7069!t2!u_54!7142!t2!d_55!7148!t2!u_56!7221!t2!d_57!7227!t2!u_58!7300!t2!d_59!7305!t2!u_60!7342!t2!d_61!7384!HIP!d!7401!t2!u_62!7457!t2!d_63!7463!c1!u!7498!t2!u_64!7536!t2!d_65!7542!t2!u_66!7577!t2!d_67!7620!i2!u!7668!t2!u_68!7675!t2!d_69!7699!t2!u_70!7771!t2!d_71!7777!t1!d_72!7808!t2!u_73!7812!t2!d_74!7857!c1!d!7878!t2!u_75!7910!t2!d_76!7935!t2!u_77!8008!t2!d_78!8012!i2!d!8061!t2!u_79!8077!t2!d_80!8083!t1!u_81!8101!t2!u_82!8320!t2!d_83!8327!t1!d_84!8391!t2!u_85!8394!t2!d_86!8404!t2!u_87!8477!t2!d_88!8482!t2!u_89!8555!t2!d_90!8561!t2!u_91!8634!t2!d_92!8640!t1!u_93!8660!t2!u_94!8675!t2!d_95!8718!t2!u_96!8791!t2!d_97!8797!t2!u_98!8870!t2!d_99!8875!t2!u_100!8910!c3!u!8913!t1!d_101!8943!t2!d_102!8954!t2!u_103!9026!t2!d_104!9032!i1!u!9079!t2!u_105!9105!t2!d_106!9110!t1!u_107!9182!t2!u_108!9186!t2!d_109!9190!t2!u_110!9243!t2!d_111!9267!c3!d!9287!t2!u_112!9339!t2!d_113!9345!t2!u_114!9417!t2!d_115!9423!t1!d_116!9461!t2!u_117!9465!i1!d!9472!t2!d_118!9658!t2!u_119!9730!t2!d_120!9736!t2!u_121!9809!t2!d_122!9815!t2!u_123!9887!t2!d_124!9893!t2!u_125!9966!t2!d_126!9972!t2!u_127!10008!t2!d_128!10051!t2!u_129!10124!t2!d_130!10130!t2!u_131!10203!t2!d_132!10208!t2!u_133!10243!t2!d_134!10287!t2!u_135!10322!c1!u!10326!
Thu Jul 16 08:01:20 EDT 2015<EOT>: Sending [0, 1, 71, 58, -70, 59, -66]
Thu Jul 16 08:01:20 EDT 2015<EOT>: Waiting for 2 byte(s): text header
Thu Jul 16 08:01:20 EDT 2015<EOT>: Waiting for 335 byte(s): text body
Thu Jul 16 08:01:20 EDT 2015<EOT>: time,144.253,rpm,2151,ENGINE_LOAD,20.97,MAP,20.97,afr,10.01,vss,0.00,ks,0.00,kv,2.76,vbatt,13.05,TP,0.00,CLT,24.67,MAT,20.00,ckp_c,103799,fuel_base,2.59,fuel_lag,1.00,fuel,3.88,timing,21.06,duty0,NaN,dwell0,0.00,total_dwell0,0.00,period0,0.00,advance0,682.000,duty1,NaN,dwell1,0.00,total_dwell1,0.00,period1,0.00,advance1,682.000,
Thu Jul 16 08:01:20 EDT 2015<EOT>: Sending [0, 1, 71, 58, -70, 59, -66]
Thu Jul 16 08:01:20 EDT 2015<EOT>: Waiting for 2 byte(s): text header
Thu Jul 16 08:01:20 EDT 2015<EOT>: Waiting for 5 byte(s): text body
Thu Jul 16 08:01:20 EDT 2015<EOT>: Sending [0, 1, 71, 58, -70, 59, -66]
Thu Jul 16 08:01:20 EDT 2015<EOT>: Waiting for 2 byte(s): text header
Thu Jul 16 08:01:20 EDT 2015<EOT>: Waiting for 335 byte(s): text body
Thu Jul 16 08:01:20 EDT 2015<EOT>: time,144.455,rpm,2141,ENGINE_LOAD,21.33,MAP,21.33,afr,10.00,vss,0.00,ks,0.00,kv,2.81,vbatt,13.25,TP,0.20,CLT,24.78,MAT,19.68,ckp_c,104310,fuel_base,2.63,fuel_lag,1.00,fuel,3.92,timing,21.04,duty0,NaN,dwell0,0.00,total_dwell0,0.00,period0,0.00,advance0,682.000,duty1,NaN,dwell1,0.00,total_dwell1,0.00,period1,0.00,advance1,682.000,
Thu Jul 16 08:01:20 EDT 2015<EOT>: Sending [0, 1, 71, 58, -70, 59, -66]
Thu Jul 16 08:01:20 EDT 2015<EOT>: Waiting for 2 byte(s): text header
Thu Jul 16 08:01:20 EDT 2015<EOT>: Waiting for 5 byte(s): text body
Thu Jul 16 08:01:20 EDT 2015<EOT>: Sending [0, 1, 71, 58, -70, 59, -66]
Thu Jul 16 08:01:20 EDT 2015<EOT>: Waiting for 2 byte(s): text header
Thu Jul 16 08:01:20 EDT 2015<EOT>: Waiting for 335 byte(s): text body
Thu Jul 16 08:01:20 EDT 2015<EOT>: time,144.656,rpm,2138,ENGINE_LOAD,21.21,MAP,21.21,afr,10.00,vss,0.00,ks,0.00,kv,2.84,vbatt,13.24,TP,0.00,CLT,24.78,MAT,19.47,ckp_c,104815,fuel_base,2.62,fuel_lag,1.00,fuel,3.91,timing,21.04,duty0,NaN,dwell0,0.00,total_dwell0,0.00,period0,0.00,advance0,682.000,duty1,NaN,dwell1,0.00,total_dwell1,0.00,period1,0.00,advance1,682.000,
Thu Jul 16 08:01:20 EDT 2015<EOT>: Sending [0, 1, 71, 58, -70, 59, -66]
Thu Jul 16 08:01:20 EDT 2015<EOT>: Waiting for 2 byte(s): text header
Thu Jul 16 08:01:20 EDT 2015<EOT>: Waiting for 5 byte(s): text body
Thu Jul 16 08:01:21 EDT 2015<EOT>: Sending [0, 1, 71, 58, -70, 59, -66]
Thu Jul 16 08:01:21 EDT 2015<EOT>: Waiting for 2 byte(s): text header
Thu Jul 16 08:01:21 EDT 2015<EOT>: Waiting for 2441 byte(s): text body
Thu Jul 16 08:01:21 EDT 2015<EOT>: analog_chart,0.00|0.00|1.85|3001.00|2.57|2002.00|11.48|3003.00|12.54|2004.00|21.45|3005.00|22.37|2006.00|31.37|3007.00|32.12|2008.00|40.36|3009.00|41.09|10.00|41.79|2011.00|71.15|3012.00|72.10|2013.00|73.52|1014.00|81.27|3015.00|82.00|2016.00|91.28|3017.00|92.02|2018.00|97.74|3019.00|102.08|2020.00|111.34|3021.00|112.09|2022.00|114.07|23.00|120.73|3024.00|122.11|2025.00|126.72|3026.00|132.16|2027.00|141.13|3028.00|142.18|2029.00|146.42|1030.00|147.16|3031.00|152.43|2032.00|161.49|3033.00|162.23|2034.00|169.56|3035.00|172.14|2036.00|181.37|3037.00|182.12|2038.00|184.98|39.00|191.33|3040.00|192.28|2041.00|201.28|3042.00|202.09|2043.00|211.49|3044.00|212.22|2045.00|219.20|1046.00|219.94|3047.00|242.08|2048.00|251.17|3049.00|251.97|2050.00|261.20|3051.00|261.94|2052.00|271.23|3053.00|272.01|2054.00|278.73|3055.00|282.02|2056.00|291.33|3057.00|292.07|2058.00|298.00|3059.00|302.15|2060.00|311.42|3061.00|312.18|2062.00|321.46|3063.00|322.45|2064.00|331.49|3065.00|332.23|2066.00|340.81|3067.00|342.29|2068.00|351.52|3069.00|352.26|2070.00|361.50|3071.00|362.27|2072.00|366.95|73.00|367.68|3074.00|372.24|2075.00|381.48|3076.00|382.23|2077.00|391.43|3078.00|392.17|2079.00|400.45|3080.00|401.25|2081.00|403.65|1082.00|426.43|3083.00|432.22|2084.00|440.77|85.00|441.50|3086.00|442.24|2087.00|451.41|3088.00|452.17|2089.00|460.04|3090.00|462.17|2091.00|469.26|3092.00|472.26|2093.00|475.75|1094.00|481.53|3095.00|482.62|2096.00|491.57|3097.00|492.32|2098.00|501.59|3099.00|502.73|2100.00|511.45|101.00|512.18|3102.00|512.92|2103.00|521.69|3104.00|523.01|2105.00|531.60|3106.00|532.37|2107.00|541.57|3108.00|542.33|1109.00|543.08|2110.00|551.56|3111.00|552.45|2112.00|561.53|3113.00|562.33|2114.00|568.92|3115.00|572.24|2116.00|576.47|117.00|577.22|3118.00|602.19|2119.00|611.53|3120.00|612.27|2121.00|621.50|3122.00|622.25|2123.00|626.45|3124.00|632.47|2125.00|640.55|3126.00|642.36|2127.00|651.66|3128.00|652.41|2129.00|661.73|3130.00|662.48|2131.00|671.77|3132.00|672.52|2133.00|681.88|3134.00|683.00|2135.00|689.21|3136.00|692.61|2137.00|697.36|3138.00|702.66|2139.00|711.92|3140.00|712.66|2141.00|,time,144.856,rpm,2140,ENGINE_LOAD,21.13,MAP,21.13,afr,10.00,vss,0.00,ks,0.00,kv,2.84,vbatt,13.02,TP,0.00,CLT,24.94,MAT,20.42,ckp_c,105328,fuel_base,2.61,fuel_lag,1.00,fuel,3.90,timing,21.01,duty0,NaN,dwell0,0.00,total_dwell0,0.00,period0,0.00,advance0,682.000,duty1,NaN,dwell1,0.00,total_dwell1,0.00,period1,0.00,advance1,682.000,
Thu Jul 16 08:01:21 EDT 2015<EOT>: Analog chart from 0.0 to 712.66
Thu Jul 16 08:01:21 EDT 2015<EOT>: Sending [0, 1, 71, 58, -70, 59, -66]
Thu Jul 16 08:01:21 EDT 2015<EOT>: Waiting for 2 byte(s): text header
Thu Jul 16 08:01:21 EDT 2015<EOT>: Waiting for 5 byte(s): text body
Thu Jul 16 08:01:21 EDT 2015<EOT>: Sending [0, 1, 71, 58, -70, 59, -66]
Thu Jul 16 08:01:21 EDT 2015<EOT>: Waiting for 2 byte(s): text header
Thu Jul 16 08:01:21 EDT 2015<EOT>: Waiting for 335 byte(s): text body
Thu Jul 16 08:01:21 EDT 2015<EOT>: time,145.057,rpm,2148,ENGINE_LOAD,21.10,MAP,21.10,afr,10.00,vss,0.00,ks,0.00,kv,2.79,vbatt,13.39,TP,0.20,CLT,24.78,MAT,19.27,ckp_c,105838,fuel_base,2.61,fuel_lag,1.00,fuel,3.90,timing,21.04,duty0,NaN,dwell0,0.00,total_dwell0,0.00,period0,0.00,advance0,682.000,duty1,NaN,dwell1,0.00,total_dwell1,0.00,period1,0.00,advance1,682.000,
Thu Jul 16 08:01:21 EDT 2015<EOT>: Sending [0, 1, 71, 58, -70, 59, -66]
Thu Jul 16 08:01:21 EDT 2015<EOT>: Waiting for 2 byte(s): text header
Thu Jul 16 08:01:21 EDT 2015<EOT>: Waiting for 3815 byte(s): text body
Thu Jul 16 08:01:21 EDT 2015<EOT>: wave_chart,t2!u_134!0!t2!d_135!11!c1!u!37!t2!u_136!83!t2!d_137!89!t2!u_138!147!t2!d_139!166!i3!u!178!t2!u_140!225!t2!d_141!244!t1!u_0!296!t2!u_1!312!t2!d_2!321!t2!u_3!393!t2!d_4!398!c1!d!417!t2!u_5!470!t2!d_6!477!t2!u_7!547!t2!d_8!553!i3!d!569!r!2150!597!t1!d_9!616!t2!u_10!620!t2!d_11!624!t2!u_12!856!t2!d_13!862!t1!u_14!870!t2!u_15!893!t2!d_16!940!t2!u_17!999!t2!d_18!1017!t2!u_19!1089!t2!d_20!1094!map!u!1126!t2!u_21!1147!t2!d_22!1172!t1!d_23!1184!t2!u_24!1225!t2!d_25!1250!t2!u_26!1321!t2!d_27!1328!t2!u_28!1399!t2!d_29!1405!c3!u!1413!t1!u_30!1436!t2!u_31!1439!t2!d_32!1483!map!d!1515!t2!u_33!1554!t2!d_34!1559!i4!u!1571!t2!u_35!1631!t2!d_36!1637!t2!u_37!1708!t2!d_38!1714!t1!d_39!1733!t2!u_40!1785!t2!d_41!1791!c3!d!1812!t2!u_42!1862!t2!d_43!1869!t2!u_44!1908!t2!d_45!1945!i4!d!1960!HIP!u!1970!t2!u_46!1999!t1!u_47!2003!t2!d_48!2178!t2!u_49!2241!t2!d_50!2255!t2!u_51!2328!t2!d_52!2334!t2!u_53!2404!t2!d_54!2410!t2!u_55!2482!t2!d_56!2487!t2!u_57!2559!t2!d_58!2565!t2!u_59!2637!t2!d_60!2643!t2!u_61!2715!t2!d_62!2721!HIP!d!2748!t2!u_63!2793!t2!d_64!2798!c1!u!2825!t2!u_65!2870!t2!d_66!2876!t2!u_67!2908!t2!d_68!2953!i2!u!2957!t2!u_69!2999!t2!d_70!3031!t2!u_71!3102!t2!d_72!3108!t1!d_73!3145!t2!u_74!3148!c1!d!3169!t2!d_75!3185!t2!u_76!3241!t2!d_77!3264!t2!u_78!3332!t2!d_79!3340!i2!d!3343!t2!u_80!3403!t2!d_81!3409!t1!u_82!3431!t2!u_83!3643!t2!d_84!3649!t1!d_85!3714!t2!u_86!3718!t2!d_87!3726!t2!u_88!3798!t2!d_89!3806!t2!u_90!3876!t2!d_91!3881!t2!u_92!3953!t2!d_93!3958!t1!u_94!3981!t2!u_95!4030!t2!d_96!4036!t2!u_97!4108!t2!d_98!4114!t2!u_99!4185!t2!d_100!4192!c3!u!4218!t2!u_101!4243!t1!d_102!4260!t2!d_103!4268!t2!u_104!4340!t2!d_105!4349!i1!u!4386!t2!u_106!4417!t2!d_107!4423!t2!u_108!4495!t1!u_109!4499!t2!d_110!4503!t2!u_111!4572!t2!d_112!4578!c3!d!4592!t2!u_113!4649!t2!d_114!4655!t2!u_115!4726!t2!d_116!4732!t1!d_117!4774!t2!u_118!4778!i1!d!4781!t2!d_119!4963!t2!u_120!5035!t2!d_121!5041!t2!u_122!5112!t2!d_123!5118!t2!u_124!5190!t2!d_125!5196!t2!u_126!5241!t2!d_127!5273!t2!u_128!5332!t2!d_129!5351!t2!u_130!5423!t2!d_131!5429!t2!u_132!5501!t2!d_133!5507!t2!u_134!5574!t2!d_135!5584!c1!u!5611!t2!u_136!5656!t2!d_137!5662!t2!u_138!5729!t2!d_139!5739!i3!u!5751!t2!u_140!5811!t2!d_141!5817!t1!u_0!5874!t2!u_1!5890!t2!d_2!5894!t2!u_3!5965!t2!d_4!5971!c1!d!5989!t2!u_5!6042!t2!d_6!6050!t2!u_7!6119!t2!d_8!6125!i3!d!6139!r!2151!6174!t2!u_9!6177!t1!d_10!6184!t2!d_11!6195!t2!u_12!6429!t2!d_13!6435!t1!u_14!6441!t2!u_15!6506!t2!d_16!6512!t2!u_17!6574!t2!d_18!6590!t2!u_19!6661!t2!d_20!6669!map!u!6704!t2!u_21!6739!t2!d_22!6745!t1!d_23!6763!t2!u_24!6814!t2!d_25!6823!t2!u_26!6895!t2!d_27!6901!t2!u_28!6972!t2!d_29!6978!c3!u!6985!t1!u_30!7008!t2!u_31!7012!t2!d_32!7056!map!d!7093!t2!u_33!7127!t2!d_34!7133!i4!u!7146!t2!u_35!7204!t2!d_36!7210!t2!u_37!7240!t2!d_38!7287!t1!d_39!7302!t2!u_40!7334!c3!d!7360!t2!d_41!7363!t2!u_42!7436!t2!d_43!7442!t2!u_44!7513!t2!d_45!7519!i4!d!7534!HIP!u!7543!t1!u_46!7571!t2!u_47!7574!t2!d_48!7752!t2!u_49!7822!t2!d_50!7830!t2!u_51!7900!t2!d_52!7906!t2!u_53!7978!t2!d_54!7984!t2!u_55!8056!t2!d_56!8062!t2!u_57!8134!t2!d_58!8139!t2!u_59!8212!t2!d_60!8217!t2!u_61!8290!t2!d_62!8295!HIP!d!8320!t2!u_63!8367!t2!d_64!8373!c1!u!8399!t2!u_65!8445!t2!d_66!8451!t2!u_67!8523!t2!d_68!8533!i2!u!8570!t2!u_69!8574!t2!d_70!8606!t2!u_71!8665!t2!d_72!8684!t1!d_73!8714!t2!u_74!8718!c1!d!8739!t2!d_75!8761!t2!u_76!8813!t2!d_77!8839!t2!u_78!8907!t2!d_79!8916!i2!d!8959!t2!u_80!8980!t2!d_81!8986!t1!u_82!9003!t2!u_83!9220!t2!d_84!9226!t1!d_85!9290!t2!u_86!9293!t2!d_87!9303!t2!u_88!9375!t2!d_89!9381!t2!u_90!9453!t2!d_91!9459!t2!u_92!9496!t2!d_93!9536!t1!u_94!9558!t2!u_95!9574!t2!d_96!9614!t2!u_97!9665!t2!d_98!9692!t2!u_99!9743!t2!d_100!9769!c3!u!9774!t1!d_101!9833!t2!u_102!9837!t2!d_103!9847!t2!u_104!9907!t2!d_105!9924!i1!u!9954!t2!u_106!9996!t2!d_107!10002!t1!u_108!10068!t2!u_109!10072!,
Thu Jul 16 08:01:21 EDT 2015<EOT>: : t2!u_134!0!t2!d_135!11!c1!u!37!t2!u_136!83!t2!d_137!89!t2!u_138!147!t2!d_139!166!i3!u!178!t2!u_140!225!t2!d_141!244!t1!u_0!296!t2!u_1!312!t2!d_2!321!t2!u_3!393!t2!d_4!398!c1!d!417!t2!u_5!470!t2!d_6!477!t2!u_7!547!t2!d_8!553!i3!d!569!r!2150!597!t1!d_9!616!t2!u_10!620!t2!d_11!624!t2!u_12!856!t2!d_13!862!t1!u_14!870!t2!u_15!893!t2!d_16!940!t2!u_17!999!t2!d_18!1017!t2!u_19!1089!t2!d_20!1094!map!u!1126!t2!u_21!1147!t2!d_22!1172!t1!d_23!1184!t2!u_24!1225!t2!d_25!1250!t2!u_26!1321!t2!d_27!1328!t2!u_28!1399!t2!d_29!1405!c3!u!1413!t1!u_30!1436!t2!u_31!1439!t2!d_32!1483!map!d!1515!t2!u_33!1554!t2!d_34!1559!i4!u!1571!t2!u_35!1631!t2!d_36!1637!t2!u_37!1708!t2!d_38!1714!t1!d_39!1733!t2!u_40!1785!t2!d_41!1791!c3!d!1812!t2!u_42!1862!t2!d_43!1869!t2!u_44!1908!t2!d_45!1945!i4!d!1960!HIP!u!1970!t2!u_46!1999!t1!u_47!2003!t2!d_48!2178!t2!u_49!2241!t2!d_50!2255!t2!u_51!2328!t2!d_52!2334!t2!u_53!2404!t2!d_54!2410!t2!u_55!2482!t2!d_56!2487!t2!u_57!2559!t2!d_58!2565!t2!u_59!2637!t2!d_60!2643!t2!u_61!2715!t2!d_62!2721!HIP!d!2748!t2!u_63!2793!t2!d_64!2798!c1!u!2825!t2!u_65!2870!t2!d_66!2876!t2!u_67!2908!t2!d_68!2953!i2!u!2957!t2!u_69!2999!t2!d_70!3031!t2!u_71!3102!t2!d_72!3108!t1!d_73!3145!t2!u_74!3148!c1!d!3169!t2!d_75!3185!t2!u_76!3241!t2!d_77!3264!t2!u_78!3332!t2!d_79!3340!i2!d!3343!t2!u_80!3403!t2!d_81!3409!t1!u_82!3431!t2!u_83!3643!t2!d_84!3649!t1!d_85!3714!t2!u_86!3718!t2!d_87!3726!t2!u_88!3798!t2!d_89!3806!t2!u_90!3876!t2!d_91!3881!t2!u_92!3953!t2!d_93!3958!t1!u_94!3981!t2!u_95!4030!t2!d_96!4036!t2!u_97!4108!t2!d_98!4114!t2!u_99!4185!t2!d_100!4192!c3!u!4218!t2!u_101!4243!t1!d_102!4260!t2!d_103!4268!t2!u_104!4340!t2!d_105!4349!i1!u!4386!t2!u_106!4417!t2!d_107!4423!t2!u_108!4495!t1!u_109!4499!t2!d_110!4503!t2!u_111!4572!t2!d_112!4578!c3!d!4592!t2!u_113!4649!t2!d_114!4655!t2!u_115!4726!t2!d_116!4732!t1!d_117!4774!t2!u_118!4778!i1!d!4781!t2!d_119!4963!t2!u_120!5035!t2!d_121!5041!t2!u_122!5112!t2!d_123!5118!t2!u_124!5190!t2!d_125!5196!t2!u_126!5241!t2!d_127!5273!t2!u_128!5332!t2!d_129!5351!t2!u_130!5423!t2!d_131!5429!t2!u_132!5501!t2!d_133!5507!t2!u_134!5574!t2!d_135!5584!c1!u!5611!t2!u_136!5656!t2!d_137!5662!t2!u_138!5729!t2!d_139!5739!i3!u!5751!t2!u_140!5811!t2!d_141!5817!t1!u_0!5874!t2!u_1!5890!t2!d_2!5894!t2!u_3!5965!t2!d_4!5971!c1!d!5989!t2!u_5!6042!t2!d_6!6050!t2!u_7!6119!t2!d_8!6125!i3!d!6139!r!2151!6174!t2!u_9!6177!t1!d_10!6184!t2!d_11!6195!t2!u_12!6429!t2!d_13!6435!t1!u_14!6441!t2!u_15!6506!t2!d_16!6512!t2!u_17!6574!t2!d_18!6590!t2!u_19!6661!t2!d_20!6669!map!u!6704!t2!u_21!6739!t2!d_22!6745!t1!d_23!6763!t2!u_24!6814!t2!d_25!6823!t2!u_26!6895!t2!d_27!6901!t2!u_28!6972!t2!d_29!6978!c3!u!6985!t1!u_30!7008!t2!u_31!7012!t2!d_32!7056!map!d!7093!t2!u_33!7127!t2!d_34!7133!i4!u!7146!t2!u_35!7204!t2!d_36!7210!t2!u_37!7240!t2!d_38!7287!t1!d_39!7302!t2!u_40!7334!c3!d!7360!t2!d_41!7363!t2!u_42!7436!t2!d_43!7442!t2!u_44!7513!t2!d_45!7519!i4!d!7534!HIP!u!7543!t1!u_46!7571!t2!u_47!7574!t2!d_48!7752!t2!u_49!7822!t2!d_50!7830!t2!u_51!7900!t2!d_52!7906!t2!u_53!7978!t2!d_54!7984!t2!u_55!8056!t2!d_56!8062!t2!u_57!8134!t2!d_58!8139!t2!u_59!8212!t2!d_60!8217!t2!u_61!8290!t2!d_62!8295!HIP!d!8320!t2!u_63!8367!t2!d_64!8373!c1!u!8399!t2!u_65!8445!t2!d_66!8451!t2!u_67!8523!t2!d_68!8533!i2!u!8570!t2!u_69!8574!t2!d_70!8606!t2!u_71!8665!t2!d_72!8684!t1!d_73!8714!t2!u_74!8718!c1!d!8739!t2!d_75!8761!t2!u_76!8813!t2!d_77!8839!t2!u_78!8907!t2!d_79!8916!i2!d!8959!t2!u_80!8980!t2!d_81!8986!t1!u_82!9003!t2!u_83!9220!t2!d_84!9226!t1!d_85!9290!t2!u_86!9293!t2!d_87!9303!t2!u_88!9375!t2!d_89!9381!t2!u_90!9453!t2!d_91!9459!t2!u_92!9496!t2!d_93!9536!t1!u_94!9558!t2!u_95!9574!t2!d_96!9614!t2!u_97!9665!t2!d_98!9692!t2!u_99!9743!t2!d_100!9769!c3!u!9774!t1!d_101!9833!t2!u_102!9837!t2!d_103!9847!t2!u_104!9907!t2!d_105!9924!i1!u!9954!t2!u_106!9996!t2!d_107!10002!t1!u_108!10068!t2!u_109!10072!
Thu Jul 16 08:01:21 EDT 2015<EOT>: Sending [0, 1, 71, 58, -70, 59, -66]
Thu Jul 16 08:01:21 EDT 2015<EOT>: Waiting for 2 byte(s): text header
Thu Jul 16 08:01:21 EDT 2015<EOT>: Waiting for 335 byte(s): text body
Thu Jul 16 08:01:21 EDT 2015<EOT>: time,145.259,rpm,2158,ENGINE_LOAD,21.00,MAP,21.00,afr,10.00,vss,0.00,ks,0.00,kv,2.63,vbatt,13.24,TP,0.00,CLT,24.94,MAT,19.47,ckp_c,106351,fuel_base,2.59,fuel_lag,1.00,fuel,3.88,timing,21.01,duty0,NaN,dwell0,0.00,total_dwell0,0.00,period0,0.00,advance0,682.000,duty1,NaN,dwell1,0.00,total_dwell1,0.00,period1,0.00,advance1,682.000,
Thu Jul 16 08:01:21 EDT 2015<EOT>: Sending [0, 1, 71, 58, -70, 59, -66]
Thu Jul 16 08:01:21 EDT 2015<EOT>: Waiting for 2 byte(s): text header
Thu Jul 16 08:01:21 EDT 2015<EOT>: Waiting for 5 byte(s): text body
Thu Jul 16 08:01:21 EDT 2015<EOT>: Sending [0, 1, 71, 58, -70, 59, -66]
Thu Jul 16 08:01:21 EDT 2015<EOT>: Waiting for 2 byte(s): text header
Thu Jul 16 08:01:21 EDT 2015<EOT>: Waiting for 335 byte(s): text body
Thu Jul 16 08:01:21 EDT 2015<EOT>: time,145.460,rpm,2165,ENGINE_LOAD,20.80,MAP,20.80,afr,10.01,vss,0.00,ks,0.00,kv,2.70,vbatt,12.86,TP,0.00,CLT,24.91,MAT,21.25,ckp_c,106866,fuel_base,2.57,fuel_lag,1.00,fuel,3.85,timing,21.01,duty0,NaN,dwell0,0.00,total_dwell0,0.00,period0,0.00,advance0,682.000,duty1,NaN,dwell1,0.00,total_dwell1,0.00,period1,0.00,advance1,682.000,
Thu Jul 16 08:01:21 EDT 2015<EOT>: Sending [0, 1, 71, 58, -70, 59, -66]
Thu Jul 16 08:01:21 EDT 2015<EOT>: Waiting for 2 byte(s): text header
Thu Jul 16 08:01:21 EDT 2015<EOT>: Waiting for 5 byte(s): text body
Thu Jul 16 08:01:21 EDT 2015<EOT>: Sending [0, 1, 71, 58, -70, 59, -66]
Thu Jul 16 08:01:21 EDT 2015<EOT>: Waiting for 2 byte(s): text header
Thu Jul 16 08:01:21 EDT 2015<EOT>: Waiting for 335 byte(s): text body
Thu Jul 16 08:01:21 EDT 2015<EOT>: time,145.660,rpm,2166,ENGINE_LOAD,21.03,MAP,21.03,afr,10.00,vss,0.00,ks,0.00,kv,2.71,vbatt,13.31,TP,0.00,CLT,25.05,MAT,19.58,ckp_c,107384,fuel_base,2.59,fuel_lag,1.00,fuel,3.88,timing,20.98,duty0,NaN,dwell0,0.00,total_dwell0,0.00,period0,0.00,advance0,682.000,duty1,NaN,dwell1,0.00,total_dwell1,0.00,period1,0.00,advance1,682.000,
Thu Jul 16 08:01:21 EDT 2015<EOT>: Sending [0, 1, 71, 58, -70, 59, -66]
Thu Jul 16 08:01:21 EDT 2015<EOT>: Waiting for 2 byte(s): text header
Thu Jul 16 08:01:21 EDT 2015<EOT>: Waiting for 5 byte(s): text body
Thu Jul 16 08:01:22 EDT 2015<EOT>: Sending [0, 1, 71, 58, -70, 59, -66]
Thu Jul 16 08:01:22 EDT 2015<EOT>: Waiting for 2 byte(s): text header
Thu Jul 16 08:01:22 EDT 2015<EOT>: Waiting for 335 byte(s): text body
Thu Jul 16 08:01:22 EDT 2015<EOT>: time,145.861,rpm,2174,ENGINE_LOAD,20.70,MAP,20.70,afr,10.00,vss,0.00,ks,0.00,kv,2.84,vbatt,12.89,TP,0.39,CLT,25.02,MAT,20.65,ckp_c,107899,fuel_base,2.55,fuel_lag,1.00,fuel,3.83,timing,20.99,duty0,NaN,dwell0,0.00,total_dwell0,0.00,period0,0.00,advance0,682.000,duty1,NaN,dwell1,0.00,total_dwell1,0.00,period1,0.00,advance1,682.000,
Thu Jul 16 08:01:22 EDT 2015<EOT>: Sending [0, 1, 71, 58, -70, 59, -66]
Thu Jul 16 08:01:22 EDT 2015<EOT>: Waiting for 2 byte(s): text header
Thu Jul 16 08:01:22 EDT 2015<EOT>: Waiting for 2112 byte(s): text body
Thu Jul 16 08:01:22 EDT 2015<EOT>: analog_chart,0.00|0.00|2.06|3001.00|2.80|2002.00|11.37|3003.00|12.33|2004.00|21.34|3005.00|22.27|2006.00|31.27|3007.00|32.02|2008.00|38.82|3009.00|39.57|10.00|41.07|2011.00|68.93|3012.00|71.99|2013.00|72.75|1014.00|81.14|3015.00|82.21|2016.00|91.15|3017.00|91.96|2018.00|101.18|3019.00|101.95|2020.00|111.20|3021.00|111.97|2022.00|113.64|23.00|121.23|3024.00|122.01|2025.00|126.00|3026.00|132.03|2027.00|141.27|3028.00|142.43|2029.00|145.29|1030.00|151.26|3031.00|152.05|2032.00|161.26|3033.00|162.02|2034.00|169.59|3035.00|171.97|2036.00|180.36|3037.00|181.97|2038.00|183.47|39.00|191.16|3040.00|192.13|2041.00|201.11|3042.00|202.18|2043.00|211.07|3044.00|211.83|2045.00|217.90|1046.00|218.65|3047.00|241.91|2048.00|250.99|3049.00|251.75|2050.00|256.79|3051.00|261.77|2052.00|267.55|3053.00|271.82|2054.00|281.11|3055.00|281.87|2056.00|291.18|3057.00|291.96|2058.00|300.39|3059.00|302.00|2060.00|311.30|3061.00|312.06|2062.00|321.37|3063.00|322.54|2064.00|331.42|3065.00|332.18|2066.00|341.44|3067.00|342.78|2068.00|351.46|3069.00|352.22|2070.00|361.48|3071.00|362.23|2072.00|366.22|73.00|366.96|3074.00|372.21|2075.00|380.70|3076.00|382.23|2077.00|387.59|3078.00|392.18|2079.00|400.46|3080.00|401.29|2081.00|403.24|1082.00|431.17|3083.00|432.26|2084.00|440.51|85.00|441.25|3086.00|442.32|2087.00|451.43|3088.00|452.24|2089.00|459.54|3090.00|462.21|2091.00|471.46|3092.00|472.22|2093.00|474.98|1094.00|481.50|3095.00|482.26|2096.00|491.52|3097.00|492.33|2098.00|501.53|3099.00|502.48|2100.00|510.81|101.00|511.57|3102.00|512.33|2103.00|518.37|3104.00|522.32|2105.00|529.13|3106.00|532.29|2107.00|541.69|1108.00|542.44|2109.00|543.17|3110.00|551.45|3111.00|552.37|2112.00|561.41|3113.00|562.25|2114.00|571.37|3115.00|572.14|2116.00|577.00|117.00|577.75|3118.00|602.08|2119.00|611.31|3120.00|612.07|2121.00|616.32|3122.00|622.05|2123.00|626.42|3124.00|632.07|2125.00|641.32|3126.00|642.07|2127.00|649.16|3128.00|652.11|2129.00|659.95|3130.00|662.14|2131.00|671.39|3132.00|672.15|2133.00|681.40|3134.00|682.56|2135.00|691.40|3136.00|692.19|2137.00|701.41|3138.00|702.16|2139.00|711.38|3140.00|712.20|2141.00|,
Thu Jul 16 08:01:22 EDT 2015<EOT>: Analog chart from 0.0 to 712.2
Thu Jul 16 08:01:22 EDT 2015<EOT>: Sending [0, 1, 71, 58, -70, 59, -66]
Thu Jul 16 08:01:22 EDT 2015<EOT>: Waiting for 2 byte(s): text header
Thu Jul 16 08:01:22 EDT 2015<EOT>: Waiting for 335 byte(s): text body
Thu Jul 16 08:01:22 EDT 2015<EOT>: time,146.063,rpm,2173,ENGINE_LOAD,20.81,MAP,20.81,afr,10.00,vss,0.00,ks,0.00,kv,2.69,vbatt,13.17,TP,0.00,CLT,24.94,MAT,19.50,ckp_c,108416,fuel_base,2.57,fuel_lag,1.00,fuel,3.85,timing,21.01,duty0,NaN,dwell0,0.00,total_dwell0,0.00,period0,0.00,advance0,682.000,duty1,NaN,dwell1,0.00,total_dwell1,0.00,period1,0.00,advance1,682.000,
Thu Jul 16 08:01:22 EDT 2015<EOT>: Sending [0, 1, 71, 58, -70, 59, -66]
Thu Jul 16 08:01:22 EDT 2015<EOT>: Waiting for 2 byte(s): text header
Thu Jul 16 08:01:22 EDT 2015<EOT>: Waiting for 3835 byte(s): text body
Thu Jul 16 08:01:22 EDT 2015<EOT>: wave_chart,t2!d_119!0!t2!u_120!71!t2!d_121!77!t2!u_122!148!t2!d_123!154!t2!u_124!207!t2!d_125!231!t2!u_126!303!t2!d_127!309!t2!u_128!371!t2!d_129!387!t2!u_130!421!t2!d_131!464!t2!u_132!536!t2!d_133!544!t2!u_134!614!t2!d_135!619!c1!u!651!t2!u_136!691!t2!d_137!697!t2!u_138!754!t2!d_139!776!i3!u!788!t2!u_140!846!t2!d_141!851!t1!u_0!901!t2!u_1!917!t2!d_2!929!t2!u_3!1000!t2!d_4!1005!c1!d!1024!t2!u_5!1077!t2!d_6!1084!t2!u_7!1154!t2!d_8!1160!i3!d!1180!r!2157!1201!t2!u_9!1206!t1!d_10!1219!t2!d_11!1229!t2!u_12!1421!t2!d_13!1469!t1!u_14!1473!t2!u_15!1541!t2!d_16!1545!t2!u_17!1617!t2!d_18!1623!t2!u_19!1694!t2!d_20!1700!map!u!1729!t2!u_21!1766!t2!d_22!1778!t1!d_23!1788!t2!u_24!1849!t2!d_25!1855!t2!u_26!1912!t2!d_27!1932!t2!u_28!2004!t2!d_29!2010!c3!u!2019!t1!u_30!2039!t2!u_31!2043!t2!d_32!2087!map!d!2116!t2!u_33!2158!t2!d_34!2164!i4!u!2173!t2!u_35!2206!t2!d_36!2241!t2!u_37!2312!t2!d_38!2318!t1!d_39!2334!t2!u_40!2389!t2!d_41!2396!c3!d!2416!t2!u_42!2466!t2!d_43!2473!t2!u_44!2543!t2!d_45!2549!i4!d!2564!HIP!u!2572!t1!u_46!2599!t2!u_47!2603!t2!d_48!2782!t2!u_49!2851!t2!d_50!2857!t2!u_51!2929!t2!d_52!2934!t2!u_53!3006!t2!d_54!3012!t2!u_55!3083!t2!d_56!3090!t2!u_57!3161!t2!d_58!3167!t2!u_59!3206!t2!d_60!3244!t2!u_61!3316!t2!d_62!3323!HIP!d!3349!t2!u_63!3354!c1!u!3386!t2!d_64!3401!t2!u_65!3433!t2!d_66!3476!t2!u_67!3540!t2!d_68!3553!i2!u!3583!t2!u_69!3625!t2!d_70!3630!t2!u_71!3703!t2!d_72!3707!t1!d_73!3737!t2!u_74!3741!c1!d!3762!t2!d_75!3784!t2!u_76!3856!t2!d_77!3861!t2!u_78!3906!t2!d_79!3939!i2!d!3974!t2!u_80!4002!t2!d_81!4008!t1!u_82!4022!t2!u_83!4206!t2!d_84!4247!t1!d_85!4308!t2!u_86!4312!t2!d_87!4323!t2!u_88!4394!t2!d_89!4400!t2!u_90!4433!t2!d_91!4478!t2!u_92!4539!t2!d_93!4555!t1!u_94!4573!t2!u_95!4626!t2!d_96!4632!t2!u_97!4687!t2!d_98!4711!t2!u_99!4766!t2!d_100!4786!c3!u!4798!t1!d_101!4850!t2!u_102!4854!t2!d_103!4863!t2!u_104!4934!t2!d_105!4944!i1!u!4977!t2!u_106!5011!t2!d_107!5017!t2!u_108!5088!t1!u_109!5092!t2!d_110!5096!t2!u_111!5165!t2!d_112!5170!c3!d!5186!t2!u_113!5206!t2!d_114!5248!t2!u_115!5318!t2!d_116!5324!t1!d_117!5362!t2!u_118!5366!i1!d!5370!t2!d_119!5554!t2!u_120!5626!t2!d_121!5632!t2!u_122!5688!t2!d_123!5708!t2!u_124!5780!t2!d_125!5786!t2!u_126!5857!t2!d_127!5863!t2!u_128!5922!t2!d_129!5941!t2!u_130!6012!t2!d_131!6018!t2!u_132!6089!t2!d_133!6096!t2!u_134!6167!t2!d_135!6174!c1!u!6204!t2!u_136!6207!t2!d_137!6250!t2!u_138!6321!t2!d_139!6329!i3!u!6337!t2!u_140!6390!t2!d_141!6404!t1!u_0!6459!t2!u_1!6477!t2!d_2!6481!t2!u_3!6551!t2!d_4!6557!c1!d!6576!t2!u_5!6628!t2!d_6!6636!t2!u_7!6705!t2!d_8!6711!i3!d!6728!r!2158!6760!t2!u_9!6765!t1!d_10!6777!t2!d_11!6781!t2!u_12!6998!t2!d_13!7020!t1!u_14!7031!t2!u_15!7090!t2!d_16!7096!t2!u_17!7167!t2!d_18!7172!t2!u_19!7244!t2!d_20!7250!t2!u_21!7285!map!u!7289!t2!d_22!7327!t1!d_23!7343!t2!u_24!7398!t2!d_25!7404!t2!u_26!7454!t2!d_27!7481!t2!u_28!7539!t2!d_29!7558!c3!u!7565!t1!u_30!7592!t2!u_31!7595!t2!d_32!7635!map!d!7677!t2!u_33!7706!t2!d_34!7713!i4!u!7723!t2!u_35!7766!t2!d_36!7789!t2!u_37!7860!t2!d_38!7866!t1!d_39!7887!t2!u_40!7936!t2!d_41!7942!c3!d!7963!t2!u_42!8013!t2!d_43!8020!t2!u_44!8092!t2!d_45!8096!i4!d!8110!HIP!u!8122!t1!u_46!8151!t2!u_47!8155!t2!d_48!8327!t2!u_49!8397!t2!d_50!8403!t2!u_51!8474!t2!d_52!8480!t2!u_53!8539!t2!d_54!8558!t2!u_55!8629!t2!d_56!8635!t2!u_57!8691!t2!d_58!8712!t2!u_59!8765!t2!d_60!8790!t2!u_61!8861!t2!d_62!8867!HIP!d!8898!t2!u_63!8939!t2!d_64!8944!c1!u!8969!t2!u_65!9016!t2!d_66!9022!t2!u_67!9093!t2!d_68!9101!i2!u!9137!t2!u_69!9170!t2!d_70!9176!t2!u_71!9247!t2!d_72!9252!t1!d_73!9290!t2!u_74!9294!c1!d!9315!t2!d_75!9329!t2!u_76!9401!t2!d_77!9407!t2!u_78!9477!t2!d_79!9483!i2!d!9525!t2!u_80!9546!t2!d_81!9553!t1!u_82!9573!t2!u_83!9765!t2!d_84!9791!t1!d_85!9858!t2!u_86!9862!t2!d_87!9868!t2!u_88!9928!t2!d_89!9945!t2!u_90!10004!t2!d_91!10022!t2!u_92!10093!t2!d_93!10099!t1!u_94!10127!t2!u_95!10131!t2!d_96!10176!,
Thu Jul 16 08:01:22 EDT 2015<EOT>: : t2!d_119!0!t2!u_120!71!t2!d_121!77!t2!u_122!148!t2!d_123!154!t2!u_124!207!t2!d_125!231!t2!u_126!303!t2!d_127!309!t2!u_128!371!t2!d_129!387!t2!u_130!421!t2!d_131!464!t2!u_132!536!t2!d_133!544!t2!u_134!614!t2!d_135!619!c1!u!651!t2!u_136!691!t2!d_137!697!t2!u_138!754!t2!d_139!776!i3!u!788!t2!u_140!846!t2!d_141!851!t1!u_0!901!t2!u_1!917!t2!d_2!929!t2!u_3!1000!t2!d_4!1005!c1!d!1024!t2!u_5!1077!t2!d_6!1084!t2!u_7!1154!t2!d_8!1160!i3!d!1180!r!2157!1201!t2!u_9!1206!t1!d_10!1219!t2!d_11!1229!t2!u_12!1421!t2!d_13!1469!t1!u_14!1473!t2!u_15!1541!t2!d_16!1545!t2!u_17!1617!t2!d_18!1623!t2!u_19!1694!t2!d_20!1700!map!u!1729!t2!u_21!1766!t2!d_22!1778!t1!d_23!1788!t2!u_24!1849!t2!d_25!1855!t2!u_26!1912!t2!d_27!1932!t2!u_28!2004!t2!d_29!2010!c3!u!2019!t1!u_30!2039!t2!u_31!2043!t2!d_32!2087!map!d!2116!t2!u_33!2158!t2!d_34!2164!i4!u!2173!t2!u_35!2206!t2!d_36!2241!t2!u_37!2312!t2!d_38!2318!t1!d_39!2334!t2!u_40!2389!t2!d_41!2396!c3!d!2416!t2!u_42!2466!t2!d_43!2473!t2!u_44!2543!t2!d_45!2549!i4!d!2564!HIP!u!2572!t1!u_46!2599!t2!u_47!2603!t2!d_48!2782!t2!u_49!2851!t2!d_50!2857!t2!u_51!2929!t2!d_52!2934!t2!u_53!3006!t2!d_54!3012!t2!u_55!3083!t2!d_56!3090!t2!u_57!3161!t2!d_58!3167!t2!u_59!3206!t2!d_60!3244!t2!u_61!3316!t2!d_62!3323!HIP!d!3349!t2!u_63!3354!c1!u!3386!t2!d_64!3401!t2!u_65!3433!t2!d_66!3476!t2!u_67!3540!t2!d_68!3553!i2!u!3583!t2!u_69!3625!t2!d_70!3630!t2!u_71!3703!t2!d_72!3707!t1!d_73!3737!t2!u_74!3741!c1!d!3762!t2!d_75!3784!t2!u_76!3856!t2!d_77!3861!t2!u_78!3906!t2!d_79!3939!i2!d!3974!t2!u_80!4002!t2!d_81!4008!t1!u_82!4022!t2!u_83!4206!t2!d_84!4247!t1!d_85!4308!t2!u_86!4312!t2!d_87!4323!t2!u_88!4394!t2!d_89!4400!t2!u_90!4433!t2!d_91!4478!t2!u_92!4539!t2!d_93!4555!t1!u_94!4573!t2!u_95!4626!t2!d_96!4632!t2!u_97!4687!t2!d_98!4711!t2!u_99!4766!t2!d_100!4786!c3!u!4798!t1!d_101!4850!t2!u_102!4854!t2!d_103!4863!t2!u_104!4934!t2!d_105!4944!i1!u!4977!t2!u_106!5011!t2!d_107!5017!t2!u_108!5088!t1!u_109!5092!t2!d_110!5096!t2!u_111!5165!t2!d_112!5170!c3!d!5186!t2!u_113!5206!t2!d_114!5248!t2!u_115!5318!t2!d_116!5324!t1!d_117!5362!t2!u_118!5366!i1!d!5370!t2!d_119!5554!t2!u_120!5626!t2!d_121!5632!t2!u_122!5688!t2!d_123!5708!t2!u_124!5780!t2!d_125!5786!t2!u_126!5857!t2!d_127!5863!t2!u_128!5922!t2!d_129!5941!t2!u_130!6012!t2!d_131!6018!t2!u_132!6089!t2!d_133!6096!t2!u_134!6167!t2!d_135!6174!c1!u!6204!t2!u_136!6207!t2!d_137!6250!t2!u_138!6321!t2!d_139!6329!i3!u!6337!t2!u_140!6390!t2!d_141!6404!t1!u_0!6459!t2!u_1!6477!t2!d_2!6481!t2!u_3!6551!t2!d_4!6557!c1!d!6576!t2!u_5!6628!t2!d_6!6636!t2!u_7!6705!t2!d_8!6711!i3!d!6728!r!2158!6760!t2!u_9!6765!t1!d_10!6777!t2!d_11!6781!t2!u_12!6998!t2!d_13!7020!t1!u_14!7031!t2!u_15!7090!t2!d_16!7096!t2!u_17!7167!t2!d_18!7172!t2!u_19!7244!t2!d_20!7250!t2!u_21!7285!map!u!7289!t2!d_22!7327!t1!d_23!7343!t2!u_24!7398!t2!d_25!7404!t2!u_26!7454!t2!d_27!7481!t2!u_28!7539!t2!d_29!7558!c3!u!7565!t1!u_30!7592!t2!u_31!7595!t2!d_32!7635!map!d!7677!t2!u_33!7706!t2!d_34!7713!i4!u!7723!t2!u_35!7766!t2!d_36!7789!t2!u_37!7860!t2!d_38!7866!t1!d_39!7887!t2!u_40!7936!t2!d_41!7942!c3!d!7963!t2!u_42!8013!t2!d_43!8020!t2!u_44!8092!t2!d_45!8096!i4!d!8110!HIP!u!8122!t1!u_46!8151!t2!u_47!8155!t2!d_48!8327!t2!u_49!8397!t2!d_50!8403!t2!u_51!8474!t2!d_52!8480!t2!u_53!8539!t2!d_54!8558!t2!u_55!8629!t2!d_56!8635!t2!u_57!8691!t2!d_58!8712!t2!u_59!8765!t2!d_60!8790!t2!u_61!8861!t2!d_62!8867!HIP!d!8898!t2!u_63!8939!t2!d_64!8944!c1!u!8969!t2!u_65!9016!t2!d_66!9022!t2!u_67!9093!t2!d_68!9101!i2!u!9137!t2!u_69!9170!t2!d_70!9176!t2!u_71!9247!t2!d_72!9252!t1!d_73!9290!t2!u_74!9294!c1!d!9315!t2!d_75!9329!t2!u_76!9401!t2!d_77!9407!t2!u_78!9477!t2!d_79!9483!i2!d!9525!t2!u_80!9546!t2!d_81!9553!t1!u_82!9573!t2!u_83!9765!t2!d_84!9791!t1!d_85!9858!t2!u_86!9862!t2!d_87!9868!t2!u_88!9928!t2!d_89!9945!t2!u_90!10004!t2!d_91!10022!t2!u_92!10093!t2!d_93!10099!t1!u_94!10127!t2!u_95!10131!t2!d_96!10176!
Thu Jul 16 08:01:22 EDT 2015<EOT>: Sending [0, 1, 71, 58, -70, 59, -66]
Thu Jul 16 08:01:22 EDT 2015<EOT>: Waiting for 2 byte(s): text header
Thu Jul 16 08:01:22 EDT 2015<EOT>: Waiting for 335 byte(s): text body
Thu Jul 16 08:01:22 EDT 2015<EOT>: time,146.264,rpm,2169,ENGINE_LOAD,20.77,MAP,20.77,afr,10.00,vss,0.00,ks,0.00,kv,2.79,vbatt,12.97,TP,0.00,CLT,25.15,MAT,20.86,ckp_c,108932,fuel_base,2.56,fuel_lag,1.00,fuel,3.84,timing,20.96,duty0,NaN,dwell0,0.00,total_dwell0,0.00,period0,0.00,advance0,682.000,duty1,NaN,dwell1,0.00,total_dwell1,0.00,period1,0.00,advance1,682.000,
Thu Jul 16 08:01:22 EDT 2015<EOT>: Sending [0, 1, 71, 58, -70, 59, -66]
Thu Jul 16 08:01:22 EDT 2015<EOT>: Waiting for 2 byte(s): text header
Thu Jul 16 08:01:22 EDT 2015<EOT>: Waiting for 5 byte(s): text body
Thu Jul 16 08:01:22 EDT 2015<EOT>: Sending [0, 1, 71, 58, -70, 59, -66]
Thu Jul 16 08:01:22 EDT 2015<EOT>: Waiting for 2 byte(s): text header
Thu Jul 16 08:01:22 EDT 2015<EOT>: Waiting for 335 byte(s): text body
Thu Jul 16 08:01:22 EDT 2015<EOT>: time,146.464,rpm,2160,ENGINE_LOAD,20.99,MAP,20.99,afr,10.00,vss,0.00,ks,0.00,kv,2.77,vbatt,13.17,TP,0.00,CLT,25.21,MAT,19.53,ckp_c,109450,fuel_base,2.59,fuel_lag,1.00,fuel,3.87,timing,20.95,duty0,NaN,dwell0,0.00,total_dwell0,0.00,period0,0.00,advance0,682.000,duty1,NaN,dwell1,0.00,total_dwell1,0.00,period1,0.00,advance1,682.000,
Thu Jul 16 08:01:22 EDT 2015<EOT>: Sending [0, 1, 71, 58, -70, 59, -66]
Thu Jul 16 08:01:22 EDT 2015<EOT>: Waiting for 2 byte(s): text header
Thu Jul 16 08:01:22 EDT 2015<EOT>: Waiting for 5 byte(s): text body
Thu Jul 16 08:01:22 EDT 2015<EOT>: Sending [0, 1, 71, 58, -70, 59, -66]
Thu Jul 16 08:01:22 EDT 2015<EOT>: Waiting for 2 byte(s): text header
Thu Jul 16 08:01:22 EDT 2015<EOT>: Waiting for 335 byte(s): text body
Thu Jul 16 08:01:22 EDT 2015<EOT>: time,146.666,rpm,2169,ENGINE_LOAD,20.92,MAP,20.92,afr,10.01,vss,0.00,ks,0.00,kv,2.81,vbatt,13.22,TP,0.00,CLT,25.13,MAT,19.42,ckp_c,109963,fuel_base,2.58,fuel_lag,1.00,fuel,3.86,timing,20.97,duty0,NaN,dwell0,0.00,total_dwell0,0.00,period0,0.00,advance0,682.000,duty1,NaN,dwell1,0.00,total_dwell1,0.00,period1,0.00,advance1,682.000,
Thu Jul 16 08:01:22 EDT 2015<EOT>: Sending [0, 1, 71, 58, -70, 59, -66]
Thu Jul 16 08:01:22 EDT 2015<EOT>: Waiting for 2 byte(s): text header
Thu Jul 16 08:01:22 EDT 2015<EOT>: Waiting for 5 byte(s): text body
Thu Jul 16 08:01:23 EDT 2015<EOT>: Sending [0, 1, 71, 58, -70, 59, -66]
Thu Jul 16 08:01:23 EDT 2015<EOT>: Waiting for 2 byte(s): text header
Thu Jul 16 08:01:23 EDT 2015<EOT>: Waiting for 335 byte(s): text body
Thu Jul 16 08:01:23 EDT 2015<EOT>: time,146.867,rpm,2173,ENGINE_LOAD,20.80,MAP,20.80,afr,10.00,vss,0.00,ks,0.00,kv,2.81,vbatt,13.37,TP,0.00,CLT,25.21,MAT,19.68,ckp_c,110482,fuel_base,2.56,fuel_lag,1.00,fuel,3.84,timing,20.95,duty0,NaN,dwell0,0.00,total_dwell0,0.00,period0,0.00,advance0,682.000,duty1,NaN,dwell1,0.00,total_dwell1,0.00,period1,0.00,advance1,682.000,
Thu Jul 16 08:01:23 EDT 2015<EOT>: Sending [0, 1, 71, 58, -70, 59, -66]
Thu Jul 16 08:01:23 EDT 2015<EOT>: Waiting for 2 byte(s): text header
Thu Jul 16 08:01:23 EDT 2015<EOT>: Waiting for 5 byte(s): text body
Thu Jul 16 08:01:23 EDT 2015<EOT>: Sending [0, 1, 71, 58, -70, 59, -66]
Thu Jul 16 08:01:23 EDT 2015<EOT>: Waiting for 2 byte(s): text header
Thu Jul 16 08:01:23 EDT 2015<EOT>: Waiting for 2657 byte(s): text body
Thu Jul 16 08:01:23 EDT 2015<EOT>: analog_chart,0.00|0.00|1.86|3001.00|2.60|2002.00|11.50|3003.00|12.39|2004.00|21.47|3005.00|22.55|2006.00|31.39|3007.00|32.19|2008.00|40.40|3009.00|41.13|10.00|41.85|2011.00|71.28|3012.00|72.14|2013.00|73.58|1014.00|81.28|3015.00|82.02|2016.00|91.28|3017.00|92.03|2018.00|101.28|3019.00|102.04|2020.00|111.29|3021.00|112.08|2022.00|114.07|23.00|121.31|3024.00|122.07|2025.00|131.32|3026.00|132.08|2027.00|136.38|3028.00|142.08|2029.00|146.29|1030.00|147.05|3031.00|152.06|2032.00|161.26|3033.00|162.04|2034.00|171.23|3035.00|171.98|2036.00|179.80|3037.00|181.91|2038.00|184.70|39.00|191.11|3040.00|192.01|2041.00|201.03|3042.00|201.91|2043.00|210.98|3044.00|211.74|2045.00|218.87|1046.00|219.63|3047.00|241.78|2048.00|250.85|3049.00|251.62|2050.00|260.82|3051.00|261.63|2052.00|266.92|3053.00|271.59|2054.00|280.86|3055.00|281.61|2056.00|290.88|3057.00|291.64|2058.00|299.06|3059.00|301.68|2060.00|310.04|3061.00|311.67|2062.00|321.05|3063.00|321.98|2064.00|330.95|3065.00|331.76|2066.00|340.94|3067.00|342.28|2068.00|350.92|3069.00|351.67|2070.00|360.89|3071.00|361.67|2072.00|366.60|73.00|367.33|3074.00|371.65|2075.00|380.83|3076.00|381.58|2077.00|390.74|3078.00|391.49|2079.00|397.09|3080.00|400.51|2081.00|402.89|1082.00|430.56|3083.00|431.63|2084.00|440.03|85.00|440.77|3086.00|441.52|2087.00|450.51|3088.00|451.28|2089.00|460.50|3090.00|461.27|2091.00|470.49|3092.00|471.30|2093.00|474.78|1094.00|480.49|3095.00|481.25|2096.00|490.49|3097.00|491.26|2098.00|498.70|3099.00|501.25|2100.00|510.32|101.00|511.07|3102.00|511.83|2103.00|520.43|3104.00|521.76|2105.00|530.39|3106.00|531.15|2107.00|540.33|3108.00|541.10|1109.00|541.86|2110.00|550.27|3111.00|551.23|2112.00|560.20|3113.00|561.01|2114.00|570.14|3115.00|570.91|2116.00|575.09|117.00|575.84|3118.00|600.71|2119.00|609.95|3120.00|610.71|2121.00|619.94|3122.00|620.70|2123.00|628.95|3124.00|630.70|2125.00|639.96|3126.00|640.73|2127.00|650.17|3128.00|650.92|2129.00|657.38|3130.00|660.77|2131.00|670.02|3132.00|670.77|2133.00|678.08|3134.00|680.83|2135.00|690.04|3136.00|690.81|2137.00|700.03|3138.00|700.84|2139.00|709.99|3140.00|710.75|2141.00|,time,147.067,rpm,2176,ENGINE_LOAD,20.82,MAP,20.82,afr,10.00,vss,0.00,ks,0.00,kv,2.81,vbatt,13.16,TP,0.20,CLT,25.26,MAT,19.94,rusEfiVersion,20150713@8529 Neon03,outpin,t1@PA5,outpin,t2@PC6,outpin,input1@NONE,outpin,input2@NONE,outpin,c1@PC9,outpin,i1@PB8,outpin,c2@NONE,outpin,i2@PB9,outpin,c3@PE8,outpin,i3@PE2,outpin,c4@NONE,outpin,i4@PB7,ckp_c,111000,fuel_base,2.56,fuel_lag,1.00,fuel,3.85,timing,20.94,duty0,NaN,dwell0,0.00,total_dwell0,0.00,period0,0.00,advance0,682.000,duty1,NaN,dwell1,0.00,total_dwell1,0.00,period1,0.00,advance1,682.000,
Thu Jul 16 08:01:23 EDT 2015<EOT>: Analog chart from 0.0 to 710.75
Thu Jul 16 08:01:23 EDT 2015<EOT>: Sending [0, 1, 71, 58, -70, 59, -66]
Thu Jul 16 08:01:23 EDT 2015<EOT>: Waiting for 2 byte(s): text header
Thu Jul 16 08:01:23 EDT 2015<EOT>: Waiting for 3821 byte(s): text body
Thu Jul 16 08:01:23 EDT 2015<EOT>: wave_chart,t2!d_127!0!t2!u_128!33!t2!d_129!77!t2!u_130!148!t2!d_131!154!t2!u_132!225!t2!d_133!231!t2!u_134!262!c1!u!294!t2!d_135!307!t2!u_136!365!t2!d_137!384!t2!u_138!455!t2!d_139!461!i3!u!474!t2!u_140!533!t2!d_141!537!t1!u_0!590!t2!u_1!605!t2!d_2!614!t2!u_3!685!t2!d_4!691!c1!d!709!t2!u_5!761!t2!d_6!768!t2!u_7!838!t2!d_8!844!i3!d!860!r!2170!887!t1!d_9!906!t2!u_10!910!t2!d_11!914!t2!u_12!1130!t2!d_13!1150!t1!u_14!1157!t2!u_15!1221!t2!d_16!1227!t2!u_17!1262!t2!d_18!1303!t2!u_19!1365!t2!d_20!1380!map!u!1413!t2!u_21!1452!t2!d_22!1457!t1!d_23!1471!t2!u_24!1513!t2!d_25!1534!t2!u_26!1595!t2!d_27!1611!t2!u_28!1682!t2!d_29!1688!c3!u!1714!t1!u_30!1720!t2!u_31!1723!t2!d_32!1765!map!d!1798!t2!u_33!1835!t2!d_34!1841!i4!u!1855!t2!u_35!1912!t2!d_36!1917!t2!u_37!1988!t2!d_38!1995!t1!d_39!2012!t2!u_40!2031!c3!d!2058!t2!d_41!2071!t2!u_42!2141!t2!d_43!2147!t2!u_44!2217!t2!d_45!2224!i4!d!2241!HIP!u!2244!t2!u_46!2262!t1!u_47!2273!t2!d_48!2454!t2!u_49!2524!t2!d_50!2532!t2!u_51!2589!t2!d_52!2606!t2!u_53!2677!t2!d_54!2683!t2!u_55!2754!t2!d_56!2760!t2!u_57!2832!t2!d_58!2837!t2!u_59!2909!t2!d_60!2916!t2!u_61!2986!t2!d_62!2992!HIP!d!3014!t2!u_63!3058!t2!d_64!3069!c1!u!3087!t2!u_65!3138!t2!d_66!3146!t2!u_67!3217!t2!d_68!3225!t2!u_69!3258!i2!u!3264!t2!d_70!3299!t2!u_71!3370!t2!d_72!3376!t1!d_73!3401!t2!u_74!3447!t2!d_75!3453!c1!d!3468!t2!u_76!3513!t2!d_77!3530!t2!u_78!3589!t2!d_79!3606!i2!d!3650!t2!u_80!3669!t2!d_81!3675!t1!u_82!3686!t2!u_83!3907!t2!d_84!3913!t1!d_85!3973!t2!u_86!3977!t2!d_87!3989!t2!u_88!4031!t2!d_89!4066!t2!u_90!4137!t2!d_91!4143!t2!u_92!4214!t2!d_93!4220!t1!u_94!4236!t2!u_95!4255!t2!d_96!4297!t2!u_97!4366!t2!d_98!4374!t2!u_99!4445!t2!d_100!4451!c3!u!4473!t2!u_101!4512!t1!d_102!4516!t2!d_103!4528!t2!u_104!4589!t2!d_105!4605!i1!u!4635!t2!u_106!4676!t2!d_107!4682!t1!u_108!4751!t2!u_109!4755!t2!d_110!4759!t2!u_111!4829!t2!d_112!4835!c3!d!4850!t2!u_113!4905!t2!d_114!4912!t2!u_115!4982!t2!d_116!4988!i1!d!5021!t1!d_117!5024!t2!u_118!5027!t2!d_119!5218!t2!u_120!5255!t2!d_121!5295!t2!u_122!5364!t2!d_123!5372!t2!u_124!5443!t2!d_125!5449!t2!u_126!5503!t2!d_127!5527!t2!u_128!5589!t2!d_129!5603!t2!u_130!5674!t2!d_131!5680!t2!u_132!5752!t2!d_133!5757!t2!u_134!5821!t2!d_135!5834!c1!u!5854!t2!u_136!5906!t2!d_137!5911!t2!u_138!5982!t2!d_139!5988!i3!u!6001!t2!u_140!6031!t2!d_141!6065!t1!u_0!6118!t2!u_1!6135!t2!d_2!6142!t2!u_3!6212!t2!d_4!6218!c1!d!6237!t2!u_5!6255!t2!d_6!6296!t2!u_7!6364!t2!d_8!6371!i3!d!6386!r!2170!6415!t1!d_9!6432!t2!u_10!6436!t2!d_11!6441!t2!u_12!6672!t2!d_13!6679!t1!u_14!6687!t2!u_15!6734!t2!d_16!6755!t2!u_17!6826!t2!d_18!6832!t2!u_19!6903!t2!d_20!6909!map!u!6941!t2!u_21!6980!t2!d_22!6986!t1!d_23!7000!t2!u_24!7055!t2!d_25!7063!t2!u_26!7123!t2!d_27!7141!t2!u_28!7212!t2!d_29!7218!c3!u!7244!t1!u_30!7248!t2!u_31!7252!t2!d_32!7295!map!d!7326!t2!u_33!7365!t2!d_34!7371!i4!u!7384!t2!u_35!7442!t2!d_36!7448!t2!u_37!7519!t2!d_38!7525!t1!d_39!7540!t2!u_40!7595!t2!d_41!7601!c3!d!7622!t2!u_42!7672!t2!d_43!7678!t2!u_44!7725!t2!d_45!7755!i4!d!7769!HIP!u!7771!t1!u_46!7804!t2!u_47!7808!t2!d_48!7986!t2!u_49!8032!t2!d_50!8061!t2!u_51!8132!t2!d_52!8138!t2!u_53!8209!t2!d_54!8215!t2!u_55!8255!t2!d_56!8292!t2!u_57!8364!t2!d_58!8369!t2!u_59!8440!t2!d_60!8447!t2!u_61!8517!t2!d_62!8523!HIP!d!8541!t2!u_63!8588!t2!d_64!8601!c1!u!8617!t2!u_65!8672!t2!d_66!8677!t2!u_67!8748!t2!d_68!8757!i2!u!8795!t2!u_69!8825!t2!d_70!8831!t2!u_71!8902!t2!d_72!8908!t1!d_73!8940!t2!u_74!8944!c1!d!8966!t2!d_75!8984!t2!u_76!9031!t2!d_77!9061!t2!u_78!9131!t2!d_79!9138!t2!u_80!9179!i2!d!9182!t2!d_81!9207!t1!u_82!9225!t2!u_83!9438!t2!d_84!9444!t1!d_85!9508!t2!u_86!9512!t2!d_87!9521!t2!u_88!9588!t2!d_89!9597!t2!u_90!9668!t2!d_91!9674!t2!u_92!9711!t2!d_93!9751!t1!u_94!9772!t2!u_95!9822!t2!d_96!9828!t2!u_97!9899!t2!d_98!9905!t2!u_99!9976!t2!d_100!9982!c3!u!10004!t1!d_101!10051!t2!u_102!10055!t2!d_103!10059!,
Thu Jul 16 08:01:23 EDT 2015<EOT>: : t2!d_127!0!t2!u_128!33!t2!d_129!77!t2!u_130!148!t2!d_131!154!t2!u_132!225!t2!d_133!231!t2!u_134!262!c1!u!294!t2!d_135!307!t2!u_136!365!t2!d_137!384!t2!u_138!455!t2!d_139!461!i3!u!474!t2!u_140!533!t2!d_141!537!t1!u_0!590!t2!u_1!605!t2!d_2!614!t2!u_3!685!t2!d_4!691!c1!d!709!t2!u_5!761!t2!d_6!768!t2!u_7!838!t2!d_8!844!i3!d!860!r!2170!887!t1!d_9!906!t2!u_10!910!t2!d_11!914!t2!u_12!1130!t2!d_13!1150!t1!u_14!1157!t2!u_15!1221!t2!d_16!1227!t2!u_17!1262!t2!d_18!1303!t2!u_19!1365!t2!d_20!1380!map!u!1413!t2!u_21!1452!t2!d_22!1457!t1!d_23!1471!t2!u_24!1513!t2!d_25!1534!t2!u_26!1595!t2!d_27!1611!t2!u_28!1682!t2!d_29!1688!c3!u!1714!t1!u_30!1720!t2!u_31!1723!t2!d_32!1765!map!d!1798!t2!u_33!1835!t2!d_34!1841!i4!u!1855!t2!u_35!1912!t2!d_36!1917!t2!u_37!1988!t2!d_38!1995!t1!d_39!2012!t2!u_40!2031!c3!d!2058!t2!d_41!2071!t2!u_42!2141!t2!d_43!2147!t2!u_44!2217!t2!d_45!2224!i4!d!2241!HIP!u!2244!t2!u_46!2262!t1!u_47!2273!t2!d_48!2454!t2!u_49!2524!t2!d_50!2532!t2!u_51!2589!t2!d_52!2606!t2!u_53!2677!t2!d_54!2683!t2!u_55!2754!t2!d_56!2760!t2!u_57!2832!t2!d_58!2837!t2!u_59!2909!t2!d_60!2916!t2!u_61!2986!t2!d_62!2992!HIP!d!3014!t2!u_63!3058!t2!d_64!3069!c1!u!3087!t2!u_65!3138!t2!d_66!3146!t2!u_67!3217!t2!d_68!3225!t2!u_69!3258!i2!u!3264!t2!d_70!3299!t2!u_71!3370!t2!d_72!3376!t1!d_73!3401!t2!u_74!3447!t2!d_75!3453!c1!d!3468!t2!u_76!3513!t2!d_77!3530!t2!u_78!3589!t2!d_79!3606!i2!d!3650!t2!u_80!3669!t2!d_81!3675!t1!u_82!3686!t2!u_83!3907!t2!d_84!3913!t1!d_85!3973!t2!u_86!3977!t2!d_87!3989!t2!u_88!4031!t2!d_89!4066!t2!u_90!4137!t2!d_91!4143!t2!u_92!4214!t2!d_93!4220!t1!u_94!4236!t2!u_95!4255!t2!d_96!4297!t2!u_97!4366!t2!d_98!4374!t2!u_99!4445!t2!d_100!4451!c3!u!4473!t2!u_101!4512!t1!d_102!4516!t2!d_103!4528!t2!u_104!4589!t2!d_105!4605!i1!u!4635!t2!u_106!4676!t2!d_107!4682!t1!u_108!4751!t2!u_109!4755!t2!d_110!4759!t2!u_111!4829!t2!d_112!4835!c3!d!4850!t2!u_113!4905!t2!d_114!4912!t2!u_115!4982!t2!d_116!4988!i1!d!5021!t1!d_117!5024!t2!u_118!5027!t2!d_119!5218!t2!u_120!5255!t2!d_121!5295!t2!u_122!5364!t2!d_123!5372!t2!u_124!5443!t2!d_125!5449!t2!u_126!5503!t2!d_127!5527!t2!u_128!5589!t2!d_129!5603!t2!u_130!5674!t2!d_131!5680!t2!u_132!5752!t2!d_133!5757!t2!u_134!5821!t2!d_135!5834!c1!u!5854!t2!u_136!5906!t2!d_137!5911!t2!u_138!5982!t2!d_139!5988!i3!u!6001!t2!u_140!6031!t2!d_141!6065!t1!u_0!6118!t2!u_1!6135!t2!d_2!6142!t2!u_3!6212!t2!d_4!6218!c1!d!6237!t2!u_5!6255!t2!d_6!6296!t2!u_7!6364!t2!d_8!6371!i3!d!6386!r!2170!6415!t1!d_9!6432!t2!u_10!6436!t2!d_11!6441!t2!u_12!6672!t2!d_13!6679!t1!u_14!6687!t2!u_15!6734!t2!d_16!6755!t2!u_17!6826!t2!d_18!6832!t2!u_19!6903!t2!d_20!6909!map!u!6941!t2!u_21!6980!t2!d_22!6986!t1!d_23!7000!t2!u_24!7055!t2!d_25!7063!t2!u_26!7123!t2!d_27!7141!t2!u_28!7212!t2!d_29!7218!c3!u!7244!t1!u_30!7248!t2!u_31!7252!t2!d_32!7295!map!d!7326!t2!u_33!7365!t2!d_34!7371!i4!u!7384!t2!u_35!7442!t2!d_36!7448!t2!u_37!7519!t2!d_38!7525!t1!d_39!7540!t2!u_40!7595!t2!d_41!7601!c3!d!7622!t2!u_42!7672!t2!d_43!7678!t2!u_44!7725!t2!d_45!7755!i4!d!7769!HIP!u!7771!t1!u_46!7804!t2!u_47!7808!t2!d_48!7986!t2!u_49!8032!t2!d_50!8061!t2!u_51!8132!t2!d_52!8138!t2!u_53!8209!t2!d_54!8215!t2!u_55!8255!t2!d_56!8292!t2!u_57!8364!t2!d_58!8369!t2!u_59!8440!t2!d_60!8447!t2!u_61!8517!t2!d_62!8523!HIP!d!8541!t2!u_63!8588!t2!d_64!8601!c1!u!8617!t2!u_65!8672!t2!d_66!8677!t2!u_67!8748!t2!d_68!8757!i2!u!8795!t2!u_69!8825!t2!d_70!8831!t2!u_71!8902!t2!d_72!8908!t1!d_73!8940!t2!u_74!8944!c1!d!8966!t2!d_75!8984!t2!u_76!9031!t2!d_77!9061!t2!u_78!9131!t2!d_79!9138!t2!u_80!9179!i2!d!9182!t2!d_81!9207!t1!u_82!9225!t2!u_83!9438!t2!d_84!9444!t1!d_85!9508!t2!u_86!9512!t2!d_87!9521!t2!u_88!9588!t2!d_89!9597!t2!u_90!9668!t2!d_91!9674!t2!u_92!9711!t2!d_93!9751!t1!u_94!9772!t2!u_95!9822!t2!d_96!9828!t2!u_97!9899!t2!d_98!9905!t2!u_99!9976!t2!d_100!9982!c3!u!10004!t1!d_101!10051!t2!u_102!10055!t2!d_103!10059!
Thu Jul 16 08:01:23 EDT 2015<EOT>: Sending [0, 1, 71, 58, -70, 59, -66]
Thu Jul 16 08:01:23 EDT 2015<EOT>: Waiting for 2 byte(s): text header
Thu Jul 16 08:01:23 EDT 2015<EOT>: Waiting for 335 byte(s): text body
Thu Jul 16 08:01:23 EDT 2015<EOT>: time,147.270,rpm,2167,ENGINE_LOAD,20.83,MAP,20.83,afr,10.00,vss,0.00,ks,0.00,kv,2.83,vbatt,13.25,TP,0.00,CLT,25.34,MAT,19.42,ckp_c,111517,fuel_base,2.57,fuel_lag,1.00,fuel,3.86,timing,20.93,duty0,NaN,dwell0,0.00,total_dwell0,0.00,period0,0.00,advance0,682.000,duty1,NaN,dwell1,0.00,total_dwell1,0.00,period1,0.00,advance1,682.000,
Thu Jul 16 08:01:23 EDT 2015<EOT>: Sending [0, 1, 71, 58, -70, 59, -66]
Thu Jul 16 08:01:23 EDT 2015<EOT>: Waiting for 2 byte(s): text header
Thu Jul 16 08:01:23 EDT 2015<EOT>: Waiting for 5 byte(s): text body
Thu Jul 16 08:01:23 EDT 2015<EOT>: Sending [0, 1, 71, 58, -70, 59, -66]
Thu Jul 16 08:01:23 EDT 2015<EOT>: Waiting for 2 byte(s): text header
Thu Jul 16 08:01:23 EDT 2015<EOT>: Waiting for 335 byte(s): text body
Thu Jul 16 08:01:23 EDT 2015<EOT>: time,147.470,rpm,2176,ENGINE_LOAD,20.88,MAP,20.88,afr,10.00,vss,0.00,ks,0.00,kv,2.72,vbatt,13.28,TP,0.00,CLT,25.32,MAT,19.61,ckp_c,112035,fuel_base,2.57,fuel_lag,1.00,fuel,3.85,timing,20.93,duty0,NaN,dwell0,0.00,total_dwell0,0.00,period0,0.00,advance0,682.000,duty1,NaN,dwell1,0.00,total_dwell1,0.00,period1,0.00,advance1,682.000,
Thu Jul 16 08:01:23 EDT 2015<EOT>: Sending [0, 1, 71, 58, -70, 59, -66]
Thu Jul 16 08:01:23 EDT 2015<EOT>: Waiting for 2 byte(s): text header
Thu Jul 16 08:01:23 EDT 2015<EOT>: Waiting for 5 byte(s): text body
Thu Jul 16 08:01:23 EDT 2015<EOT>: Sending [0, 1, 71, 58, -70, 59, -66]
Thu Jul 16 08:01:23 EDT 2015<EOT>: Waiting for 2 byte(s): text header
Thu Jul 16 08:01:23 EDT 2015<EOT>: Waiting for 335 byte(s): text body
Thu Jul 16 08:01:23 EDT 2015<EOT>: time,147.671,rpm,2178,ENGINE_LOAD,20.79,MAP,20.79,afr,10.00,vss,0.00,ks,0.00,kv,2.85,vbatt,13.33,TP,0.00,CLT,25.37,MAT,19.42,ckp_c,112553,fuel_base,2.56,fuel_lag,1.00,fuel,3.84,timing,20.92,duty0,NaN,dwell0,0.00,total_dwell0,0.00,period0,0.00,advance0,682.000,duty1,NaN,dwell1,0.00,total_dwell1,0.00,period1,0.00,advance1,682.000,
Thu Jul 16 08:01:23 EDT 2015<EOT>: Sending [0, 1, 71, 58, -70, 59, -66]
Thu Jul 16 08:01:23 EDT 2015<EOT>: Waiting for 2 byte(s): text header
Thu Jul 16 08:01:23 EDT 2015<EOT>: Waiting for 5 byte(s): text body
Thu Jul 16 08:01:24 EDT 2015<EOT>: Sending [0, 1, 71, 58, -70, 59, -66]
Thu Jul 16 08:01:24 EDT 2015<EOT>: Waiting for 2 byte(s): text header
Thu Jul 16 08:01:24 EDT 2015<EOT>: Waiting for 335 byte(s): text body
Thu Jul 16 08:01:24 EDT 2015<EOT>: time,147.873,rpm,2167,ENGINE_LOAD,20.88,MAP,20.88,afr,10.00,vss,0.00,ks,0.00,kv,2.67,vbatt,13.18,TP,0.00,CLT,25.29,MAT,19.63,ckp_c,113071,fuel_base,2.57,fuel_lag,1.00,fuel,3.85,timing,20.94,duty0,NaN,dwell0,0.00,total_dwell0,0.00,period0,0.00,advance0,682.000,duty1,NaN,dwell1,0.00,total_dwell1,0.00,period1,0.00,advance1,682.000,
Thu Jul 16 08:01:24 EDT 2015<EOT>: Sending [0, 1, 71, 58, -70, 59, -66]
Thu Jul 16 08:01:24 EDT 2015<EOT>: Waiting for 2 byte(s): text header
Thu Jul 16 08:01:24 EDT 2015<EOT>: Waiting for 5 byte(s): text body
Thu Jul 16 08:01:24 EDT 2015<EOT>: Sending [0, 1, 71, 58, -70, 59, -66]
Thu Jul 16 08:01:24 EDT 2015<EOT>: Waiting for 2 byte(s): text header
Thu Jul 16 08:01:24 EDT 2015<EOT>: Waiting for 335 byte(s): text body
Thu Jul 16 08:01:24 EDT 2015<EOT>: time,148.074,rpm,2175,ENGINE_LOAD,20.79,MAP,20.79,afr,10.00,vss,0.00,ks,0.00,kv,2.69,vbatt,13.32,TP,0.39,CLT,25.21,MAT,19.45,ckp_c,113585,fuel_base,2.56,fuel_lag,1.00,fuel,3.84,timing,20.95,duty0,NaN,dwell0,0.00,total_dwell0,0.00,period0,0.00,advance0,682.000,duty1,NaN,dwell1,0.00,total_dwell1,0.00,period1,0.00,advance1,682.000,
Thu Jul 16 08:01:24 EDT 2015<EOT>: Sending [0, 1, 71, 58, -70, 59, -66]
Thu Jul 16 08:01:24 EDT 2015<EOT>: Waiting for 2 byte(s): text header
Thu Jul 16 08:01:24 EDT 2015<EOT>: Waiting for 5921 byte(s): text body
Thu Jul 16 08:01:24 EDT 2015<EOT>: analog_chart,0.00|0.00|1.88|3001.00|2.62|2002.00|10.41|3003.00|11.99|2004.00|20.09|3005.00|22.11|2006.00|31.18|3007.00|31.91|2008.00|39.03|3009.00|39.77|10.00|40.96|2011.00|71.07|3012.00|71.91|2013.00|72.65|1014.00|81.07|3015.00|81.84|2016.00|91.12|3017.00|91.86|2018.00|97.41|3019.00|101.87|2020.00|106.77|3021.00|111.89|2022.00|113.39|23.00|121.13|3024.00|121.94|2025.00|126.24|3026.00|131.91|2027.00|140.90|3028.00|141.93|2029.00|145.67|1030.00|151.13|3031.00|151.95|2032.00|161.13|3033.00|161.90|2034.00|169.52|3035.00|171.81|2036.00|181.06|3037.00|181.82|2038.00|183.10|39.00|191.00|3040.00|191.97|2041.00|200.95|3042.00|201.79|2043.00|210.89|3044.00|211.64|2045.00|217.85|1046.00|218.59|3047.00|241.71|2048.00|250.78|3049.00|251.56|2050.00|256.48|3051.00|261.57|2052.00|270.81|3053.00|271.59|2054.00|280.90|3055.00|281.65|2056.00|287.82|3057.00|291.64|2058.00|300.01|3059.00|301.73|2060.00|310.98|3061.00|311.79|2062.00|321.03|3063.00|322.03|2064.00|325.98|3065.00|331.80|2066.00|341.05|3067.00|342.82|2068.00|351.05|3069.00|351.81|2070.00|361.03|3071.00|361.79|2072.00|365.70|73.00|366.44|3074.00|371.87|2075.00|381.00|3076.00|381.77|2077.00|387.01|3078.00|391.67|2079.00|399.96|3080.00|401.03|2081.00|402.85|1082.00|430.51|3083.00|431.66|2084.00|439.75|85.00|440.49|3086.00|441.62|2087.00|450.90|3088.00|451.71|2089.00|458.71|3090.00|461.83|2091.00|470.97|3092.00|471.71|2093.00|474.54|1094.00|481.01|3095.00|481.77|2096.00|488.87|3097.00|491.84|2098.00|501.07|3099.00|502.07|2100.00|510.21|101.00|510.96|3102.00|511.87|2103.00|517.50|3104.00|521.87|2105.00|531.09|3106.00|531.86|2107.00|541.06|3108.00|541.84|1109.00|542.60|2110.00|551.03|3111.00|552.15|2112.00|560.98|3113.00|561.84|2114.00|570.97|3115.00|571.73|2116.00|575.87|3117.00|576.62|118.00|601.70|2119.00|610.95|3120.00|611.71|2121.00|619.35|3122.00|621.77|2123.00|631.03|3124.00|631.81|2125.00|641.08|3126.00|641.86|2127.00|647.96|3128.00|651.91|2129.00|661.19|3130.00|661.96|2131.00|671.25|3132.00|672.01|2133.00|681.29|3134.00|682.44|2135.00|691.34|3136.00|692.11|2137.00|701.36|3138.00|702.13|2139.00|706.35|3140.00|712.14|2141.00|,wave_chart,t2!u_140!0!t2!d_141!5!t1!u_0!62!t2!u_1!78!t2!d_2!82!t2!u_3!153!t2!d_4!158!c1!d!177!t2!u_5!229!t2!d_6!237!t2!u_7!305!t2!d_8!311!i3!d!325!t2!u_9!346!r!2171!358!t1!d_10!378!t2!d_11!382!t2!u_12!577!t2!d_13!618!t1!u_14!628!t2!u_15!679!t2!d_16!694!t2!u_17!765!t2!d_18!771!t2!u_19!827!t2!d_20!848!map!u!885!t2!u_21!910!t2!d_22!925!t1!d_23!942!t2!u_24!996!t2!d_25!1002!t2!u_26!1073!t2!d_27!1079!t2!u_28!1150!t2!d_29!1155!c3!u!1181!t1!u_30!1193!t2!u_31!1196!t2!d_32!1234!map!d!1270!t2!u_33!1303!t2!d_34!1309!i4!u!1322!t2!u_35!1346!t2!d_36!1385!t2!u_37!1456!t2!d_38!1463!t1!d_39!1485!t2!u_40!1533!t2!d_41!1538!c3!d!1559!t2!u_42!1577!t2!d_43!1615!t2!u_44!1679!t2!d_45!1691!i4!d!1706!HIP!u!1710!t1!u_46!1741!t2!u_47!1745!t2!d_48!1922!t2!u_49!1991!t2!d_50!1998!t2!u_51!2068!t2!d_52!2074!t2!u_53!2145!t2!d_54!2151!t2!u_55!2222!t2!d_56!2228!t2!u_57!2299!t2!d_58!2305!t2!u_59!2346!t2!d_60!2382!t2!u_61!2453!t2!d_62!2458!HIP!d!2477!t2!u_63!2525!t2!d_64!2536!c1!u!2552!t2!u_65!2577!t2!d_66!2612!t2!u_67!2683!t2!d_68!2692!i2!u!2732!t2!u_69!2760!t2!d_70!2765!t2!u_71!2836!t2!d_72!2843!t1!d_73!2871!t2!u_74!2913!t2!d_75!2919!c1!d!2935!t2!u_76!2989!t2!d_77!2996!t2!u_78!3065!t2!d_79!3071!i2!d!3116!t2!u_80!3134!t2!d_81!3141!t1!u_82!3155!t2!u_83!3373!t2!d_84!3378!t1!d_85!3441!t2!u_86!3444!t2!d_87!3454!t2!u_88!3519!t2!d_89!3531!t2!u_90!3578!t2!d_91!3608!t2!u_92!3679!t2!d_93!3685!t1!u_94!3704!t2!u_95!3756!t2!d_96!3762!t2!u_97!3827!t2!d_98!3839!t2!u_99!3910!t2!d_100!3916!c3!u!3937!t1!d_101!3981!t2!u_102!3985!t2!d_103!3993!t2!u_104!4066!t2!d_105!4075!i1!u!4113!t2!u_106!4140!t2!d_107!4146!t1!u_108!4217!t2!u_109!4221!t2!d_110!4225!t2!u_111!4293!t2!d_112!4299!c3!d!4315!t2!u_113!4346!t2!d_114!4376!t2!u_115!4446!t2!d_116!4452!t1!d_117!4489!t2!u_118!4493!i1!d!4500!t2!d_119!4682!t2!u_120!4753!t2!d_121!4759!t2!u_122!4792!t2!d_123!4836!t2!u_124!4907!t2!d_125!4913!t2!u_126!4985!t2!d_127!4990!t2!u_128!5062!t2!d_129!5068!t2!u_130!5126!t2!d_131!5145!t2!u_132!5216!t2!d_133!5222!t2!u_134!5294!t2!d_135!5300!c1!u!5325!t2!u_136!5371!t2!d_137!5377!t2!u_138!5448!t2!d_139!5454!i3!u!5466!t2!u_140!5525!t2!d_141!5531!t2!u_142!5578!t1!u_0!5586!t2!d_1!5608!t2!u_2!5679!t2!d_3!5684!c1!d!5709!t2!u_4!5755!t2!d_5!5762!t2!u_6!5832!t2!d_7!5838!i3!d!5851!r!2172!5883!t1!d_8!5894!t2!u_9!5897!t2!d_10!5907!t2!u_11!6139!t2!d_12!6145!t1!u_13!6149!t2!u_14!6216!t2!d_15!6222!t2!u_16!6293!t2!d_17!6299!t2!u_18!6346!t2!d_19!6376!map!u!6408!t2!u_20!6448!t2!d_21!6453!t1!d_22!6465!t2!u_23!6493!t2!d_24!6531!t2!u_25!6578!t2!d_26!6608!t2!u_27!6679!t2!d_28!6685!t1!u_29!6711!c3!u!6718!t2!u_30!6756!t2!d_31!6762!map!d!6793!t2!u_32!6833!t2!d_33!6839!t2!u_34!6910!t2!d_35!6920!i4!u!6923!t2!u_36!6986!t2!d_37!6993!t1!d_38!7004!t2!u_39!7065!t2!d_40!7069!c3!d!7096!t2!u_41!7098!t2!d_42!7145!t2!u_43!7216!t2!d_44!7223!HIP!u!7238!t1!u_45!7269!t2!u_46!7273!i4!d!7305!t2!d_47!7452!t2!u_48!7493!t2!d_49!7530!t2!u_50!7578!t2!d_51!7606!t2!u_52!7679!t2!d_53!7683!t2!u_54!7755!t2!d_55!7760!t2!u_56!7832!t2!d_57!7837!t2!u_58!7909!t2!d_59!7915!t2!u_60!7986!t2!d_61!7992!HIP!d!8007!t2!u_62!8063!t2!d_63!8069!c1!u!8097!t2!u_64!8140!t2!d_65!8147!t2!u_66!8217!t2!d_67!8223!i2!u!8270!t2!u_68!8294!t2!d_69!8300!t2!u_70!8345!t2!d_71!8377!t1!d_72!8407!t2!u_73!8411!t2!d_74!8453!c1!d!8475!t2!u_75!8524!t2!d_76!8532!t2!u_77!8579!t2!d_78!8607!i2!d!8654!t2!u_79!8670!t2!d_80!8676!t1!u_81!8692!t2!u_82!8908!t2!d_83!8914!t1!d_84!8977!t2!u_85!8981!t2!d_86!8991!t2!u_87!9046!t2!d_88!9068!t2!u_89!9139!t2!d_90!9145!t2!u_91!9216!t2!d_92!9222!t1!u_93!9243!t2!u_94!9293!t2!d_95!9299!t2!u_96!9345!t2!d_97!9376!t2!u_98!9413!t2!d_99!9453!c3!u!9481!t2!u_100!9493!t1!d_101!9520!t2!d_102!9530!t2!u_103!9577!t2!d_104!9607!i1!u!9653!t2!u_105!9679!t2!d_106!9683!t1!u_107!9753!t2!u_108!9757!t2!d_109!9761!t2!u_110!9831!t2!d_111!9836!c3!d!9858!t2!u_112!9907!t2!d_113!9914!t2!u_114!9984!t2!d_115!9990!,
Thu Jul 16 08:01:24 EDT 2015<EOT>: : t2!u_140!0!t2!d_141!5!t1!u_0!62!t2!u_1!78!t2!d_2!82!t2!u_3!153!t2!d_4!158!c1!d!177!t2!u_5!229!t2!d_6!237!t2!u_7!305!t2!d_8!311!i3!d!325!t2!u_9!346!r!2171!358!t1!d_10!378!t2!d_11!382!t2!u_12!577!t2!d_13!618!t1!u_14!628!t2!u_15!679!t2!d_16!694!t2!u_17!765!t2!d_18!771!t2!u_19!827!t2!d_20!848!map!u!885!t2!u_21!910!t2!d_22!925!t1!d_23!942!t2!u_24!996!t2!d_25!1002!t2!u_26!1073!t2!d_27!1079!t2!u_28!1150!t2!d_29!1155!c3!u!1181!t1!u_30!1193!t2!u_31!1196!t2!d_32!1234!map!d!1270!t2!u_33!1303!t2!d_34!1309!i4!u!1322!t2!u_35!1346!t2!d_36!1385!t2!u_37!1456!t2!d_38!1463!t1!d_39!1485!t2!u_40!1533!t2!d_41!1538!c3!d!1559!t2!u_42!1577!t2!d_43!1615!t2!u_44!1679!t2!d_45!1691!i4!d!1706!HIP!u!1710!t1!u_46!1741!t2!u_47!1745!t2!d_48!1922!t2!u_49!1991!t2!d_50!1998!t2!u_51!2068!t2!d_52!2074!t2!u_53!2145!t2!d_54!2151!t2!u_55!2222!t2!d_56!2228!t2!u_57!2299!t2!d_58!2305!t2!u_59!2346!t2!d_60!2382!t2!u_61!2453!t2!d_62!2458!HIP!d!2477!t2!u_63!2525!t2!d_64!2536!c1!u!2552!t2!u_65!2577!t2!d_66!2612!t2!u_67!2683!t2!d_68!2692!i2!u!2732!t2!u_69!2760!t2!d_70!2765!t2!u_71!2836!t2!d_72!2843!t1!d_73!2871!t2!u_74!2913!t2!d_75!2919!c1!d!2935!t2!u_76!2989!t2!d_77!2996!t2!u_78!3065!t2!d_79!3071!i2!d!3116!t2!u_80!3134!t2!d_81!3141!t1!u_82!3155!t2!u_83!3373!t2!d_84!3378!t1!d_85!3441!t2!u_86!3444!t2!d_87!3454!t2!u_88!3519!t2!d_89!3531!t2!u_90!3578!t2!d_91!3608!t2!u_92!3679!t2!d_93!3685!t1!u_94!3704!t2!u_95!3756!t2!d_96!3762!t2!u_97!3827!t2!d_98!3839!t2!u_99!3910!t2!d_100!3916!c3!u!3937!t1!d_101!3981!t2!u_102!3985!t2!d_103!3993!t2!u_104!4066!t2!d_105!4075!i1!u!4113!t2!u_106!4140!t2!d_107!4146!t1!u_108!4217!t2!u_109!4221!t2!d_110!4225!t2!u_111!4293!t2!d_112!4299!c3!d!4315!t2!u_113!4346!t2!d_114!4376!t2!u_115!4446!t2!d_116!4452!t1!d_117!4489!t2!u_118!4493!i1!d!4500!t2!d_119!4682!t2!u_120!4753!t2!d_121!4759!t2!u_122!4792!t2!d_123!4836!t2!u_124!4907!t2!d_125!4913!t2!u_126!4985!t2!d_127!4990!t2!u_128!5062!t2!d_129!5068!t2!u_130!5126!t2!d_131!5145!t2!u_132!5216!t2!d_133!5222!t2!u_134!5294!t2!d_135!5300!c1!u!5325!t2!u_136!5371!t2!d_137!5377!t2!u_138!5448!t2!d_139!5454!i3!u!5466!t2!u_140!5525!t2!d_141!5531!t2!u_142!5578!t1!u_0!5586!t2!d_1!5608!t2!u_2!5679!t2!d_3!5684!c1!d!5709!t2!u_4!5755!t2!d_5!5762!t2!u_6!5832!t2!d_7!5838!i3!d!5851!r!2172!5883!t1!d_8!5894!t2!u_9!5897!t2!d_10!5907!t2!u_11!6139!t2!d_12!6145!t1!u_13!6149!t2!u_14!6216!t2!d_15!6222!t2!u_16!6293!t2!d_17!6299!t2!u_18!6346!t2!d_19!6376!map!u!6408!t2!u_20!6448!t2!d_21!6453!t1!d_22!6465!t2!u_23!6493!t2!d_24!6531!t2!u_25!6578!t2!d_26!6608!t2!u_27!6679!t2!d_28!6685!t1!u_29!6711!c3!u!6718!t2!u_30!6756!t2!d_31!6762!map!d!6793!t2!u_32!6833!t2!d_33!6839!t2!u_34!6910!t2!d_35!6920!i4!u!6923!t2!u_36!6986!t2!d_37!6993!t1!d_38!7004!t2!u_39!7065!t2!d_40!7069!c3!d!7096!t2!u_41!7098!t2!d_42!7145!t2!u_43!7216!t2!d_44!7223!HIP!u!7238!t1!u_45!7269!t2!u_46!7273!i4!d!7305!t2!d_47!7452!t2!u_48!7493!t2!d_49!7530!t2!u_50!7578!t2!d_51!7606!t2!u_52!7679!t2!d_53!7683!t2!u_54!7755!t2!d_55!7760!t2!u_56!7832!t2!d_57!7837!t2!u_58!7909!t2!d_59!7915!t2!u_60!7986!t2!d_61!7992!HIP!d!8007!t2!u_62!8063!t2!d_63!8069!c1!u!8097!t2!u_64!8140!t2!d_65!8147!t2!u_66!8217!t2!d_67!8223!i2!u!8270!t2!u_68!8294!t2!d_69!8300!t2!u_70!8345!t2!d_71!8377!t1!d_72!8407!t2!u_73!8411!t2!d_74!8453!c1!d!8475!t2!u_75!8524!t2!d_76!8532!t2!u_77!8579!t2!d_78!8607!i2!d!8654!t2!u_79!8670!t2!d_80!8676!t1!u_81!8692!t2!u_82!8908!t2!d_83!8914!t1!d_84!8977!t2!u_85!8981!t2!d_86!8991!t2!u_87!9046!t2!d_88!9068!t2!u_89!9139!t2!d_90!9145!t2!u_91!9216!t2!d_92!9222!t1!u_93!9243!t2!u_94!9293!t2!d_95!9299!t2!u_96!9345!t2!d_97!9376!t2!u_98!9413!t2!d_99!9453!c3!u!9481!t2!u_100!9493!t1!d_101!9520!t2!d_102!9530!t2!u_103!9577!t2!d_104!9607!i1!u!9653!t2!u_105!9679!t2!d_106!9683!t1!u_107!9753!t2!u_108!9757!t2!d_109!9761!t2!u_110!9831!t2!d_111!9836!c3!d!9858!t2!u_112!9907!t2!d_113!9914!t2!u_114!9984!t2!d_115!9990!
Thu Jul 16 08:01:24 EDT 2015<EOT>: Analog chart from 0.0 to 712.14
Thu Jul 16 08:01:24 EDT 2015<EOT>: Sending [0, 1, 71, 58, -70, 59, -66]
Thu Jul 16 08:01:24 EDT 2015<EOT>: Waiting for 2 byte(s): text header
Thu Jul 16 08:01:24 EDT 2015<EOT>: Waiting for 335 byte(s): text body
Thu Jul 16 08:01:24 EDT 2015<EOT>: time,148.274,rpm,2173,ENGINE_LOAD,20.97,MAP,20.97,afr,10.00,vss,0.00,ks,0.00,kv,2.64,vbatt,13.23,TP,0.00,CLT,25.50,MAT,19.55,ckp_c,114103,fuel_base,2.58,fuel_lag,1.00,fuel,3.86,timing,20.89,duty0,NaN,dwell0,0.00,total_dwell0,0.00,period0,0.00,advance0,682.000,duty1,NaN,dwell1,0.00,total_dwell1,0.00,period1,0.00,advance1,682.000,
Thu Jul 16 08:01:24 EDT 2015<EOT>: Sending [0, 1, 71, 58, -70, 59, -66]
Thu Jul 16 08:01:24 EDT 2015<EOT>: Waiting for 2 byte(s): text header
Thu Jul 16 08:01:24 EDT 2015<EOT>: Waiting for 5 byte(s): text body
Thu Jul 16 08:01:24 EDT 2015<EOT>: Sending [0, 1, 71, 58, -70, 59, -66]
Thu Jul 16 08:01:24 EDT 2015<EOT>: Waiting for 2 byte(s): text header
Thu Jul 16 08:01:24 EDT 2015<EOT>: Waiting for 335 byte(s): text body
Thu Jul 16 08:01:24 EDT 2015<EOT>: time,148.475,rpm,2174,ENGINE_LOAD,20.85,MAP,20.85,afr,10.00,vss,0.00,ks,0.00,kv,2.71,vbatt,13.32,TP,0.00,CLT,25.56,MAT,19.47,ckp_c,114621,fuel_base,2.57,fuel_lag,1.00,fuel,3.85,timing,20.88,duty0,NaN,dwell0,0.00,total_dwell0,0.00,period0,0.00,advance0,682.000,duty1,NaN,dwell1,0.00,total_dwell1,0.00,period1,0.00,advance1,682.000,
Thu Jul 16 08:01:24 EDT 2015<EOT>: Sending [0, 1, 71, 58, -70, 59, -66]
Thu Jul 16 08:01:24 EDT 2015<EOT>: Waiting for 2 byte(s): text header
Thu Jul 16 08:01:24 EDT 2015<EOT>: Waiting for 5 byte(s): text body
Thu Jul 16 08:01:24 EDT 2015<EOT>: Sending [0, 1, 71, 58, -70, 59, -66]
Thu Jul 16 08:01:24 EDT 2015<EOT>: Waiting for 2 byte(s): text header
Thu Jul 16 08:01:24 EDT 2015<EOT>: Waiting for 335 byte(s): text body
Thu Jul 16 08:01:24 EDT 2015<EOT>: time,148.677,rpm,2182,ENGINE_LOAD,20.75,MAP,20.75,afr,10.00,vss,0.00,ks,0.00,kv,2.58,vbatt,13.22,TP,0.00,CLT,25.75,MAT,19.50,ckp_c,115139,fuel_base,2.55,fuel_lag,1.00,fuel,3.83,timing,20.84,duty0,NaN,dwell0,0.00,total_dwell0,0.00,period0,0.00,advance0,682.000,duty1,NaN,dwell1,0.00,total_dwell1,0.00,period1,0.00,advance1,682.000,
Thu Jul 16 08:01:24 EDT 2015<EOT>: Sending [0, 1, 71, 58, -70, 59, -66]
Thu Jul 16 08:01:24 EDT 2015<EOT>: Waiting for 2 byte(s): text header
Thu Jul 16 08:01:24 EDT 2015<EOT>: Waiting for 5 byte(s): text body
Thu Jul 16 08:01:25 EDT 2015<EOT>: Sending [0, 1, 71, 58, -70, 59, -66]
Thu Jul 16 08:01:25 EDT 2015<EOT>: Waiting for 2 byte(s): text header
Thu Jul 16 08:01:25 EDT 2015<EOT>: Waiting for 335 byte(s): text body
Thu Jul 16 08:01:25 EDT 2015<EOT>: time,148.878,rpm,2186,ENGINE_LOAD,20.58,MAP,20.58,afr,10.00,vss,0.00,ks,0.00,kv,2.80,vbatt,13.25,TP,0.00,CLT,25.72,MAT,19.50,ckp_c,115659,fuel_base,2.53,fuel_lag,1.00,fuel,3.81,timing,20.85,duty0,NaN,dwell0,0.00,total_dwell0,0.00,period0,0.00,advance0,682.000,duty1,NaN,dwell1,0.00,total_dwell1,0.00,period1,0.00,advance1,682.000,
Thu Jul 16 08:01:25 EDT 2015<EOT>: Sending [0, 1, 71, 58, -70, 59, -66]
Thu Jul 16 08:01:25 EDT 2015<EOT>: Waiting for 2 byte(s): text header
Thu Jul 16 08:01:25 EDT 2015<EOT>: Waiting for 5 byte(s): text body
Thu Jul 16 08:01:25 EDT 2015<EOT>: Sending [0, 1, 71, 58, -70, 59, -66]
Thu Jul 16 08:01:25 EDT 2015<EOT>: Waiting for 2 byte(s): text header
Thu Jul 16 08:01:25 EDT 2015<EOT>: Waiting for 335 byte(s): text body
Thu Jul 16 08:01:25 EDT 2015<EOT>: time,149.078,rpm,2183,ENGINE_LOAD,20.66,MAP,20.66,afr,10.00,vss,0.00,ks,0.00,kv,2.80,vbatt,12.91,TP,0.39,CLT,25.72,MAT,20.60,ckp_c,116180,fuel_base,2.54,fuel_lag,1.00,fuel,3.82,timing,20.85,duty0,NaN,dwell0,0.00,total_dwell0,0.00,period0,0.00,advance0,682.000,duty1,NaN,dwell1,0.00,total_dwell1,0.00,period1,0.00,advance1,682.000,
Thu Jul 16 08:01:25 EDT 2015<EOT>: Sending [0, 1, 71, 58, -70, 59, -66]
Thu Jul 16 08:01:25 EDT 2015<EOT>: Waiting for 2 byte(s): text header
Thu Jul 16 08:01:25 EDT 2015<EOT>: Waiting for 3849 byte(s): text body
Thu Jul 16 08:01:25 EDT 2015<EOT>: wave_chart,t2!u_15!0!t2!d_16!10!t2!u_17!79!t2!d_18!87!t2!u_19!158!t2!d_20!164!map!u!206!t2!u_21!235!t2!d_22!241!t1!d_23!251!t2!u_24!277!t2!d_25!318!t2!u_26!384!t2!d_27!395!t2!u_28!466!t2!d_29!472!c3!u!498!t1!u_30!503!t2!u_31!507!t2!d_32!549!map!d!591!t2!u_33!620!t2!d_34!626!i4!u!638!t2!u_35!698!t2!d_36!702!t2!u_37!773!t2!d_38!779!t1!d_39!798!t2!u_40!829!t2!d_41!855!c3!d!859!t2!u_42!926!t2!d_43!932!t2!u_44!1003!t2!d_45!1008!HIP!u!1023!i4!d!1024!t1!u_46!1063!t2!u_47!1066!t2!d_48!1239!t2!u_49!1309!t2!d_50!1315!t2!u_51!1386!t2!d_52!1392!t2!u_53!1461!t2!d_54!1469!t2!u_55!1540!t2!d_56!1546!t2!u_57!1610!t2!d_58!1623!t2!u_59!1694!t2!d_60!1700!t2!u_61!1773!t2!d_62!1777!HIP!d!1790!t2!u_63!1829!t2!d_64!1854!c1!u!1857!t2!u_65!1925!t2!d_66!1931!t2!u_67!2002!t2!d_68!2010!i2!u!2048!t2!u_69!2078!t2!d_70!2085!t2!u_71!2156!t2!d_72!2161!t1!d_73!2195!t2!u_74!2199!c1!d!2220!t2!d_75!2239!t2!u_76!2277!t2!d_77!2314!t2!u_78!2384!t2!d_79!2392!i2!d!2434!t2!u_80!2453!t2!d_81!2460!t1!u_82!2481!t2!u_83!2651!t2!d_84!2697!t1!d_85!2760!t2!u_86!2764!t2!d_87!2773!t2!u_88!2830!t2!d_89!2850!t2!u_90!2921!t2!d_91!2928!t2!u_92!2990!t2!d_93!3004!t1!u_94!3026!t2!u_95!3075!t2!d_96!3081!t2!u_97!3152!t2!d_98!3159!t2!u_99!3229!t2!d_100!3235!c3!u!3256!t1!d_101!3303!t2!u_102!3307!t2!d_103!3315!t2!u_104!3367!t2!d_105!3389!i1!u!3413!t2!u_106!3426!t2!d_107!3465!t2!u_108!3495!t2!d_109!3541!t1!u_110!3545!t2!u_111!3610!t2!d_112!3618!c3!d!3631!t2!u_113!3689!t2!d_114!3695!t2!u_115!3766!t2!d_116!3773!i1!d!3799!t1!d_117!3813!t2!u_118!3817!t2!d_119!4001!t2!u_120!4072!t2!d_121!4078!t2!u_122!4149!t2!d_123!4156!t2!u_124!4226!t2!d_125!4232!t2!u_126!4276!t2!d_127!4310!t2!u_128!4377!t2!d_129!4387!t2!u_130!4458!t2!d_131!4464!t2!u_132!4495!t2!d_133!4541!t2!u_134!4610!t2!d_135!4618!c1!u!4641!t2!u_136!4677!t2!d_137!4695!t2!u_138!4758!t2!d_139!4773!i3!u!4784!t2!u_140!4828!t2!d_141!4849!t1!u_0!4907!t2!u_1!4922!t2!d_2!4926!t2!u_3!4996!t2!d_4!5002!c1!d!5021!t2!u_5!5073!t2!d_6!5080!t2!u_7!5150!t2!d_8!5156!i3!d!5171!r!2168!5203!t1!d_9!5213!t2!u_10!5217!t2!d_11!5225!t2!u_12!5457!t2!d_13!5463!t1!u_14!5468!t2!u_15!5495!t2!d_16!5539!t2!u_17!5611!t2!d_18!5617!t2!u_19!5688!t2!d_20!5696!map!u!5731!t2!u_21!5749!t2!d_22!5772!t1!d_23!5787!t2!u_24!5828!t2!d_25!5848!t2!u_26!5919!t2!d_27!5925!t2!u_28!5996!t2!d_29!6002!c3!u!6027!t1!u_30!6032!t2!u_31!6036!t2!d_32!6079!map!d!6116!t2!u_33!6150!t2!d_34!6156!i4!u!6168!t2!u_35!6226!t2!d_36!6232!t2!u_37!6286!t2!d_38!6309!t1!d_39!6324!t2!u_40!6380!t2!d_41!6385!c3!d!6406!t2!u_42!6456!t2!d_43!6463!t2!u_44!6495!t2!d_45!6539!HIP!u!6555!i4!d!6556!t1!u_46!6590!t2!u_47!6594!t2!d_48!6770!t2!u_49!6807!t2!d_50!6846!t2!u_51!6917!t2!d_52!6923!t2!u_53!6994!t2!d_54!7000!t2!u_55!7063!t2!d_56!7077!t2!u_57!7148!t2!d_58!7155!t2!u_59!7226!t2!d_60!7232!t2!u_61!7276!t2!d_62!7309!HIP!d!7322!t2!u_63!7380!t2!d_64!7386!c1!u!7407!t2!u_65!7457!t2!d_66!7463!t2!u_67!7494!t2!d_68!7540!i2!u!7543!t2!u_69!7611!t2!d_70!7617!t2!u_71!7688!t2!d_72!7694!t1!d_73!7724!t2!u_74!7728!c1!d!7749!t2!d_75!7772!t2!u_76!7829!t2!d_77!7847!t2!u_78!7918!t2!d_79!7925!i2!d!7929!t2!u_80!7987!t2!d_81!7993!t1!u_82!8010!t2!u_83!8225!t2!d_84!8231!t2!u_85!8277!t1!d_86!8293!t2!d_87!8307!t2!u_88!8378!t2!d_89!8384!t2!u_90!8455!t2!d_91!8461!t2!u_92!8496!t2!d_93!8538!t1!u_94!8559!t2!u_95!8610!t2!d_96!8615!t2!u_97!8686!t2!d_98!8692!t2!u_99!8763!t2!d_100!8770!c3!u!8790!t2!u_101!8829!t1!d_102!8833!t2!d_103!8846!t2!u_104!8917!t2!d_105!8928!i1!u!8963!t2!u_106!8993!t2!d_107!8999!t1!u_108!9065!t2!u_109!9069!t2!d_110!9076!t2!u_111!9146!t2!d_112!9152!c3!d!9167!t2!u_113!9223!t2!d_114!9229!t2!u_115!9299!t2!d_116!9305!t1!d_117!9334!t2!u_118!9338!i1!d!9350!t2!d_119!9535!t2!u_120!9606!t2!d_121!9612!t2!u_122!9675!t2!d_123!9688!t2!u_124!9759!t2!d_125!9765!t2!u_126!9829!t2!d_127!9842!t2!u_128!9913!t2!d_129!9919!t2!u_130!9990!t2!d_131!9997!t2!u_132!10067!t2!d_133!10073!t2!u_134!10144!t2!d_135!10150!,
Thu Jul 16 08:01:25 EDT 2015<EOT>: : t2!u_15!0!t2!d_16!10!t2!u_17!79!t2!d_18!87!t2!u_19!158!t2!d_20!164!map!u!206!t2!u_21!235!t2!d_22!241!t1!d_23!251!t2!u_24!277!t2!d_25!318!t2!u_26!384!t2!d_27!395!t2!u_28!466!t2!d_29!472!c3!u!498!t1!u_30!503!t2!u_31!507!t2!d_32!549!map!d!591!t2!u_33!620!t2!d_34!626!i4!u!638!t2!u_35!698!t2!d_36!702!t2!u_37!773!t2!d_38!779!t1!d_39!798!t2!u_40!829!t2!d_41!855!c3!d!859!t2!u_42!926!t2!d_43!932!t2!u_44!1003!t2!d_45!1008!HIP!u!1023!i4!d!1024!t1!u_46!1063!t2!u_47!1066!t2!d_48!1239!t2!u_49!1309!t2!d_50!1315!t2!u_51!1386!t2!d_52!1392!t2!u_53!1461!t2!d_54!1469!t2!u_55!1540!t2!d_56!1546!t2!u_57!1610!t2!d_58!1623!t2!u_59!1694!t2!d_60!1700!t2!u_61!1773!t2!d_62!1777!HIP!d!1790!t2!u_63!1829!t2!d_64!1854!c1!u!1857!t2!u_65!1925!t2!d_66!1931!t2!u_67!2002!t2!d_68!2010!i2!u!2048!t2!u_69!2078!t2!d_70!2085!t2!u_71!2156!t2!d_72!2161!t1!d_73!2195!t2!u_74!2199!c1!d!2220!t2!d_75!2239!t2!u_76!2277!t2!d_77!2314!t2!u_78!2384!t2!d_79!2392!i2!d!2434!t2!u_80!2453!t2!d_81!2460!t1!u_82!2481!t2!u_83!2651!t2!d_84!2697!t1!d_85!2760!t2!u_86!2764!t2!d_87!2773!t2!u_88!2830!t2!d_89!2850!t2!u_90!2921!t2!d_91!2928!t2!u_92!2990!t2!d_93!3004!t1!u_94!3026!t2!u_95!3075!t2!d_96!3081!t2!u_97!3152!t2!d_98!3159!t2!u_99!3229!t2!d_100!3235!c3!u!3256!t1!d_101!3303!t2!u_102!3307!t2!d_103!3315!t2!u_104!3367!t2!d_105!3389!i1!u!3413!t2!u_106!3426!t2!d_107!3465!t2!u_108!3495!t2!d_109!3541!t1!u_110!3545!t2!u_111!3610!t2!d_112!3618!c3!d!3631!t2!u_113!3689!t2!d_114!3695!t2!u_115!3766!t2!d_116!3773!i1!d!3799!t1!d_117!3813!t2!u_118!3817!t2!d_119!4001!t2!u_120!4072!t2!d_121!4078!t2!u_122!4149!t2!d_123!4156!t2!u_124!4226!t2!d_125!4232!t2!u_126!4276!t2!d_127!4310!t2!u_128!4377!t2!d_129!4387!t2!u_130!4458!t2!d_131!4464!t2!u_132!4495!t2!d_133!4541!t2!u_134!4610!t2!d_135!4618!c1!u!4641!t2!u_136!4677!t2!d_137!4695!t2!u_138!4758!t2!d_139!4773!i3!u!4784!t2!u_140!4828!t2!d_141!4849!t1!u_0!4907!t2!u_1!4922!t2!d_2!4926!t2!u_3!4996!t2!d_4!5002!c1!d!5021!t2!u_5!5073!t2!d_6!5080!t2!u_7!5150!t2!d_8!5156!i3!d!5171!r!2168!5203!t1!d_9!5213!t2!u_10!5217!t2!d_11!5225!t2!u_12!5457!t2!d_13!5463!t1!u_14!5468!t2!u_15!5495!t2!d_16!5539!t2!u_17!5611!t2!d_18!5617!t2!u_19!5688!t2!d_20!5696!map!u!5731!t2!u_21!5749!t2!d_22!5772!t1!d_23!5787!t2!u_24!5828!t2!d_25!5848!t2!u_26!5919!t2!d_27!5925!t2!u_28!5996!t2!d_29!6002!c3!u!6027!t1!u_30!6032!t2!u_31!6036!t2!d_32!6079!map!d!6116!t2!u_33!6150!t2!d_34!6156!i4!u!6168!t2!u_35!6226!t2!d_36!6232!t2!u_37!6286!t2!d_38!6309!t1!d_39!6324!t2!u_40!6380!t2!d_41!6385!c3!d!6406!t2!u_42!6456!t2!d_43!6463!t2!u_44!6495!t2!d_45!6539!HIP!u!6555!i4!d!6556!t1!u_46!6590!t2!u_47!6594!t2!d_48!6770!t2!u_49!6807!t2!d_50!6846!t2!u_51!6917!t2!d_52!6923!t2!u_53!6994!t2!d_54!7000!t2!u_55!7063!t2!d_56!7077!t2!u_57!7148!t2!d_58!7155!t2!u_59!7226!t2!d_60!7232!t2!u_61!7276!t2!d_62!7309!HIP!d!7322!t2!u_63!7380!t2!d_64!7386!c1!u!7407!t2!u_65!7457!t2!d_66!7463!t2!u_67!7494!t2!d_68!7540!i2!u!7543!t2!u_69!7611!t2!d_70!7617!t2!u_71!7688!t2!d_72!7694!t1!d_73!7724!t2!u_74!7728!c1!d!7749!t2!d_75!7772!t2!u_76!7829!t2!d_77!7847!t2!u_78!7918!t2!d_79!7925!i2!d!7929!t2!u_80!7987!t2!d_81!7993!t1!u_82!8010!t2!u_83!8225!t2!d_84!8231!t2!u_85!8277!t1!d_86!8293!t2!d_87!8307!t2!u_88!8378!t2!d_89!8384!t2!u_90!8455!t2!d_91!8461!t2!u_92!8496!t2!d_93!8538!t1!u_94!8559!t2!u_95!8610!t2!d_96!8615!t2!u_97!8686!t2!d_98!8692!t2!u_99!8763!t2!d_100!8770!c3!u!8790!t2!u_101!8829!t1!d_102!8833!t2!d_103!8846!t2!u_104!8917!t2!d_105!8928!i1!u!8963!t2!u_106!8993!t2!d_107!8999!t1!u_108!9065!t2!u_109!9069!t2!d_110!9076!t2!u_111!9146!t2!d_112!9152!c3!d!9167!t2!u_113!9223!t2!d_114!9229!t2!u_115!9299!t2!d_116!9305!t1!d_117!9334!t2!u_118!9338!i1!d!9350!t2!d_119!9535!t2!u_120!9606!t2!d_121!9612!t2!u_122!9675!t2!d_123!9688!t2!u_124!9759!t2!d_125!9765!t2!u_126!9829!t2!d_127!9842!t2!u_128!9913!t2!d_129!9919!t2!u_130!9990!t2!d_131!9997!t2!u_132!10067!t2!d_133!10073!t2!u_134!10144!t2!d_135!10150!
Thu Jul 16 08:01:25 EDT 2015<EOT>: Sending [0, 1, 71, 58, -70, 59, -66]
Thu Jul 16 08:01:25 EDT 2015<EOT>: Waiting for 2 byte(s): text header
Thu Jul 16 08:01:25 EDT 2015<EOT>: Waiting for 2442 byte(s): text body
Thu Jul 16 08:01:25 EDT 2015<EOT>: analog_chart,0.00|0.00|1.99|3001.00|2.85|2002.00|11.39|3003.00|12.40|2004.00|21.37|3005.00|22.76|2006.00|31.29|3007.00|32.14|2008.00|40.29|3009.00|41.16|10.00|42.02|2011.00|71.18|3012.00|72.05|2013.00|73.57|1014.00|78.24|3015.00|81.94|2016.00|91.18|3017.00|92.05|2018.00|101.18|3019.00|102.06|2020.00|110.89|3021.00|112.29|2022.00|113.90|23.00|121.21|3024.00|122.09|2025.00|131.23|3026.00|132.11|2027.00|136.20|3028.00|141.98|2029.00|146.30|1030.00|147.18|3031.00|151.97|2032.00|161.18|3033.00|162.06|2034.00|171.15|3035.00|172.03|2036.00|179.87|3037.00|181.86|2038.00|184.61|39.00|191.05|3040.00|192.08|2041.00|195.50|3042.00|201.74|2043.00|209.19|3044.00|211.69|2045.00|218.97|1046.00|219.85|3047.00|241.78|2048.00|250.82|3049.00|251.70|2050.00|260.83|3051.00|261.71|2052.00|267.16|3053.00|271.63|2054.00|280.92|3055.00|281.80|2056.00|290.97|3057.00|291.85|2058.00|296.58|3059.00|301.80|2060.00|310.84|3061.00|312.07|2062.00|321.12|3063.00|322.18|2064.00|331.18|3065.00|332.06|2066.00|340.18|3067.00|341.94|2068.00|351.16|3069.00|352.04|2070.00|361.19|3071.00|362.07|2072.00|366.55|73.00|367.42|3074.00|372.01|2075.00|381.14|3076.00|382.00|2077.00|391.09|3078.00|391.97|2079.00|398.07|3080.00|400.93|2081.00|403.34|1082.00|427.48|3083.00|431.84|2084.00|440.43|85.00|441.29|3086.00|442.17|2087.00|451.03|3088.00|451.91|2089.00|461.18|3090.00|462.05|2091.00|471.06|3092.00|471.94|2093.00|475.41|1094.00|481.10|3095.00|481.98|2096.00|491.13|3097.00|491.99|2098.00|501.13|3099.00|502.19|2100.00|510.90|101.00|511.78|3102.00|512.66|2103.00|521.14|3104.00|522.62|2105.00|529.11|3106.00|531.87|2107.00|541.08|3108.00|541.98|1109.00|542.87|2110.00|551.05|3111.00|552.15|2112.00|558.44|3113.00|561.82|2114.00|570.99|3115.00|571.87|2116.00|575.92|117.00|576.79|3118.00|601.66|2119.00|610.87|3120.00|611.76|2121.00|616.42|3122.00|621.68|2123.00|630.92|3124.00|631.80|2125.00|638.67|3126.00|641.72|2127.00|645.76|3128.00|651.78|2129.00|660.08|3130.00|661.82|2131.00|668.57|3132.00|671.87|2133.00|679.46|3134.00|681.87|2135.00|689.43|3136.00|691.90|2137.00|701.18|3138.00|702.07|2139.00|711.17|3140.00|712.05|2141.00|,time,149.279,rpm,2184,ENGINE_LOAD,20.82,MAP,20.82,afr,10.00,vss,0.00,ks,0.00,kv,2.77,vbatt,13.14,TP,0.00,CLT,25.75,MAT,19.58,ckp_c,116700,fuel_base,2.56,fuel_lag,1.00,fuel,3.84,timing,20.84,duty0,NaN,dwell0,0.00,total_dwell0,0.00,period0,0.00,advance0,682.000,duty1,NaN,dwell1,0.00,total_dwell1,0.00,period1,0.00,advance1,682.000,
Thu Jul 16 08:01:25 EDT 2015<EOT>: Analog chart from 0.0 to 712.05
Thu Jul 16 08:01:25 EDT 2015<EOT>: Sending [0, 1, 71, 58, -70, 59, -66]
Thu Jul 16 08:01:25 EDT 2015<EOT>: Waiting for 2 byte(s): text header
Thu Jul 16 08:01:25 EDT 2015<EOT>: Waiting for 5 byte(s): text body
Thu Jul 16 08:01:25 EDT 2015<EOT>: Sending [0, 1, 71, 58, -70, 59, -66]
Thu Jul 16 08:01:25 EDT 2015<EOT>: Waiting for 2 byte(s): text header
Thu Jul 16 08:01:25 EDT 2015<EOT>: Waiting for 335 byte(s): text body
Thu Jul 16 08:01:25 EDT 2015<EOT>: time,149.481,rpm,2187,ENGINE_LOAD,20.70,MAP,20.70,afr,10.00,vss,0.00,ks,0.00,kv,2.75,vbatt,13.08,TP,0.00,CLT,26.02,MAT,20.23,ckp_c,117218,fuel_base,2.54,fuel_lag,1.00,fuel,3.82,timing,20.79,duty0,NaN,dwell0,0.00,total_dwell0,0.00,period0,0.00,advance0,682.000,duty1,NaN,dwell1,0.00,total_dwell1,0.00,period1,0.00,advance1,682.000,
Thu Jul 16 08:01:25 EDT 2015<EOT>: Sending [0, 1, 71, 58, -70, 59, -66]
Thu Jul 16 08:01:25 EDT 2015<EOT>: Waiting for 2 byte(s): text header
Thu Jul 16 08:01:25 EDT 2015<EOT>: Waiting for 5 byte(s): text body
Thu Jul 16 08:01:25 EDT 2015<EOT>: Sending [0, 1, 71, 58, -70, 59, -66]
Thu Jul 16 08:01:25 EDT 2015<EOT>: Waiting for 2 byte(s): text header
Thu Jul 16 08:01:25 EDT 2015<EOT>: Waiting for 335 byte(s): text body
Thu Jul 16 08:01:25 EDT 2015<EOT>: time,149.682,rpm,2178,ENGINE_LOAD,20.79,MAP,20.79,afr,10.02,vss,0.00,ks,0.00,kv,2.69,vbatt,13.30,TP,0.00,CLT,25.80,MAT,19.27,ckp_c,117736,fuel_base,2.56,fuel_lag,1.00,fuel,3.84,timing,20.83,duty0,NaN,dwell0,0.00,total_dwell0,0.00,period0,0.00,advance0,682.000,duty1,NaN,dwell1,0.00,total_dwell1,0.00,period1,0.00,advance1,682.000,
Thu Jul 16 08:01:25 EDT 2015<EOT>: Sending [0, 1, 71, 58, -70, 59, -66]
Thu Jul 16 08:01:25 EDT 2015<EOT>: Waiting for 2 byte(s): text header
Thu Jul 16 08:01:25 EDT 2015<EOT>: Waiting for 5 byte(s): text body
Thu Jul 16 08:01:26 EDT 2015<EOT>: Sending [0, 1, 71, 58, -70, 59, -66]
Thu Jul 16 08:01:26 EDT 2015<EOT>: Waiting for 2 byte(s): text header
Thu Jul 16 08:01:26 EDT 2015<EOT>: Waiting for 334 byte(s): text body
Thu Jul 16 08:01:26 EDT 2015<EOT>: time,149.882,rpm,2178,ENGINE_LOAD,20.80,MAP,20.80,afr,9.99,vss,0.00,ks,0.00,kv,2.71,vbatt,13.16,TP,0.00,CLT,25.96,MAT,20.08,ckp_c,118258,fuel_base,2.56,fuel_lag,1.00,fuel,3.83,timing,20.80,duty0,NaN,dwell0,0.00,total_dwell0,0.00,period0,0.00,advance0,682.000,duty1,NaN,dwell1,0.00,total_dwell1,0.00,period1,0.00,advance1,682.000,
Thu Jul 16 08:01:26 EDT 2015<EOT>: Sending [0, 1, 71, 58, -70, 59, -66]
Thu Jul 16 08:01:26 EDT 2015<EOT>: Waiting for 2 byte(s): text header
Thu Jul 16 08:01:26 EDT 2015<EOT>: Waiting for 5 byte(s): text body
Thu Jul 16 08:01:26 EDT 2015<EOT>: Sending [0, 1, 71, 58, -70, 59, -66]
Thu Jul 16 08:01:26 EDT 2015<EOT>: Waiting for 2 byte(s): text header
Thu Jul 16 08:01:26 EDT 2015<EOT>: Waiting for 335 byte(s): text body
Thu Jul 16 08:01:26 EDT 2015<EOT>: time,150.083,rpm,2175,ENGINE_LOAD,20.94,MAP,20.94,afr,10.00,vss,0.00,ks,0.00,kv,2.81,vbatt,13.28,TP,0.39,CLT,25.83,MAT,19.63,ckp_c,118772,fuel_base,2.57,fuel_lag,1.00,fuel,3.85,timing,20.83,duty0,NaN,dwell0,0.00,total_dwell0,0.00,period0,0.00,advance0,682.000,duty1,NaN,dwell1,0.00,total_dwell1,0.00,period1,0.00,advance1,682.000,
Thu Jul 16 08:01:26 EDT 2015<EOT>: Sending [0, 1, 71, 58, -70, 59, -66]
Thu Jul 16 08:01:26 EDT 2015<EOT>: Waiting for 2 byte(s): text header
Thu Jul 16 08:01:26 EDT 2015<EOT>: Waiting for 3855 byte(s): text body
Thu Jul 16 08:01:26 EDT 2015<EOT>: wave_chart,t2!u_42!0!t2!d_43!11!t2!u_44!81!t2!d_45!87!HIP!u!102!i4!d!103!t1!u_46!137!t2!u_47!140!t2!d_48!316!t2!u_49!382!t2!d_50!391!t2!u_51!462!t2!d_52!467!t2!u_53!538!t2!d_54!544!t2!u_55!583!t2!d_56!620!t2!u_57!666!t2!d_58!697!t2!u_59!768!t2!d_60!773!t2!u_61!844!t2!d_62!850!HIP!d!867!t2!u_63!915!t2!d_64!927!c1!u!942!t2!u_65!997!t2!d_66!1003!t2!u_67!1073!t2!d_68!1082!i2!u!1121!t2!u_69!1150!t2!d_70!1155!t2!u_71!1226!t2!d_72!1231!t1!d_73!1260!t2!u_74!1264!c1!d!1286!t2!d_75!1307!t2!u_76!1378!t2!d_77!1384!t2!u_78!1454!t2!d_79!1459!i2!d!1504!t2!u_80!1522!t2!d_81!1528!t1!u_82!1542!t2!u_83!1730!t2!d_84!1764!t1!d_85!1824!t2!u_86!1828!t2!d_87!1840!t2!u_88!1910!t2!d_89!1916!t2!u_90!1987!t2!d_91!1993!t2!u_92!2065!t2!d_93!2069!t1!u_94!2086!t2!u_95!2104!t2!d_96!2147!t2!u_97!2218!t2!d_98!2222!t2!u_99!2292!t2!d_100!2298!c3!u!2319!t2!u_101!2333!t1!d_102!2361!t2!d_103!2375!t2!u_104!2445!t2!d_105!2453!i1!u!2492!t2!u_106!2521!t2!d_107!2528!t2!u_108!2582!t1!u_109!2598!t2!d_110!2603!t2!u_111!2673!t2!d_112!2679!c3!d!2695!t2!u_113!2749!t2!d_114!2755!t2!u_115!2814!t2!d_116!2830!t1!d_117!2868!t2!u_118!2872!i1!d!2877!t2!d_119!3058!t2!u_120!3129!t2!d_121!3136!t2!u_122!3205!t2!d_123!3211!t2!u_124!3249!t2!d_125!3288!t2!u_126!3333!t2!d_127!3364!t2!u_128!3435!t2!d_129!3441!t2!u_130!3504!t2!d_131!3518!t2!u_132!3581!t2!d_133!3594!t2!u_134!3666!t2!d_135!3671!c1!u!3696!t2!u_136!3741!t2!d_137!3747!t2!u_138!3818!t2!d_139!3823!i3!u!3837!t2!u_140!3894!t2!d_141!3900!t1!u_0!3955!t2!u_1!3974!t2!d_2!3981!t2!u_3!4046!t2!d_4!4054!c1!d!4074!t2!u_5!4122!t2!d_6!4133!t2!u_7!4198!t2!d_8!4204!i3!d!4219!r!2183!4250!t2!u_9!4267!t1!d_10!4273!t2!d_11!4280!t2!u_12!4503!t2!d_13!4509!t1!u_14!4521!t2!u_15!4556!t2!d_16!4585!t2!u_17!4655!t2!d_18!4662!t2!u_19!4732!t2!d_20!4738!map!u!4778!t2!u_21!4806!t2!d_22!4816!t1!d_23!4829!t2!u_24!4884!t2!d_25!4891!t2!u_26!4961!t2!d_27!4968!t2!u_28!4999!c3!u!5031!t2!d_29!5043!t1!u_30!5076!t2!u_31!5083!t2!d_32!5119!map!d!5161!t2!u_33!5190!t2!d_34!5196!i4!u!5214!t2!u_35!5266!t2!d_36!5272!t2!u_37!5332!t2!d_38!5348!t1!d_39!5369!t2!u_40!5418!t2!d_41!5426!c3!d!5449!t2!u_42!5452!t2!d_43!5499!t2!u_44!5556!t2!d_45!5575!i4!d!5595!HIP!u!5596!t1!u_46!5631!t2!u_47!5638!t2!d_48!5805!t2!u_49!5874!t2!d_50!5881!t2!u_51!5950!t2!d_52!5957!t2!u_53!5999!t2!d_54!6033!t2!u_55!6104!t2!d_56!6111!t2!u_57!6181!t2!d_58!6187!t2!u_59!6223!t2!d_60!6263!t2!u_61!6332!t2!d_62!6342!HIP!d!6359!t2!u_63!6411!t2!d_64!6419!c1!u!6439!t2!u_65!6488!t2!d_66!6494!t2!u_67!6556!t2!d_68!6570!i2!u!6607!t2!u_69!6640!t2!d_70!6647!t2!u_71!6717!t2!d_72!6723!t1!d_73!6758!t2!u_74!6764!c1!d!6789!t2!d_75!6799!t2!u_76!6869!t2!d_77!6876!t2!u_78!6945!t2!d_79!6952!i2!d!6989!t2!u_80!6998!t2!d_81!7020!t1!u_82!7038!t2!u_83!7223!t2!d_84!7256!t1!d_85!7322!t2!u_86!7328!t2!d_87!7335!t2!u_88!7403!t2!d_89!7409!t2!u_90!7480!t2!d_91!7487!t2!u_92!7556!t2!d_93!7562!t1!u_94!7589!t2!u_95!7632!t2!d_96!7639!t2!u_97!7709!t2!d_98!7715!t2!u_99!7785!t2!d_100!7793!c3!u!7813!t1!d_101!7860!t2!u_102!7866!t2!d_103!7873!t2!u_104!7938!t2!d_105!7949!i1!u!7987!t2!u_106!7999!t2!d_107!8020!t2!u_108!8090!t1!u_109!8097!t2!d_110!8104!t2!u_111!8166!t2!d_112!8175!c3!d!8191!t2!u_113!8223!t2!d_114!8248!t2!u_115!8318!t2!d_116!8325!t1!d_117!8356!t2!u_118!8363!i1!d!8370!t2!d_119!8553!t2!u_120!8623!t2!d_121!8630!t2!u_122!8665!t2!d_123!8705!t2!u_124!8776!t2!d_125!8783!t2!u_126!8835!t2!d_127!8858!t2!u_128!8889!t2!d_129!8935!t2!u_130!8999!t2!d_131!9012!t2!u_132!9063!t2!d_133!9089!t2!u_134!9147!t2!d_135!9165!c1!u!9179!t2!u_136!9223!t2!d_137!9242!t2!u_138!9312!t2!d_139!9319!i3!u!9335!t2!u_140!9389!t2!d_141!9395!t1!u_0!9447!t2!d_1!9475!t2!u_2!9479!t2!u_3!9541!t2!d_4!9549!c1!d!9568!t2!u_5!9617!t2!d_6!9625!t2!u_7!9693!t2!d_8!9699!i3!d!9717!r!2184!9743!t1!d_9!9762!t2!u_10!9766!t2!d_11!9770!t2!u_12!9998!t2!d_13!10005!t1!u_14!10012!t2!u_15!10075!t2!d_16!10081!t2!u_17!10151!t2!d_18!10157!t2!u_19!10223!t2!d_20!10234!,
Thu Jul 16 08:01:26 EDT 2015<EOT>: : t2!u_42!0!t2!d_43!11!t2!u_44!81!t2!d_45!87!HIP!u!102!i4!d!103!t1!u_46!137!t2!u_47!140!t2!d_48!316!t2!u_49!382!t2!d_50!391!t2!u_51!462!t2!d_52!467!t2!u_53!538!t2!d_54!544!t2!u_55!583!t2!d_56!620!t2!u_57!666!t2!d_58!697!t2!u_59!768!t2!d_60!773!t2!u_61!844!t2!d_62!850!HIP!d!867!t2!u_63!915!t2!d_64!927!c1!u!942!t2!u_65!997!t2!d_66!1003!t2!u_67!1073!t2!d_68!1082!i2!u!1121!t2!u_69!1150!t2!d_70!1155!t2!u_71!1226!t2!d_72!1231!t1!d_73!1260!t2!u_74!1264!c1!d!1286!t2!d_75!1307!t2!u_76!1378!t2!d_77!1384!t2!u_78!1454!t2!d_79!1459!i2!d!1504!t2!u_80!1522!t2!d_81!1528!t1!u_82!1542!t2!u_83!1730!t2!d_84!1764!t1!d_85!1824!t2!u_86!1828!t2!d_87!1840!t2!u_88!1910!t2!d_89!1916!t2!u_90!1987!t2!d_91!1993!t2!u_92!2065!t2!d_93!2069!t1!u_94!2086!t2!u_95!2104!t2!d_96!2147!t2!u_97!2218!t2!d_98!2222!t2!u_99!2292!t2!d_100!2298!c3!u!2319!t2!u_101!2333!t1!d_102!2361!t2!d_103!2375!t2!u_104!2445!t2!d_105!2453!i1!u!2492!t2!u_106!2521!t2!d_107!2528!t2!u_108!2582!t1!u_109!2598!t2!d_110!2603!t2!u_111!2673!t2!d_112!2679!c3!d!2695!t2!u_113!2749!t2!d_114!2755!t2!u_115!2814!t2!d_116!2830!t1!d_117!2868!t2!u_118!2872!i1!d!2877!t2!d_119!3058!t2!u_120!3129!t2!d_121!3136!t2!u_122!3205!t2!d_123!3211!t2!u_124!3249!t2!d_125!3288!t2!u_126!3333!t2!d_127!3364!t2!u_128!3435!t2!d_129!3441!t2!u_130!3504!t2!d_131!3518!t2!u_132!3581!t2!d_133!3594!t2!u_134!3666!t2!d_135!3671!c1!u!3696!t2!u_136!3741!t2!d_137!3747!t2!u_138!3818!t2!d_139!3823!i3!u!3837!t2!u_140!3894!t2!d_141!3900!t1!u_0!3955!t2!u_1!3974!t2!d_2!3981!t2!u_3!4046!t2!d_4!4054!c1!d!4074!t2!u_5!4122!t2!d_6!4133!t2!u_7!4198!t2!d_8!4204!i3!d!4219!r!2183!4250!t2!u_9!4267!t1!d_10!4273!t2!d_11!4280!t2!u_12!4503!t2!d_13!4509!t1!u_14!4521!t2!u_15!4556!t2!d_16!4585!t2!u_17!4655!t2!d_18!4662!t2!u_19!4732!t2!d_20!4738!map!u!4778!t2!u_21!4806!t2!d_22!4816!t1!d_23!4829!t2!u_24!4884!t2!d_25!4891!t2!u_26!4961!t2!d_27!4968!t2!u_28!4999!c3!u!5031!t2!d_29!5043!t1!u_30!5076!t2!u_31!5083!t2!d_32!5119!map!d!5161!t2!u_33!5190!t2!d_34!5196!i4!u!5214!t2!u_35!5266!t2!d_36!5272!t2!u_37!5332!t2!d_38!5348!t1!d_39!5369!t2!u_40!5418!t2!d_41!5426!c3!d!5449!t2!u_42!5452!t2!d_43!5499!t2!u_44!5556!t2!d_45!5575!i4!d!5595!HIP!u!5596!t1!u_46!5631!t2!u_47!5638!t2!d_48!5805!t2!u_49!5874!t2!d_50!5881!t2!u_51!5950!t2!d_52!5957!t2!u_53!5999!t2!d_54!6033!t2!u_55!6104!t2!d_56!6111!t2!u_57!6181!t2!d_58!6187!t2!u_59!6223!t2!d_60!6263!t2!u_61!6332!t2!d_62!6342!HIP!d!6359!t2!u_63!6411!t2!d_64!6419!c1!u!6439!t2!u_65!6488!t2!d_66!6494!t2!u_67!6556!t2!d_68!6570!i2!u!6607!t2!u_69!6640!t2!d_70!6647!t2!u_71!6717!t2!d_72!6723!t1!d_73!6758!t2!u_74!6764!c1!d!6789!t2!d_75!6799!t2!u_76!6869!t2!d_77!6876!t2!u_78!6945!t2!d_79!6952!i2!d!6989!t2!u_80!6998!t2!d_81!7020!t1!u_82!7038!t2!u_83!7223!t2!d_84!7256!t1!d_85!7322!t2!u_86!7328!t2!d_87!7335!t2!u_88!7403!t2!d_89!7409!t2!u_90!7480!t2!d_91!7487!t2!u_92!7556!t2!d_93!7562!t1!u_94!7589!t2!u_95!7632!t2!d_96!7639!t2!u_97!7709!t2!d_98!7715!t2!u_99!7785!t2!d_100!7793!c3!u!7813!t1!d_101!7860!t2!u_102!7866!t2!d_103!7873!t2!u_104!7938!t2!d_105!7949!i1!u!7987!t2!u_106!7999!t2!d_107!8020!t2!u_108!8090!t1!u_109!8097!t2!d_110!8104!t2!u_111!8166!t2!d_112!8175!c3!d!8191!t2!u_113!8223!t2!d_114!8248!t2!u_115!8318!t2!d_116!8325!t1!d_117!8356!t2!u_118!8363!i1!d!8370!t2!d_119!8553!t2!u_120!8623!t2!d_121!8630!t2!u_122!8665!t2!d_123!8705!t2!u_124!8776!t2!d_125!8783!t2!u_126!8835!t2!d_127!8858!t2!u_128!8889!t2!d_129!8935!t2!u_130!8999!t2!d_131!9012!t2!u_132!9063!t2!d_133!9089!t2!u_134!9147!t2!d_135!9165!c1!u!9179!t2!u_136!9223!t2!d_137!9242!t2!u_138!9312!t2!d_139!9319!i3!u!9335!t2!u_140!9389!t2!d_141!9395!t1!u_0!9447!t2!d_1!9475!t2!u_2!9479!t2!u_3!9541!t2!d_4!9549!c1!d!9568!t2!u_5!9617!t2!d_6!9625!t2!u_7!9693!t2!d_8!9699!i3!d!9717!r!2184!9743!t1!d_9!9762!t2!u_10!9766!t2!d_11!9770!t2!u_12!9998!t2!d_13!10005!t1!u_14!10012!t2!u_15!10075!t2!d_16!10081!t2!u_17!10151!t2!d_18!10157!t2!u_19!10223!t2!d_20!10234!
Thu Jul 16 08:01:26 EDT 2015<EOT>: Sending [0, 1, 71, 58, -70, 59, -66]
Thu Jul 16 08:01:26 EDT 2015<EOT>: Waiting for 2 byte(s): text header
Thu Jul 16 08:01:26 EDT 2015<EOT>: Waiting for 335 byte(s): text body
Thu Jul 16 08:01:26 EDT 2015<EOT>: time,150.285,rpm,2187,ENGINE_LOAD,20.76,MAP,20.76,afr,10.08,vss,0.00,ks,0.00,kv,2.83,vbatt,13.14,TP,0.00,CLT,25.99,MAT,20.00,ckp_c,119291,fuel_base,2.55,fuel_lag,1.00,fuel,3.83,timing,20.80,duty0,NaN,dwell0,0.00,total_dwell0,0.00,period0,0.00,advance0,682.000,duty1,NaN,dwell1,0.00,total_dwell1,0.00,period1,0.00,advance1,682.000,
Thu Jul 16 08:01:26 EDT 2015<EOT>: Sending [0, 1, 71, 58, -70, 59, -66]
Thu Jul 16 08:01:26 EDT 2015<EOT>: Waiting for 2 byte(s): text header
Thu Jul 16 08:01:26 EDT 2015<EOT>: Waiting for 2111 byte(s): text body
Thu Jul 16 08:01:26 EDT 2015<EOT>: analog_chart,0.00|0.00|1.88|3001.00|2.62|2002.00|11.64|3003.00|12.73|2004.00|21.42|3005.00|22.51|2006.00|31.38|3007.00|32.13|2008.00|36.62|3009.00|39.31|10.00|41.20|2011.00|68.41|3012.00|72.25|2013.00|73.01|1014.00|80.35|3015.00|82.15|2016.00|91.58|3017.00|92.32|2018.00|98.78|3019.00|102.19|2020.00|110.94|3021.00|112.26|2022.00|113.89|23.00|121.55|3024.00|122.30|2025.00|131.68|3026.00|132.43|2027.00|141.62|3028.00|142.78|2029.00|145.72|1030.00|151.65|3031.00|152.41|2032.00|161.66|3033.00|162.42|2034.00|171.64|3035.00|172.40|2036.00|181.64|3037.00|182.40|2038.00|183.82|39.00|191.62|3040.00|192.53|2041.00|198.30|3042.00|202.45|2043.00|211.56|3044.00|212.31|2045.00|218.42|1046.00|219.18|3047.00|242.48|2048.00|251.55|3049.00|252.33|2050.00|261.58|3051.00|262.35|2052.00|267.11|3053.00|272.42|2054.00|281.70|3055.00|282.47|2056.00|291.77|3057.00|292.53|2058.00|301.83|3059.00|302.59|2060.00|311.90|3061.00|312.67|2062.00|321.95|3063.00|322.96|2064.00|329.50|3065.00|332.75|2066.00|342.02|3067.00|343.56|2068.00|352.03|3069.00|352.80|2070.00|362.19|3071.00|362.94|2072.00|366.82|73.00|367.56|3074.00|372.80|2075.00|382.04|3076.00|382.81|2077.00|392.00|3078.00|392.84|2079.00|401.02|3080.00|401.84|2081.00|403.80|1082.00|430.23|3083.00|432.78|2084.00|441.09|85.00|441.84|3086.00|442.74|2087.00|446.79|3088.00|452.72|2089.00|460.69|3090.00|462.80|2091.00|472.02|3092.00|472.78|2093.00|475.55|1094.00|482.05|3095.00|482.82|2096.00|492.09|3097.00|492.85|2098.00|502.10|3099.00|503.24|2100.00|511.37|101.00|512.11|3102.00|512.86|2103.00|517.71|3104.00|522.90|2105.00|527.29|3106.00|532.86|2107.00|542.01|1108.00|542.77|3109.00|543.54|2110.00|548.19|3111.00|552.79|2112.00|561.98|3113.00|562.75|2114.00|571.95|3115.00|572.71|2116.00|577.56|117.00|578.32|3118.00|602.63|2119.00|611.70|3120.00|612.66|2121.00|621.42|3122.00|622.66|2123.00|631.89|3124.00|632.66|2125.00|641.91|3126.00|642.70|2127.00|649.33|3128.00|652.73|2129.00|661.96|3130.00|662.78|2131.00|666.96|3132.00|672.76|2133.00|679.39|3134.00|682.78|2135.00|692.02|3136.00|692.79|2137.00|702.01|3138.00|702.77|2139.00|712.08|3140.00|712.83|2141.00|,
Thu Jul 16 08:01:26 EDT 2015<EOT>: Analog chart from 0.0 to 712.83
Thu Jul 16 08:01:26 EDT 2015<EOT>: Sending [0, 1, 71, 58, -70, 59, -66]
Thu Jul 16 08:01:26 EDT 2015<EOT>: Waiting for 2 byte(s): text header
Thu Jul 16 08:01:26 EDT 2015<EOT>: Waiting for 335 byte(s): text body
Thu Jul 16 08:01:26 EDT 2015<EOT>: time,150.485,rpm,2198,ENGINE_LOAD,20.78,MAP,20.78,afr,10.00,vss,0.00,ks,0.00,kv,2.81,vbatt,13.30,TP,0.00,CLT,25.96,MAT,19.66,ckp_c,119816,fuel_base,2.55,fuel_lag,1.00,fuel,3.82,timing,20.80,duty0,NaN,dwell0,0.00,total_dwell0,0.00,period0,0.00,advance0,682.000,duty1,NaN,dwell1,0.00,total_dwell1,0.00,period1,0.00,advance1,682.000,
Thu Jul 16 08:01:26 EDT 2015<EOT>: Sending [0, 1, 71, 58, -70, 59, -66]
Thu Jul 16 08:01:26 EDT 2015<EOT>: Waiting for 2 byte(s): text header
Thu Jul 16 08:01:26 EDT 2015<EOT>: Waiting for 5 byte(s): text body
Thu Jul 16 08:01:26 EDT 2015<EOT>: Sending [0, 1, 71, 58, -70, 59, -66]
Thu Jul 16 08:01:26 EDT 2015<EOT>: Waiting for 2 byte(s): text header
Thu Jul 16 08:01:26 EDT 2015<EOT>: Waiting for 335 byte(s): text body
Thu Jul 16 08:01:26 EDT 2015<EOT>: time,150.686,rpm,2199,ENGINE_LOAD,20.52,MAP,20.52,afr,10.00,vss,0.00,ks,0.00,kv,2.75,vbatt,13.17,TP,0.39,CLT,26.02,MAT,19.53,ckp_c,120335,fuel_base,2.52,fuel_lag,1.00,fuel,3.79,timing,20.79,duty0,NaN,dwell0,0.00,total_dwell0,0.00,period0,0.00,advance0,682.000,duty1,NaN,dwell1,0.00,total_dwell1,0.00,period1,0.00,advance1,682.000,
Thu Jul 16 08:01:26 EDT 2015<EOT>: Sending [0, 1, 71, 58, -70, 59, -66]
Thu Jul 16 08:01:26 EDT 2015<EOT>: Waiting for 2 byte(s): text header
Thu Jul 16 08:01:26 EDT 2015<EOT>: Waiting for 5 byte(s): text body
Thu Jul 16 08:01:27 EDT 2015<EOT>: Sending [0, 1, 71, 58, -70, 59, -66]
Thu Jul 16 08:01:27 EDT 2015<EOT>: Waiting for 2 byte(s): text header
Thu Jul 16 08:01:27 EDT 2015<EOT>: Waiting for 335 byte(s): text body
Thu Jul 16 08:01:27 EDT 2015<EOT>: time,150.888,rpm,2186,ENGINE_LOAD,20.50,MAP,20.50,afr,10.00,vss,0.00,ks,0.00,kv,2.83,vbatt,12.77,TP,0.80,CLT,26.05,MAT,21.67,ckp_c,120855,fuel_base,2.52,fuel_lag,1.00,fuel,3.79,timing,20.78,duty0,NaN,dwell0,0.00,total_dwell0,0.00,period0,0.00,advance0,682.000,duty1,NaN,dwell1,0.00,total_dwell1,0.00,period1,0.00,advance1,682.000,
Thu Jul 16 08:01:27 EDT 2015<EOT>: Sending [0, 1, 71, 58, -70, 59, -66]
Thu Jul 16 08:01:27 EDT 2015<EOT>: Waiting for 2 byte(s): text header
Thu Jul 16 08:01:27 EDT 2015<EOT>: Waiting for 5 byte(s): text body
Thu Jul 16 08:01:27 EDT 2015<EOT>: Sending [0, 1, 71, 58, -70, 59, -66]
Thu Jul 16 08:01:27 EDT 2015<EOT>: Waiting for 2 byte(s): text header
Thu Jul 16 08:01:27 EDT 2015<EOT>: Waiting for 550 byte(s): text body
Thu Jul 16 08:01:27 EDT 2015<EOT>: time,151.089,rpm,2184,ENGINE_LOAD,20.78,MAP,20.78,afr,10.00,vss,0.00,ks,0.00,kv,2.73,vbatt,13.34,TP,0.00,CLT,26.13,MAT,19.55,rusEfiVersion,20150713@8529 Neon03,outpin,t1@PA5,outpin,t2@PC6,outpin,input1@NONE,outpin,input2@NONE,outpin,c1@PC9,outpin,i1@PB8,outpin,c2@NONE,outpin,i2@PB9,outpin,c3@PE8,outpin,i3@PE2,outpin,c4@NONE,outpin,i4@PB7,ckp_c,121380,fuel_base,2.55,fuel_lag,1.00,fuel,3.83,timing,20.77,duty0,NaN,dwell0,0.00,total_dwell0,0.00,period0,0.00,advance0,682.000,duty1,NaN,dwell1,0.00,total_dwell1,0.00,period1,0.00,advance1,682.000,
Thu Jul 16 08:01:27 EDT 2015<EOT>: Sending [0, 1, 71, 58, -70, 59, -66]
Thu Jul 16 08:01:27 EDT 2015<EOT>: Waiting for 2 byte(s): text header
Thu Jul 16 08:01:27 EDT 2015<EOT>: Waiting for 3843 byte(s): text body
Thu Jul 16 08:01:27 EDT 2015<EOT>: wave_chart,t2!u_63!0!t2!d_64!20!c1!u!28!t2!u_65!91!t2!d_66!99!t2!u_67!167!t2!d_68!176!i2!u!213!t2!u_69!220!t2!d_70!250!t2!u_71!320!t2!d_72!326!t1!d_73!351!t2!u_74!397!t2!d_75!402!c1!d!419!t2!u_76!473!t2!d_77!480!t2!u_78!549!t2!d_79!555!i2!d!598!t2!u_80!617!t2!d_81!624!t1!u_82!636!t2!u_83!854!t2!d_84!860!t1!d_85!921!t2!u_86!925!t2!d_87!936!t2!u_88!1007!t2!d_89!1013!t2!u_90!1083!t2!d_91!1089!t2!u_92!1161!t2!d_93!1165!t1!u_94!1182!t2!u_95!1220!t2!d_96!1242!t2!u_97!1313!t2!d_98!1319!t2!u_99!1381!t2!d_100!1395!c3!u!1409!t1!d_101!1457!t2!u_102!1461!t2!d_103!1472!t2!u_104!1543!t2!d_105!1552!i1!u!1587!t2!u_106!1619!t2!d_107!1625!t1!u_108!1694!t2!u_109!1697!t2!d_110!1701!t2!u_111!1771!t2!d_112!1777!c3!d!1793!t2!u_113!1847!t2!d_114!1853!t2!u_115!1886!t2!d_116!1931!t1!d_117!1964!t2!u_118!1968!i1!d!1972!t2!d_119!2158!t2!u_120!2219!t2!d_121!2234!t2!u_122!2305!t2!d_123!2312!t2!u_124!2382!t2!d_125!2388!t2!u_126!2458!t2!d_127!2466!t2!u_128!2536!t2!d_129!2541!t2!u_130!2612!t2!d_131!2618!t2!u_132!2664!t2!d_133!2694!t2!u_134!2742!t2!d_135!2771!c1!u!2774!t2!u_136!2842!t2!d_137!2848!t2!u_138!2886!t2!d_139!2924!i3!u!2935!t2!u_140!2994!t2!d_141!3002!t1!u_0!3052!t2!u_1!3068!t2!d_2!3076!t2!u_3!3147!t2!d_4!3153!c1!d!3172!t2!u_5!3219!t2!d_6!3230!t2!u_7!3299!t2!d_8!3305!i3!d!3319!r!2182!3348!t1!d_9!3365!t2!u_10!3369!t2!d_11!3374!t2!u_12!3604!t2!d_13!3611!t1!u_14!3619!t2!u_15!3664!t2!d_16!3687!t2!u_17!3757!t2!d_18!3763!t2!u_19!3834!t2!d_20!3840!map!u!3872!t2!u_21!3886!t2!d_22!3917!t1!d_23!3932!t2!u_24!3988!t2!d_25!3994!t2!u_26!4065!t2!d_27!4070!t2!u_28!4141!t2!d_29!4147!c3!u!4172!t1!u_30!4175!t2!u_31!4179!t2!d_32!4224!map!d!4255!t2!u_33!4294!t2!d_34!4301!i4!u!4312!t2!u_35!4370!t2!d_36!4376!t2!u_37!4447!t2!d_38!4453!t1!d_39!4467!t2!u_40!4523!t2!d_41!4529!c3!d!4551!t2!u_42!4572!t2!d_43!4605!t2!u_44!4675!t2!d_45!4681!i4!d!4696!HIP!u!4699!t1!u_46!4730!t2!u_47!4734!t2!d_48!4911!t2!u_49!4981!t2!d_50!4987!t2!u_51!5057!t2!d_52!5063!t2!u_53!5136!t2!d_54!5140!t2!u_55!5211!t2!d_56!5217!t2!u_57!5288!t2!d_58!5293!t2!u_59!5331!t2!d_60!5371!t2!u_61!5441!t2!d_62!5447!HIP!d!5465!t2!u_63!5518!t2!d_64!5524!c1!u!5546!t2!u_65!5571!t2!d_66!5600!t2!u_67!5664!t2!d_68!5677!i2!u!5709!t2!u_69!5748!t2!d_70!5753!t2!u_71!5824!t2!d_72!5830!t1!d_73!5863!t2!u_74!5866!c1!d!5889!t2!d_75!5906!t2!u_76!5977!t2!d_77!5983!t2!u_78!6053!t2!d_79!6059!i2!d!6093!t2!u_80!6122!t2!d_81!6128!t1!u_82!6147!t2!u_83!6330!t2!d_84!6364!t1!d_85!6428!t2!u_86!6431!t2!d_87!6441!t2!u_88!6478!t2!d_89!6517!t2!u_90!6572!t2!d_91!6594!t2!u_92!6664!t2!d_93!6670!t1!u_94!6691!t2!u_95!6741!t2!d_96!6749!t2!u_97!6817!t2!d_98!6823!t2!u_99!6894!t2!d_100!6900!c3!u!6921!t1!d_101!6968!t2!u_102!6971!t2!d_103!6976!t2!u_104!7046!t2!d_105!7055!i1!u!7091!t2!u_106!7123!t2!d_107!7128!t2!u_108!7199!t1!u_109!7203!t2!d_110!7207!t2!u_111!7238!c3!d!7260!t2!d_112!7281!t2!u_113!7330!t2!d_114!7357!t2!u_115!7427!t2!d_116!7433!i1!d!7475!t1!d_117!7479!t2!u_118!7483!t2!d_119!7661!t2!u_120!7707!t2!d_121!7738!t2!u_122!7770!t2!d_123!7814!t2!u_124!7886!t2!d_125!7891!t2!u_126!7961!t2!d_127!7967!t2!u_128!8032!t2!d_129!8043!t2!u_130!8114!t2!d_131!8120!t2!u_132!8190!t2!d_133!8196!t2!u_134!8238!c1!u!8269!t2!d_135!8273!t2!u_136!8332!t2!d_137!8349!t2!u_138!8420!t2!d_139!8426!i3!u!8437!t2!u_140!8496!t2!d_141!8502!t1!u_0!8558!t2!u_1!8575!t2!d_2!8579!t2!u_3!8648!t2!d_4!8653!c1!d!8674!t2!u_5!8724!t2!d_6!8731!t2!u_7!8800!t2!d_8!8806!i3!d!8821!r!2178!8855!t2!u_9!8868!t1!d_10!8872!t2!d_11!8876!t2!u_12!9104!t2!d_13!9111!t1!u_14!9122!t2!u_15!9180!t2!d_16!9186!t2!u_17!9238!t2!d_18!9262!t2!u_19!9333!t2!d_20!9339!map!u!9381!t2!u_21!9409!t2!d_22!9415!t1!d_23!9433!t2!u_24!9469!t2!d_25!9493!t2!u_26!9539!t2!d_27!9568!t2!u_28!9638!t2!d_29!9644!c3!u!9669!t1!u_30!9680!t2!u_31!9684!t2!d_32!9720!map!d!9764!t2!u_33!9790!t2!d_34!9797!i4!u!9810!t2!u_35!9867!t2!d_36!9872!t2!u_37!9904!t2!d_38!9948!t1!d_39!9970!t2!u_40!10018!,
Thu Jul 16 08:01:27 EDT 2015<EOT>: : t2!u_63!0!t2!d_64!20!c1!u!28!t2!u_65!91!t2!d_66!99!t2!u_67!167!t2!d_68!176!i2!u!213!t2!u_69!220!t2!d_70!250!t2!u_71!320!t2!d_72!326!t1!d_73!351!t2!u_74!397!t2!d_75!402!c1!d!419!t2!u_76!473!t2!d_77!480!t2!u_78!549!t2!d_79!555!i2!d!598!t2!u_80!617!t2!d_81!624!t1!u_82!636!t2!u_83!854!t2!d_84!860!t1!d_85!921!t2!u_86!925!t2!d_87!936!t2!u_88!1007!t2!d_89!1013!t2!u_90!1083!t2!d_91!1089!t2!u_92!1161!t2!d_93!1165!t1!u_94!1182!t2!u_95!1220!t2!d_96!1242!t2!u_97!1313!t2!d_98!1319!t2!u_99!1381!t2!d_100!1395!c3!u!1409!t1!d_101!1457!t2!u_102!1461!t2!d_103!1472!t2!u_104!1543!t2!d_105!1552!i1!u!1587!t2!u_106!1619!t2!d_107!1625!t1!u_108!1694!t2!u_109!1697!t2!d_110!1701!t2!u_111!1771!t2!d_112!1777!c3!d!1793!t2!u_113!1847!t2!d_114!1853!t2!u_115!1886!t2!d_116!1931!t1!d_117!1964!t2!u_118!1968!i1!d!1972!t2!d_119!2158!t2!u_120!2219!t2!d_121!2234!t2!u_122!2305!t2!d_123!2312!t2!u_124!2382!t2!d_125!2388!t2!u_126!2458!t2!d_127!2466!t2!u_128!2536!t2!d_129!2541!t2!u_130!2612!t2!d_131!2618!t2!u_132!2664!t2!d_133!2694!t2!u_134!2742!t2!d_135!2771!c1!u!2774!t2!u_136!2842!t2!d_137!2848!t2!u_138!2886!t2!d_139!2924!i3!u!2935!t2!u_140!2994!t2!d_141!3002!t1!u_0!3052!t2!u_1!3068!t2!d_2!3076!t2!u_3!3147!t2!d_4!3153!c1!d!3172!t2!u_5!3219!t2!d_6!3230!t2!u_7!3299!t2!d_8!3305!i3!d!3319!r!2182!3348!t1!d_9!3365!t2!u_10!3369!t2!d_11!3374!t2!u_12!3604!t2!d_13!3611!t1!u_14!3619!t2!u_15!3664!t2!d_16!3687!t2!u_17!3757!t2!d_18!3763!t2!u_19!3834!t2!d_20!3840!map!u!3872!t2!u_21!3886!t2!d_22!3917!t1!d_23!3932!t2!u_24!3988!t2!d_25!3994!t2!u_26!4065!t2!d_27!4070!t2!u_28!4141!t2!d_29!4147!c3!u!4172!t1!u_30!4175!t2!u_31!4179!t2!d_32!4224!map!d!4255!t2!u_33!4294!t2!d_34!4301!i4!u!4312!t2!u_35!4370!t2!d_36!4376!t2!u_37!4447!t2!d_38!4453!t1!d_39!4467!t2!u_40!4523!t2!d_41!4529!c3!d!4551!t2!u_42!4572!t2!d_43!4605!t2!u_44!4675!t2!d_45!4681!i4!d!4696!HIP!u!4699!t1!u_46!4730!t2!u_47!4734!t2!d_48!4911!t2!u_49!4981!t2!d_50!4987!t2!u_51!5057!t2!d_52!5063!t2!u_53!5136!t2!d_54!5140!t2!u_55!5211!t2!d_56!5217!t2!u_57!5288!t2!d_58!5293!t2!u_59!5331!t2!d_60!5371!t2!u_61!5441!t2!d_62!5447!HIP!d!5465!t2!u_63!5518!t2!d_64!5524!c1!u!5546!t2!u_65!5571!t2!d_66!5600!t2!u_67!5664!t2!d_68!5677!i2!u!5709!t2!u_69!5748!t2!d_70!5753!t2!u_71!5824!t2!d_72!5830!t1!d_73!5863!t2!u_74!5866!c1!d!5889!t2!d_75!5906!t2!u_76!5977!t2!d_77!5983!t2!u_78!6053!t2!d_79!6059!i2!d!6093!t2!u_80!6122!t2!d_81!6128!t1!u_82!6147!t2!u_83!6330!t2!d_84!6364!t1!d_85!6428!t2!u_86!6431!t2!d_87!6441!t2!u_88!6478!t2!d_89!6517!t2!u_90!6572!t2!d_91!6594!t2!u_92!6664!t2!d_93!6670!t1!u_94!6691!t2!u_95!6741!t2!d_96!6749!t2!u_97!6817!t2!d_98!6823!t2!u_99!6894!t2!d_100!6900!c3!u!6921!t1!d_101!6968!t2!u_102!6971!t2!d_103!6976!t2!u_104!7046!t2!d_105!7055!i1!u!7091!t2!u_106!7123!t2!d_107!7128!t2!u_108!7199!t1!u_109!7203!t2!d_110!7207!t2!u_111!7238!c3!d!7260!t2!d_112!7281!t2!u_113!7330!t2!d_114!7357!t2!u_115!7427!t2!d_116!7433!i1!d!7475!t1!d_117!7479!t2!u_118!7483!t2!d_119!7661!t2!u_120!7707!t2!d_121!7738!t2!u_122!7770!t2!d_123!7814!t2!u_124!7886!t2!d_125!7891!t2!u_126!7961!t2!d_127!7967!t2!u_128!8032!t2!d_129!8043!t2!u_130!8114!t2!d_131!8120!t2!u_132!8190!t2!d_133!8196!t2!u_134!8238!c1!u!8269!t2!d_135!8273!t2!u_136!8332!t2!d_137!8349!t2!u_138!8420!t2!d_139!8426!i3!u!8437!t2!u_140!8496!t2!d_141!8502!t1!u_0!8558!t2!u_1!8575!t2!d_2!8579!t2!u_3!8648!t2!d_4!8653!c1!d!8674!t2!u_5!8724!t2!d_6!8731!t2!u_7!8800!t2!d_8!8806!i3!d!8821!r!2178!8855!t2!u_9!8868!t1!d_10!8872!t2!d_11!8876!t2!u_12!9104!t2!d_13!9111!t1!u_14!9122!t2!u_15!9180!t2!d_16!9186!t2!u_17!9238!t2!d_18!9262!t2!u_19!9333!t2!d_20!9339!map!u!9381!t2!u_21!9409!t2!d_22!9415!t1!d_23!9433!t2!u_24!9469!t2!d_25!9493!t2!u_26!9539!t2!d_27!9568!t2!u_28!9638!t2!d_29!9644!c3!u!9669!t1!u_30!9680!t2!u_31!9684!t2!d_32!9720!map!d!9764!t2!u_33!9790!t2!d_34!9797!i4!u!9810!t2!u_35!9867!t2!d_36!9872!t2!u_37!9904!t2!d_38!9948!t1!d_39!9970!t2!u_40!10018!
Thu Jul 16 08:01:27 EDT 2015<EOT>: Sending [0, 1, 71, 58, -70, 59, -66]
Thu Jul 16 08:01:27 EDT 2015<EOT>: Waiting for 2 byte(s): text header
Thu Jul 16 08:01:27 EDT 2015<EOT>: Waiting for 335 byte(s): text body
Thu Jul 16 08:01:27 EDT 2015<EOT>: time,151.289,rpm,2181,ENGINE_LOAD,20.64,MAP,20.64,afr,10.00,vss,0.00,ks,0.00,kv,2.78,vbatt,13.14,TP,0.00,CLT,26.26,MAT,19.97,ckp_c,121895,fuel_base,2.54,fuel_lag,1.00,fuel,3.81,timing,20.74,duty0,NaN,dwell0,0.00,total_dwell0,0.00,period0,0.00,advance0,682.000,duty1,NaN,dwell1,0.00,total_dwell1,0.00,period1,0.00,advance1,682.000,
Thu Jul 16 08:01:27 EDT 2015<EOT>: Sending [0, 1, 71, 58, -70, 59, -66]
Thu Jul 16 08:01:27 EDT 2015<EOT>: Waiting for 2 byte(s): text header
Thu Jul 16 08:01:27 EDT 2015<EOT>: Waiting for 5 byte(s): text body
Thu Jul 16 08:01:27 EDT 2015<EOT>: Sending [0, 1, 71, 58, -70, 59, -66]
Thu Jul 16 08:01:27 EDT 2015<EOT>: Waiting for 2 byte(s): text header
Thu Jul 16 08:01:27 EDT 2015<EOT>: Waiting for 2442 byte(s): text body
Thu Jul 16 08:01:27 EDT 2015<EOT>: analog_chart,0.00|0.00|2.08|3001.00|2.81|2002.00|11.47|3003.00|12.42|2004.00|18.83|3005.00|22.42|2006.00|31.39|3007.00|32.46|2008.00|40.40|3009.00|41.14|10.00|41.87|2011.00|70.60|3012.00|72.16|2013.00|73.63|1014.00|81.17|3015.00|82.26|2016.00|91.31|3017.00|92.13|2018.00|101.33|3019.00|102.07|2020.00|111.35|3021.00|112.11|2022.00|114.04|23.00|118.90|3024.00|122.13|2025.00|131.38|3026.00|132.44|2027.00|141.38|3028.00|142.38|2029.00|146.38|1030.00|147.14|3031.00|152.16|2032.00|161.34|3033.00|162.12|2034.00|171.38|3035.00|172.13|2036.00|181.27|3037.00|182.04|2038.00|184.77|39.00|191.22|3040.00|192.17|2041.00|201.16|3042.00|201.99|2043.00|209.19|3044.00|211.89|2045.00|219.10|1046.00|219.85|3047.00|241.93|2048.00|249.33|3049.00|251.74|2050.00|260.98|3051.00|261.79|2052.00|270.99|3053.00|271.77|2054.00|278.43|3055.00|281.78|2056.00|291.05|3057.00|291.80|2058.00|301.08|3059.00|301.85|2060.00|311.09|3061.00|311.85|2062.00|321.11|3063.00|322.28|2064.00|331.13|3065.00|331.90|2066.00|341.12|3067.00|342.47|2068.00|351.24|3069.00|351.99|2070.00|361.09|3071.00|361.86|2072.00|366.51|73.00|367.25|3074.00|371.77|2075.00|379.76|3076.00|381.77|2077.00|390.95|3078.00|391.70|2079.00|399.97|3080.00|400.72|2081.00|403.14|1082.00|430.81|3083.00|431.62|2084.00|440.30|85.00|441.04|3086.00|441.79|2087.00|450.79|3088.00|451.57|2089.00|460.79|3090.00|461.55|2091.00|470.79|3092.00|471.57|2093.00|475.09|1094.00|480.81|3095.00|481.59|2096.00|490.83|3097.00|491.60|2098.00|495.81|3099.00|501.58|2100.00|510.20|3101.00|510.95|102.00|511.69|2103.00|520.78|3104.00|521.54|2105.00|529.50|3106.00|531.48|2107.00|539.29|3108.00|541.09|1109.00|541.84|2110.00|550.65|3111.00|551.80|2112.00|560.65|3113.00|561.43|2114.00|570.53|3115.00|571.34|2116.00|575.45|117.00|576.20|3118.00|601.17|2119.00|607.40|3120.00|611.13|2121.00|620.38|3122.00|621.14|2123.00|626.23|3124.00|631.15|2125.00|640.62|3126.00|641.37|2127.00|648.54|3128.00|651.23|2129.00|660.46|3130.00|661.28|2131.00|669.72|3132.00|671.51|2133.00|676.33|3134.00|681.34|2135.00|690.53|3136.00|691.30|2137.00|700.53|3138.00|701.30|2139.00|710.50|3140.00|711.25|2141.00|,time,151.490,rpm,2179,ENGINE_LOAD,20.67,MAP,20.67,afr,10.00,vss,0.00,ks,0.00,kv,2.75,vbatt,13.26,TP,0.39,CLT,26.21,MAT,19.58,ckp_c,122415,fuel_base,2.54,fuel_lag,1.00,fuel,3.82,timing,20.75,duty0,NaN,dwell0,0.00,total_dwell0,0.00,period0,0.00,advance0,682.000,duty1,NaN,dwell1,0.00,total_dwell1,0.00,period1,0.00,advance1,682.000,
Thu Jul 16 08:01:27 EDT 2015<EOT>: Analog chart from 0.0 to 711.25
Thu Jul 16 08:01:27 EDT 2015<EOT>: Sending [0, 1, 71, 58, -70, 59, -66]
Thu Jul 16 08:01:27 EDT 2015<EOT>: Waiting for 2 byte(s): text header
Thu Jul 16 08:01:27 EDT 2015<EOT>: Waiting for 5 byte(s): text body
Thu Jul 16 08:01:27 EDT 2015<EOT>: Sending [0, 1, 71, 58, -70, 59, -66]
Thu Jul 16 08:01:27 EDT 2015<EOT>: Waiting for 2 byte(s): text header
Thu Jul 16 08:01:27 EDT 2015<EOT>: Waiting for 335 byte(s): text body
Thu Jul 16 08:01:27 EDT 2015<EOT>: time,151.692,rpm,2177,ENGINE_LOAD,20.70,MAP,20.70,afr,10.00,vss,0.00,ks,0.00,kv,2.77,vbatt,13.14,TP,0.00,CLT,26.34,MAT,19.63,ckp_c,122930,fuel_base,2.55,fuel_lag,1.00,fuel,3.82,timing,20.73,duty0,NaN,dwell0,0.00,total_dwell0,0.00,period0,0.00,advance0,682.000,duty1,NaN,dwell1,0.00,total_dwell1,0.00,period1,0.00,advance1,682.000,
Thu Jul 16 08:01:27 EDT 2015<EOT>: Sending [0, 1, 71, 58, -70, 59, -66]
Thu Jul 16 08:01:27 EDT 2015<EOT>: Waiting for 2 byte(s): text header
Thu Jul 16 08:01:27 EDT 2015<EOT>: Waiting for 5 byte(s): text body
Thu Jul 16 08:01:28 EDT 2015<EOT>: Sending [0, 1, 71, 58, -70, 59, -66]
Thu Jul 16 08:01:28 EDT 2015<EOT>: Waiting for 2 byte(s): text header
Thu Jul 16 08:01:28 EDT 2015<EOT>: Waiting for 335 byte(s): text body
Thu Jul 16 08:01:28 EDT 2015<EOT>: time,151.893,rpm,2170,ENGINE_LOAD,20.96,MAP,20.96,afr,10.00,vss,0.00,ks,0.00,kv,2.73,vbatt,13.14,TP,0.00,CLT,26.37,MAT,19.47,ckp_c,123446,fuel_base,2.58,fuel_lag,1.00,fuel,3.85,timing,20.72,duty0,NaN,dwell0,0.00,total_dwell0,0.00,period0,0.00,advance0,682.000,duty1,NaN,dwell1,0.00,total_dwell1,0.00,period1,0.00,advance1,682.000,
Thu Jul 16 08:01:28 EDT 2015<EOT>: Sending [0, 1, 71, 58, -70, 59, -66]
Thu Jul 16 08:01:28 EDT 2015<EOT>: Waiting for 2 byte(s): text header
Thu Jul 16 08:01:28 EDT 2015<EOT>: Waiting for 5 byte(s): text body
Thu Jul 16 08:01:28 EDT 2015<EOT>: Sending [0, 1, 71, 58, -70, 59, -66]
Thu Jul 16 08:01:28 EDT 2015<EOT>: Waiting for 2 byte(s): text header
Thu Jul 16 08:01:28 EDT 2015<EOT>: Waiting for 334 byte(s): text body
Thu Jul 16 08:01:28 EDT 2015<EOT>: time,152.093,rpm,2176,ENGINE_LOAD,20.88,MAP,20.88,afr,9.99,vss,0.00,ks,0.00,kv,2.82,vbatt,13.08,TP,0.00,CLT,26.45,MAT,19.92,ckp_c,123963,fuel_base,2.56,fuel_lag,1.00,fuel,3.84,timing,20.70,duty0,NaN,dwell0,0.00,total_dwell0,0.00,period0,0.00,advance0,682.000,duty1,NaN,dwell1,0.00,total_dwell1,0.00,period1,0.00,advance1,682.000,
Thu Jul 16 08:01:28 EDT 2015<EOT>: Sending [0, 1, 71, 58, -70, 59, -66]
Thu Jul 16 08:01:28 EDT 2015<EOT>: Waiting for 2 byte(s): text header
Thu Jul 16 08:01:28 EDT 2015<EOT>: Waiting for 3873 byte(s): text body
Thu Jul 16 08:01:28 EDT 2015<EOT>: wave_chart,t2!u_99!0!t2!d_100!5!c3!u!26!t1!d_101!71!t2!u_102!75!t2!d_103!83!t2!u_104!147!t2!d_105!158!i1!u!194!t2!u_106!228!t2!d_107!234!t1!u_108!304!t2!u_109!308!t2!d_110!312!t2!u_111!380!t2!d_112!386!c3!d!403!t2!u_113!456!t2!d_114!463!t2!u_115!532!t2!d_116!538!t1!d_117!576!t2!u_118!580!i1!d!583!t2!d_119!768!t2!u_120!813!t2!d_121!843!t2!u_122!913!t2!d_123!919!t2!u_124!990!t2!d_125!996!t2!u_126!1066!t2!d_127!1072!t2!u_128!1143!t2!d_129!1149!t2!u_130!1219!t2!d_131!1226!t2!u_132!1296!t2!d_133!1302!t2!u_134!1345!c1!u!1376!t2!d_135!1379!t2!u_136!1449!t2!d_137!1455!t2!u_138!1525!t2!d_139!1531!i3!u!1544!t2!u_140!1596!t2!d_141!1607!t1!u_0!1662!t2!u_1!1678!t2!d_2!1683!t2!u_3!1754!t2!d_4!1760!c1!d!1779!t2!u_5!1813!t2!d_6!1837!t2!u_7!1906!t2!d_8!1911!i3!d!1928!r!2186!1959!t1!d_9!1969!t2!u_10!1972!t2!d_11!1980!t2!u_12!2210!t2!d_13!2217!t1!u_14!2220!t2!u_15!2262!t2!d_16!2292!t2!u_17!2363!t2!d_18!2369!t2!u_19!2440!t2!d_20!2446!t2!u_21!2480!map!u!2484!t2!d_22!2522!t1!d_23!2536!t2!u_24!2593!t2!d_25!2599!t2!u_26!2657!t2!d_27!2675!t2!u_28!2738!t2!d_29!2752!c3!u!2756!t1!u_30!2778!t2!u_31!2813!t2!d_32!2830!map!d!2862!t2!u_33!2899!t2!d_34!2905!i4!u!2917!t2!u_35!2975!t2!d_36!2981!t2!u_37!3051!t2!d_38!3057!t1!d_39!3069!t2!u_40!3128!t2!d_41!3133!c3!d!3155!t2!u_42!3205!t2!d_43!3210!t2!u_44!3249!t2!d_45!3286!i4!d!3299!HIP!u!3310!t1!u_46!3331!t2!u_47!3335!t2!d_48!3516!t2!u_49!3586!t2!d_50!3591!t2!u_51!3661!t2!d_52!3667!t2!u_53!3725!t2!d_54!3744!t2!u_55!3812!t2!d_56!3821!t2!u_57!3892!t2!d_58!3898!t2!u_59!3929!t2!d_60!3975!t2!u_61!4046!t2!d_62!4052!HIP!d!4079!t2!u_63!4122!t2!d_64!4128!c1!u!4151!t2!u_65!4199!t2!d_66!4205!t2!u_67!4262!t2!d_68!4282!i2!u!4308!t2!u_69!4352!t2!d_70!4358!t2!u_71!4429!t2!d_72!4434!t1!d_73!4465!t2!u_74!4469!c1!d!4492!t2!d_75!4511!t2!u_76!4581!t2!d_77!4587!t2!u_78!4657!t2!d_79!4663!i2!d!4690!t2!u_80!4726!t2!d_81!4732!t1!u_82!4747!t2!u_83!4929!t2!d_84!4969!t1!d_85!5032!t2!u_86!5036!t2!d_87!5045!t2!u_88!5115!t2!d_89!5121!t2!u_90!5163!t2!d_91!5198!t2!u_92!5262!t2!d_93!5274!t1!u_94!5296!t2!u_95!5332!t2!d_96!5351!t2!u_97!5422!t2!d_98!5428!t2!u_99!5497!t2!d_100!5504!c3!u!5525!t1!d_101!5571!t2!u_102!5575!t2!d_103!5581!t2!u_104!5651!t2!d_105!5659!i1!u!5697!t2!u_106!5727!t2!d_107!5733!t1!u_108!5802!t2!u_109!5806!t2!d_110!5810!t2!u_111!5879!t2!d_112!5885!c3!d!5902!t2!u_113!5929!t2!d_114!5962!t2!u_115!6026!t2!d_116!6038!t1!d_117!6074!t2!u_118!6078!i1!d!6081!t2!d_119!6265!t2!u_120!6308!t2!d_121!6343!t2!u_122!6396!t2!d_123!6419!t2!u_124!6490!t2!d_125!6496!t2!u_126!6566!t2!d_127!6572!t2!u_128!6643!t2!d_129!6649!t2!u_130!6720!t2!d_131!6726!t2!u_132!6797!t2!d_133!6802!t2!u_134!6875!t2!d_135!6881!c1!u!6908!t2!u_136!6928!t2!d_137!6957!t2!u_138!7026!t2!d_139!7032!i3!u!7044!t2!u_140!7102!t2!d_141!7110!t1!u_0!7160!t2!u_1!7175!t2!d_2!7184!t2!u_3!7255!t2!d_4!7263!c1!d!7281!t2!u_5!7333!t2!d_6!7338!t2!u_7!7407!t2!d_8!7413!i3!d!7425!r!2182!7455!t1!d_9!7475!t2!u_10!7479!t2!d_11!7482!t2!u_12!7712!t2!d_13!7718!t1!u_14!7725!t2!u_15!7788!t2!d_16!7794!t2!u_17!7830!t2!d_18!7870!t2!u_19!7928!t2!d_20!7947!map!u!7978!t2!u_21!8015!t2!d_22!8024!t1!d_23!8036!t2!u_24!8074!t2!d_25!8101!t2!u_26!8158!t2!d_27!8177!t2!u_28!8248!t2!d_29!8254!c3!u!8278!t1!u_30!8285!t2!u_31!8288!t2!d_32!8330!map!d!8362!t2!u_33!8400!t2!d_34!8406!i4!u!8421!t2!u_35!8477!t2!d_36!8482!t2!u_37!8553!t2!d_38!8558!t1!d_39!8580!t2!u_40!8629!t2!d_41!8635!c3!d!8657!t2!u_42!8705!t2!d_43!8712!t2!u_44!8781!t2!d_45!8788!HIP!u!8801!i4!d!8802!t2!u_46!8830!t1!u_47!8840!t2!d_48!9018!t2!u_49!9086!t2!d_50!9092!t2!u_51!9163!t2!d_52!9169!t2!u_53!9239!t2!d_54!9245!t2!u_55!9316!t2!d_56!9322!t2!u_57!9392!t2!d_58!9398!t2!u_59!9469!t2!d_60!9475!t2!u_61!9546!t2!d_62!9552!HIP!d!9565!t2!u_63!9595!c1!u!9622!t2!d_64!9628!t2!u_65!9699!t2!d_66!9704!t2!u_67!9775!t2!d_68!9784!i2!u!9824!t2!u_69!9830!t2!d_70!9857!t2!u_71!9928!t2!d_72!9933!t1!d_73!9968!t2!u_74!9972!,msg,WARNING: unexpected eventIndex=142,
Thu Jul 16 08:01:28 EDT 2015<EOT>: : t2!u_99!0!t2!d_100!5!c3!u!26!t1!d_101!71!t2!u_102!75!t2!d_103!83!t2!u_104!147!t2!d_105!158!i1!u!194!t2!u_106!228!t2!d_107!234!t1!u_108!304!t2!u_109!308!t2!d_110!312!t2!u_111!380!t2!d_112!386!c3!d!403!t2!u_113!456!t2!d_114!463!t2!u_115!532!t2!d_116!538!t1!d_117!576!t2!u_118!580!i1!d!583!t2!d_119!768!t2!u_120!813!t2!d_121!843!t2!u_122!913!t2!d_123!919!t2!u_124!990!t2!d_125!996!t2!u_126!1066!t2!d_127!1072!t2!u_128!1143!t2!d_129!1149!t2!u_130!1219!t2!d_131!1226!t2!u_132!1296!t2!d_133!1302!t2!u_134!1345!c1!u!1376!t2!d_135!1379!t2!u_136!1449!t2!d_137!1455!t2!u_138!1525!t2!d_139!1531!i3!u!1544!t2!u_140!1596!t2!d_141!1607!t1!u_0!1662!t2!u_1!1678!t2!d_2!1683!t2!u_3!1754!t2!d_4!1760!c1!d!1779!t2!u_5!1813!t2!d_6!1837!t2!u_7!1906!t2!d_8!1911!i3!d!1928!r!2186!1959!t1!d_9!1969!t2!u_10!1972!t2!d_11!1980!t2!u_12!2210!t2!d_13!2217!t1!u_14!2220!t2!u_15!2262!t2!d_16!2292!t2!u_17!2363!t2!d_18!2369!t2!u_19!2440!t2!d_20!2446!t2!u_21!2480!map!u!2484!t2!d_22!2522!t1!d_23!2536!t2!u_24!2593!t2!d_25!2599!t2!u_26!2657!t2!d_27!2675!t2!u_28!2738!t2!d_29!2752!c3!u!2756!t1!u_30!2778!t2!u_31!2813!t2!d_32!2830!map!d!2862!t2!u_33!2899!t2!d_34!2905!i4!u!2917!t2!u_35!2975!t2!d_36!2981!t2!u_37!3051!t2!d_38!3057!t1!d_39!3069!t2!u_40!3128!t2!d_41!3133!c3!d!3155!t2!u_42!3205!t2!d_43!3210!t2!u_44!3249!t2!d_45!3286!i4!d!3299!HIP!u!3310!t1!u_46!3331!t2!u_47!3335!t2!d_48!3516!t2!u_49!3586!t2!d_50!3591!t2!u_51!3661!t2!d_52!3667!t2!u_53!3725!t2!d_54!3744!t2!u_55!3812!t2!d_56!3821!t2!u_57!3892!t2!d_58!3898!t2!u_59!3929!t2!d_60!3975!t2!u_61!4046!t2!d_62!4052!HIP!d!4079!t2!u_63!4122!t2!d_64!4128!c1!u!4151!t2!u_65!4199!t2!d_66!4205!t2!u_67!4262!t2!d_68!4282!i2!u!4308!t2!u_69!4352!t2!d_70!4358!t2!u_71!4429!t2!d_72!4434!t1!d_73!4465!t2!u_74!4469!c1!d!4492!t2!d_75!4511!t2!u_76!4581!t2!d_77!4587!t2!u_78!4657!t2!d_79!4663!i2!d!4690!t2!u_80!4726!t2!d_81!4732!t1!u_82!4747!t2!u_83!4929!t2!d_84!4969!t1!d_85!5032!t2!u_86!5036!t2!d_87!5045!t2!u_88!5115!t2!d_89!5121!t2!u_90!5163!t2!d_91!5198!t2!u_92!5262!t2!d_93!5274!t1!u_94!5296!t2!u_95!5332!t2!d_96!5351!t2!u_97!5422!t2!d_98!5428!t2!u_99!5497!t2!d_100!5504!c3!u!5525!t1!d_101!5571!t2!u_102!5575!t2!d_103!5581!t2!u_104!5651!t2!d_105!5659!i1!u!5697!t2!u_106!5727!t2!d_107!5733!t1!u_108!5802!t2!u_109!5806!t2!d_110!5810!t2!u_111!5879!t2!d_112!5885!c3!d!5902!t2!u_113!5929!t2!d_114!5962!t2!u_115!6026!t2!d_116!6038!t1!d_117!6074!t2!u_118!6078!i1!d!6081!t2!d_119!6265!t2!u_120!6308!t2!d_121!6343!t2!u_122!6396!t2!d_123!6419!t2!u_124!6490!t2!d_125!6496!t2!u_126!6566!t2!d_127!6572!t2!u_128!6643!t2!d_129!6649!t2!u_130!6720!t2!d_131!6726!t2!u_132!6797!t2!d_133!6802!t2!u_134!6875!t2!d_135!6881!c1!u!6908!t2!u_136!6928!t2!d_137!6957!t2!u_138!7026!t2!d_139!7032!i3!u!7044!t2!u_140!7102!t2!d_141!7110!t1!u_0!7160!t2!u_1!7175!t2!d_2!7184!t2!u_3!7255!t2!d_4!7263!c1!d!7281!t2!u_5!7333!t2!d_6!7338!t2!u_7!7407!t2!d_8!7413!i3!d!7425!r!2182!7455!t1!d_9!7475!t2!u_10!7479!t2!d_11!7482!t2!u_12!7712!t2!d_13!7718!t1!u_14!7725!t2!u_15!7788!t2!d_16!7794!t2!u_17!7830!t2!d_18!7870!t2!u_19!7928!t2!d_20!7947!map!u!7978!t2!u_21!8015!t2!d_22!8024!t1!d_23!8036!t2!u_24!8074!t2!d_25!8101!t2!u_26!8158!t2!d_27!8177!t2!u_28!8248!t2!d_29!8254!c3!u!8278!t1!u_30!8285!t2!u_31!8288!t2!d_32!8330!map!d!8362!t2!u_33!8400!t2!d_34!8406!i4!u!8421!t2!u_35!8477!t2!d_36!8482!t2!u_37!8553!t2!d_38!8558!t1!d_39!8580!t2!u_40!8629!t2!d_41!8635!c3!d!8657!t2!u_42!8705!t2!d_43!8712!t2!u_44!8781!t2!d_45!8788!HIP!u!8801!i4!d!8802!t2!u_46!8830!t1!u_47!8840!t2!d_48!9018!t2!u_49!9086!t2!d_50!9092!t2!u_51!9163!t2!d_52!9169!t2!u_53!9239!t2!d_54!9245!t2!u_55!9316!t2!d_56!9322!t2!u_57!9392!t2!d_58!9398!t2!u_59!9469!t2!d_60!9475!t2!u_61!9546!t2!d_62!9552!HIP!d!9565!t2!u_63!9595!c1!u!9622!t2!d_64!9628!t2!u_65!9699!t2!d_66!9704!t2!u_67!9775!t2!d_68!9784!i2!u!9824!t2!u_69!9830!t2!d_70!9857!t2!u_71!9928!t2!d_72!9933!t1!d_73!9968!t2!u_74!9972!
Thu Jul 16 08:01:28 EDT 2015<EOT>: postMessage EngineState: WARNING: unexpected eventIndex=142
Thu Jul 16 08:01:28 EDT 2015<EOT>: Sending [0, 1, 71, 58, -70, 59, -66]
Thu Jul 16 08:01:28 EDT 2015<EOT>: Waiting for 2 byte(s): text header
Thu Jul 16 08:01:28 EDT 2015<EOT>: Waiting for 335 byte(s): text body
Thu Jul 16 08:01:28 EDT 2015<EOT>: time,152.294,rpm,2186,ENGINE_LOAD,20.90,MAP,20.90,afr,10.00,vss,0.00,ks,0.00,kv,2.69,vbatt,13.18,TP,0.00,CLT,26.51,MAT,19.50,ckp_c,124483,fuel_base,2.56,fuel_lag,1.00,fuel,3.84,timing,20.69,duty0,NaN,dwell0,0.00,total_dwell0,0.00,period0,0.00,advance0,682.000,duty1,NaN,dwell1,0.00,total_dwell1,0.00,period1,0.00,advance1,682.000,
Thu Jul 16 08:01:28 EDT 2015<EOT>: Sending [0, 1, 71, 58, -70, 59, -66]
Thu Jul 16 08:01:28 EDT 2015<EOT>: Waiting for 2 byte(s): text header
Thu Jul 16 08:01:28 EDT 2015<EOT>: Waiting for 5 byte(s): text body
Thu Jul 16 08:01:28 EDT 2015<EOT>: Sending [0, 1, 71, 58, -70, 59, -66]
Thu Jul 16 08:01:28 EDT 2015<EOT>: Waiting for 2 byte(s): text header
Thu Jul 16 08:01:28 EDT 2015<EOT>: Waiting for 335 byte(s): text body
Thu Jul 16 08:01:28 EDT 2015<EOT>: time,152.496,rpm,2190,ENGINE_LOAD,20.63,MAP,20.63,afr,10.00,vss,0.00,ks,0.00,kv,2.72,vbatt,13.21,TP,0.00,CLT,26.45,MAT,19.53,ckp_c,125007,fuel_base,2.53,fuel_lag,1.00,fuel,3.80,timing,20.70,duty0,NaN,dwell0,0.00,total_dwell0,0.00,period0,0.00,advance0,682.000,duty1,NaN,dwell1,0.00,total_dwell1,0.00,period1,0.00,advance1,682.000,
Thu Jul 16 08:01:28 EDT 2015<EOT>: Sending [0, 1, 71, 58, -70, 59, -66]
Thu Jul 16 08:01:28 EDT 2015<EOT>: Waiting for 2 byte(s): text header
Thu Jul 16 08:01:28 EDT 2015<EOT>: Waiting for 2110 byte(s): text body
Thu Jul 16 08:01:28 EDT 2015<EOT>: analog_chart,0.00|0.00|1.87|3001.00|2.61|2002.00|6.08|3003.00|12.09|2004.00|21.32|3005.00|22.12|2006.00|31.27|3007.00|32.02|2008.00|39.16|9.00|39.89|3010.00|41.12|2011.00|65.96|3012.00|72.11|2013.00|72.87|1014.00|81.27|3015.00|82.04|2016.00|91.29|3017.00|92.04|2018.00|100.23|3019.00|102.07|2020.00|110.88|3021.00|112.11|2022.00|113.66|23.00|121.37|3024.00|122.12|2025.00|128.95|3026.00|132.16|2027.00|137.46|3028.00|142.22|2029.00|145.63|1030.00|151.43|3031.00|152.25|2032.00|161.44|3033.00|162.20|2034.00|171.41|3035.00|172.17|2036.00|181.25|3037.00|182.13|2038.00|183.47|39.00|191.35|3040.00|192.33|2041.00|201.31|3042.00|202.13|2043.00|211.28|3044.00|212.09|2045.00|218.23|1046.00|218.99|3047.00|242.18|2048.00|251.22|3049.00|251.99|2050.00|261.26|3051.00|262.01|2052.00|271.30|3053.00|272.06|2054.00|281.36|3055.00|282.11|2056.00|291.42|3057.00|292.18|2058.00|296.38|3059.00|302.23|2060.00|306.54|3061.00|312.46|2062.00|320.01|3063.00|322.36|2064.00|331.61|3065.00|332.40|2066.00|341.69|3067.00|343.03|2068.00|350.06|3069.00|352.41|2070.00|361.64|3071.00|362.41|2072.00|366.28|73.00|367.02|3074.00|372.39|2075.00|381.63|3076.00|382.40|2077.00|391.59|3078.00|392.40|2079.00|400.59|3080.00|401.41|2081.00|403.46|1082.00|429.41|3083.00|432.40|2084.00|437.63|3085.00|440.46|86.00|442.32|2087.00|451.60|3088.00|452.35|2089.00|461.25|3090.00|462.54|2091.00|468.19|3092.00|472.40|2093.00|475.30|1094.00|481.43|3095.00|482.53|2096.00|491.76|3097.00|492.52|2098.00|501.77|3099.00|502.78|2100.00|510.91|101.00|511.67|3102.00|512.52|2103.00|517.10|3104.00|522.56|2105.00|531.81|3106.00|532.58|2107.00|541.79|3108.00|542.57|1109.00|543.33|2110.00|551.75|3111.00|552.67|2112.00|561.73|3113.00|562.57|2114.00|569.03|3115.00|572.44|2116.00|577.27|117.00|578.03|3118.00|602.46|2119.00|611.92|3120.00|612.68|2121.00|621.71|3122.00|622.48|2123.00|631.38|3124.00|632.54|2125.00|641.81|3126.00|642.61|2127.00|648.35|3128.00|652.62|2129.00|656.63|3130.00|662.74|2131.00|671.97|3132.00|672.73|2133.00|680.79|3134.00|682.78|2135.00|692.29|3136.00|693.05|2137.00|700.41|3138.00|702.83|2139.00|712.09|3140.00|712.86|2141.00|,
Thu Jul 16 08:01:28 EDT 2015<EOT>: Analog chart from 0.0 to 712.86
Thu Jul 16 08:01:28 EDT 2015<EOT>: Sending [0, 1, 71, 58, -70, 59, -66]
Thu Jul 16 08:01:28 EDT 2015<EOT>: Waiting for 2 byte(s): text header
Thu Jul 16 08:01:28 EDT 2015<EOT>: Waiting for 335 byte(s): text body
Thu Jul 16 08:01:28 EDT 2015<EOT>: time,152.697,rpm,2190,ENGINE_LOAD,21.04,MAP,21.04,afr,10.00,vss,0.00,ks,0.00,kv,2.68,vbatt,13.07,TP,0.00,CLT,26.51,MAT,20.23,ckp_c,125525,fuel_base,2.57,fuel_lag,1.00,fuel,3.85,timing,20.69,duty0,NaN,dwell0,0.00,total_dwell0,0.00,period0,0.00,advance0,682.000,duty1,NaN,dwell1,0.00,total_dwell1,0.00,period1,0.00,advance1,682.000,
Thu Jul 16 08:01:28 EDT 2015<EOT>: Sending [0, 1, 71, 58, -70, 59, -66]
Thu Jul 16 08:01:28 EDT 2015<EOT>: Waiting for 2 byte(s): text header
Thu Jul 16 08:01:28 EDT 2015<EOT>: Waiting for 5 byte(s): text body
Thu Jul 16 08:01:29 EDT 2015<EOT>: Sending [0, 1, 71, 58, -70, 59, -66]
Thu Jul 16 08:01:29 EDT 2015<EOT>: Waiting for 2 byte(s): text header
Thu Jul 16 08:01:29 EDT 2015<EOT>: Waiting for 335 byte(s): text body
Thu Jul 16 08:01:29 EDT 2015<EOT>: time,152.897,rpm,2191,ENGINE_LOAD,20.80,MAP,20.80,afr,10.00,vss,0.00,ks,0.00,kv,2.79,vbatt,13.19,TP,0.00,CLT,26.51,MAT,19.76,ckp_c,126046,fuel_base,2.55,fuel_lag,1.00,fuel,3.82,timing,20.69,duty0,NaN,dwell0,0.00,total_dwell0,0.00,period0,0.00,advance0,682.000,duty1,NaN,dwell1,0.00,total_dwell1,0.00,period1,0.00,advance1,682.000,
Thu Jul 16 08:01:29 EDT 2015<EOT>: Sending [0, 1, 71, 58, -70, 59, -66]
Thu Jul 16 08:01:29 EDT 2015<EOT>: Waiting for 2 byte(s): text header
Thu Jul 16 08:01:29 EDT 2015<EOT>: Waiting for 5 byte(s): text body
Thu Jul 16 08:01:29 EDT 2015<EOT>: Sending [0, 1, 71, 58, -70, 59, -66]
Thu Jul 16 08:01:29 EDT 2015<EOT>: Waiting for 2 byte(s): text header
Thu Jul 16 08:01:29 EDT 2015<EOT>: Waiting for 335 byte(s): text body
Thu Jul 16 08:01:29 EDT 2015<EOT>: time,153.098,rpm,2192,ENGINE_LOAD,20.75,MAP,20.75,afr,10.00,vss,0.00,ks,0.00,kv,2.68,vbatt,13.05,TP,0.00,CLT,26.70,MAT,20.26,ckp_c,126569,fuel_base,2.54,fuel_lag,1.00,fuel,3.81,timing,20.65,duty0,NaN,dwell0,0.00,total_dwell0,0.00,period0,0.00,advance0,682.000,duty1,NaN,dwell1,0.00,total_dwell1,0.00,period1,0.00,advance1,682.000,
Thu Jul 16 08:01:29 EDT 2015<EOT>: Sending [0, 1, 71, 58, -70, 59, -66]
Thu Jul 16 08:01:29 EDT 2015<EOT>: Waiting for 2 byte(s): text header
Thu Jul 16 08:01:29 EDT 2015<EOT>: Waiting for 3830 byte(s): text body
Thu Jul 16 08:01:29 EDT 2015<EOT>: wave_chart,t2!d_119!0!t2!u_120!70!t2!d_121!76!t2!u_122!128!t2!d_123!153!t2!u_124!224!t2!d_125!229!t2!u_126!300!t2!d_127!306!t2!u_128!361!t2!d_129!382!t2!u_130!455!t2!d_131!459!t2!u_132!530!t2!d_133!536!t2!u_134!607!t2!d_135!613!c1!u!640!t2!u_136!684!t2!d_137!689!t2!u_138!760!t2!d_139!766!i3!u!778!t2!u_140!795!t2!d_141!842!t2!u_142!890!t1!u_0!899!t2!d_1!918!t2!u_2!989!t2!d_3!995!c1!d!1021!t2!u_4!1024!t2!d_5!1071!t2!u_6!1128!t2!d_7!1147!i3!d!1162!r!2183!1195!t1!d_8!1205!t2!u_9!1209!t2!d_10!1216!t2!u_11!1446!t2!d_12!1455!t1!u_13!1459!t2!u_14!1523!t2!d_15!1529!t2!u_16!1599!t2!d_17!1605!t2!u_18!1676!t2!d_19!1682!map!u!1718!t2!u_20!1752!t2!d_21!1758!t1!d_22!1774!t2!u_23!1795!t2!d_24!1835!t2!u_25!1890!t2!d_26!1912!t2!u_27!1967!t2!d_28!1988!t1!u_29!2019!t2!u_30!2023!c3!u!2027!t2!d_31!2064!map!d!2101!t2!u_32!2128!t2!d_33!2141!t2!u_34!2211!t2!d_35!2219!i4!u!2223!t2!u_36!2288!t2!d_37!2293!t1!d_38!2307!t2!u_39!2363!t2!d_40!2371!c3!d!2399!t2!u_41!2402!t2!d_42!2447!t2!u_43!2515!t2!d_44!2521!HIP!u!2544!t1!u_45!2572!t2!u_46!2576!i4!d!2607!t2!d_47!2750!t2!u_48!2795!t2!d_49!2826!t2!u_50!2890!t2!d_51!2902!t2!u_52!2973!t2!d_53!2979!t2!u_54!3038!t2!d_55!3055!t2!u_56!3126!t2!d_57!3132!t2!u_58!3203!t2!d_59!3209!t2!u_60!3280!t2!d_61!3286!HIP!d!3310!t2!u_62!3356!t2!d_63!3362!c1!u!3390!t2!u_64!3433!t2!d_65!3438!t2!u_66!3509!t2!d_67!3515!t2!u_68!3557!i2!u!3561!t2!d_69!3591!t2!u_70!3662!t2!d_71!3667!t1!d_72!3697!t2!u_73!3701!t2!d_74!3744!c1!d!3767!t2!u_75!3794!t2!d_76!3822!t2!u_77!3890!t2!d_78!3896!i2!d!3945!t2!u_79!3959!t2!d_80!3965!t1!u_81!3982!t2!u_82!4195!t2!d_83!4201!t1!d_84!4264!t2!u_85!4268!t2!d_86!4277!t2!u_87!4349!t2!d_88!4354!t2!u_89!4412!t2!d_90!4430!t2!u_91!4461!t2!d_92!4507!t1!u_93!4528!t2!u_94!4556!t2!d_95!4583!t2!u_96!4654!t2!d_97!4660!t2!u_98!4732!t2!d_99!4736!c3!u!4764!t2!u_100!4794!t1!d_101!4802!t2!d_102!4813!t2!u_103!4883!t2!d_104!4891!i1!u!4936!t2!u_105!4960!t2!d_106!4966!t1!u_107!5031!t2!u_108!5035!t2!d_109!5042!t2!u_110!5112!t2!d_111!5118!c3!d!5141!t2!u_112!5188!t2!d_113!5194!t2!u_114!5264!t2!d_115!5270!t1!d_116!5300!i1!d!5321!t2!u_117!5363!t2!d_118!5499!t2!u_119!5569!t2!d_120!5575!t2!u_121!5646!t2!d_122!5651!t2!u_123!5722!t2!d_124!5728!t2!u_125!5782!t2!d_126!5805!t2!u_127!5876!t2!d_128!5881!t2!u_129!5929!t2!d_130!5958!t2!u_131!6019!t2!d_132!6035!t2!u_133!6106!t2!d_134!6112!c1!u!6144!t2!u_135!6183!t2!d_136!6188!t2!u_137!6223!t2!d_138!6265!t2!u_139!6335!t2!d_140!6346!i3!u!6349!t1!u_0!6391!t2!u_1!6406!t2!d_2!6417!t2!u_3!6449!c1!d!6476!t2!d_4!6493!t2!u_5!6564!t2!d_6!6570!t2!u_7!6640!t2!d_8!6646!r!2185!6686!t1!d_9!6705!t2!u_10!6709!t2!d_11!6715!i3!d!6731!t2!u_12!6945!t2!d_13!6951!t1!u_14!6957!t2!u_15!7021!t2!d_16!7027!t2!u_17!7098!t2!d_18!7104!t2!u_19!7174!t2!d_20!7180!map!u!7209!t2!u_21!7251!t2!d_22!7257!t1!d_23!7265!t2!u_24!7327!t2!d_25!7333!t2!u_26!7389!t2!d_27!7410!t2!u_28!7449!c3!u!7480!t2!d_29!7486!t1!u_30!7515!t2!u_31!7519!t2!d_32!7563!map!d!7591!t2!u_33!7633!t2!d_34!7638!i4!u!7650!t2!u_35!7709!t2!d_36!7714!t2!u_37!7782!t2!d_38!7791!t1!d_39!7806!t2!u_40!7861!t2!d_41!7867!c3!d!7889!t2!u_42!7937!t2!d_43!7943!t2!u_44!8013!t2!d_45!8019!i4!d!8036!HIP!u!8037!t1!u_46!8069!t2!u_47!8073!t2!d_48!8248!t2!u_49!8317!t2!d_50!8323!t2!u_51!8393!t2!d_52!8399!t2!u_53!8448!t2!d_54!8476!t2!u_55!8546!t2!d_56!8553!t2!u_57!8623!t2!d_58!8629!t2!u_59!8699!t2!d_60!8706!t2!u_61!8776!t2!d_62!8782!HIP!d!8799!t2!u_63!8852!t2!d_64!8858!c1!u!8880!t2!u_65!8929!t2!d_66!8934!t2!u_67!9005!t2!d_68!9013!i2!u!9050!t2!u_69!9081!t2!d_70!9087!t2!u_71!9157!t2!d_72!9163!t1!d_73!9194!t2!u_74!9198!c1!d!9221!t2!d_75!9239!t2!u_76!9309!t2!d_77!9315!t2!u_78!9387!t2!d_79!9390!i2!d!9434!t2!u_80!9448!t2!d_81!9460!t1!u_82!9473!t2!u_83!9689!t2!d_84!9695!t1!d_85!9755!t2!u_86!9759!t2!d_87!9771!t2!u_88!9841!t2!d_89!9847!t2!u_90!9917!t2!d_91!9923!t2!u_92!9993!t2!d_93!10000!t1!u_94!10016!t2!u_95!10070!t2!d_96!10076!,
Thu Jul 16 08:01:29 EDT 2015<EOT>: : t2!d_119!0!t2!u_120!70!t2!d_121!76!t2!u_122!128!t2!d_123!153!t2!u_124!224!t2!d_125!229!t2!u_126!300!t2!d_127!306!t2!u_128!361!t2!d_129!382!t2!u_130!455!t2!d_131!459!t2!u_132!530!t2!d_133!536!t2!u_134!607!t2!d_135!613!c1!u!640!t2!u_136!684!t2!d_137!689!t2!u_138!760!t2!d_139!766!i3!u!778!t2!u_140!795!t2!d_141!842!t2!u_142!890!t1!u_0!899!t2!d_1!918!t2!u_2!989!t2!d_3!995!c1!d!1021!t2!u_4!1024!t2!d_5!1071!t2!u_6!1128!t2!d_7!1147!i3!d!1162!r!2183!1195!t1!d_8!1205!t2!u_9!1209!t2!d_10!1216!t2!u_11!1446!t2!d_12!1455!t1!u_13!1459!t2!u_14!1523!t2!d_15!1529!t2!u_16!1599!t2!d_17!1605!t2!u_18!1676!t2!d_19!1682!map!u!1718!t2!u_20!1752!t2!d_21!1758!t1!d_22!1774!t2!u_23!1795!t2!d_24!1835!t2!u_25!1890!t2!d_26!1912!t2!u_27!1967!t2!d_28!1988!t1!u_29!2019!t2!u_30!2023!c3!u!2027!t2!d_31!2064!map!d!2101!t2!u_32!2128!t2!d_33!2141!t2!u_34!2211!t2!d_35!2219!i4!u!2223!t2!u_36!2288!t2!d_37!2293!t1!d_38!2307!t2!u_39!2363!t2!d_40!2371!c3!d!2399!t2!u_41!2402!t2!d_42!2447!t2!u_43!2515!t2!d_44!2521!HIP!u!2544!t1!u_45!2572!t2!u_46!2576!i4!d!2607!t2!d_47!2750!t2!u_48!2795!t2!d_49!2826!t2!u_50!2890!t2!d_51!2902!t2!u_52!2973!t2!d_53!2979!t2!u_54!3038!t2!d_55!3055!t2!u_56!3126!t2!d_57!3132!t2!u_58!3203!t2!d_59!3209!t2!u_60!3280!t2!d_61!3286!HIP!d!3310!t2!u_62!3356!t2!d_63!3362!c1!u!3390!t2!u_64!3433!t2!d_65!3438!t2!u_66!3509!t2!d_67!3515!t2!u_68!3557!i2!u!3561!t2!d_69!3591!t2!u_70!3662!t2!d_71!3667!t1!d_72!3697!t2!u_73!3701!t2!d_74!3744!c1!d!3767!t2!u_75!3794!t2!d_76!3822!t2!u_77!3890!t2!d_78!3896!i2!d!3945!t2!u_79!3959!t2!d_80!3965!t1!u_81!3982!t2!u_82!4195!t2!d_83!4201!t1!d_84!4264!t2!u_85!4268!t2!d_86!4277!t2!u_87!4349!t2!d_88!4354!t2!u_89!4412!t2!d_90!4430!t2!u_91!4461!t2!d_92!4507!t1!u_93!4528!t2!u_94!4556!t2!d_95!4583!t2!u_96!4654!t2!d_97!4660!t2!u_98!4732!t2!d_99!4736!c3!u!4764!t2!u_100!4794!t1!d_101!4802!t2!d_102!4813!t2!u_103!4883!t2!d_104!4891!i1!u!4936!t2!u_105!4960!t2!d_106!4966!t1!u_107!5031!t2!u_108!5035!t2!d_109!5042!t2!u_110!5112!t2!d_111!5118!c3!d!5141!t2!u_112!5188!t2!d_113!5194!t2!u_114!5264!t2!d_115!5270!t1!d_116!5300!i1!d!5321!t2!u_117!5363!t2!d_118!5499!t2!u_119!5569!t2!d_120!5575!t2!u_121!5646!t2!d_122!5651!t2!u_123!5722!t2!d_124!5728!t2!u_125!5782!t2!d_126!5805!t2!u_127!5876!t2!d_128!5881!t2!u_129!5929!t2!d_130!5958!t2!u_131!6019!t2!d_132!6035!t2!u_133!6106!t2!d_134!6112!c1!u!6144!t2!u_135!6183!t2!d_136!6188!t2!u_137!6223!t2!d_138!6265!t2!u_139!6335!t2!d_140!6346!i3!u!6349!t1!u_0!6391!t2!u_1!6406!t2!d_2!6417!t2!u_3!6449!c1!d!6476!t2!d_4!6493!t2!u_5!6564!t2!d_6!6570!t2!u_7!6640!t2!d_8!6646!r!2185!6686!t1!d_9!6705!t2!u_10!6709!t2!d_11!6715!i3!d!6731!t2!u_12!6945!t2!d_13!6951!t1!u_14!6957!t2!u_15!7021!t2!d_16!7027!t2!u_17!7098!t2!d_18!7104!t2!u_19!7174!t2!d_20!7180!map!u!7209!t2!u_21!7251!t2!d_22!7257!t1!d_23!7265!t2!u_24!7327!t2!d_25!7333!t2!u_26!7389!t2!d_27!7410!t2!u_28!7449!c3!u!7480!t2!d_29!7486!t1!u_30!7515!t2!u_31!7519!t2!d_32!7563!map!d!7591!t2!u_33!7633!t2!d_34!7638!i4!u!7650!t2!u_35!7709!t2!d_36!7714!t2!u_37!7782!t2!d_38!7791!t1!d_39!7806!t2!u_40!7861!t2!d_41!7867!c3!d!7889!t2!u_42!7937!t2!d_43!7943!t2!u_44!8013!t2!d_45!8019!i4!d!8036!HIP!u!8037!t1!u_46!8069!t2!u_47!8073!t2!d_48!8248!t2!u_49!8317!t2!d_50!8323!t2!u_51!8393!t2!d_52!8399!t2!u_53!8448!t2!d_54!8476!t2!u_55!8546!t2!d_56!8553!t2!u_57!8623!t2!d_58!8629!t2!u_59!8699!t2!d_60!8706!t2!u_61!8776!t2!d_62!8782!HIP!d!8799!t2!u_63!8852!t2!d_64!8858!c1!u!8880!t2!u_65!8929!t2!d_66!8934!t2!u_67!9005!t2!d_68!9013!i2!u!9050!t2!u_69!9081!t2!d_70!9087!t2!u_71!9157!t2!d_72!9163!t1!d_73!9194!t2!u_74!9198!c1!d!9221!t2!d_75!9239!t2!u_76!9309!t2!d_77!9315!t2!u_78!9387!t2!d_79!9390!i2!d!9434!t2!u_80!9448!t2!d_81!9460!t1!u_82!9473!t2!u_83!9689!t2!d_84!9695!t1!d_85!9755!t2!u_86!9759!t2!d_87!9771!t2!u_88!9841!t2!d_89!9847!t2!u_90!9917!t2!d_91!9923!t2!u_92!9993!t2!d_93!10000!t1!u_94!10016!t2!u_95!10070!t2!d_96!10076!
Thu Jul 16 08:01:29 EDT 2015<EOT>: Sending [0, 1, 71, 58, -70, 59, -66]
Thu Jul 16 08:01:29 EDT 2015<EOT>: Waiting for 2 byte(s): text header
Thu Jul 16 08:01:29 EDT 2015<EOT>: Waiting for 5 byte(s): text body
Thu Jul 16 08:01:29 EDT 2015<EOT>: Sending [0, 1, 71, 58, -70, 59, -66]
Thu Jul 16 08:01:29 EDT 2015<EOT>: Waiting for 2 byte(s): text header
Thu Jul 16 08:01:29 EDT 2015<EOT>: Waiting for 335 byte(s): text body
Thu Jul 16 08:01:29 EDT 2015<EOT>: time,153.300,rpm,2177,ENGINE_LOAD,20.83,MAP,20.83,afr,10.01,vss,0.00,ks,0.00,kv,2.82,vbatt,13.18,TP,0.00,CLT,26.64,MAT,19.68,ckp_c,127087,fuel_base,2.56,fuel_lag,1.00,fuel,3.83,timing,20.67,duty0,NaN,dwell0,0.00,total_dwell0,0.00,period0,0.00,advance0,682.000,duty1,NaN,dwell1,0.00,total_dwell1,0.00,period1,0.00,advance1,682.000,
Thu Jul 16 08:01:29 EDT 2015<EOT>: Sending [0, 1, 71, 58, -70, 59, -66]
Thu Jul 16 08:01:29 EDT 2015<EOT>: Waiting for 2 byte(s): text header
Thu Jul 16 08:01:29 EDT 2015<EOT>: Waiting for 5 byte(s): text body
Thu Jul 16 08:01:29 EDT 2015<EOT>: Sending [0, 1, 71, 58, -70, 59, -66]
Thu Jul 16 08:01:29 EDT 2015<EOT>: Waiting for 2 byte(s): text header
Thu Jul 16 08:01:29 EDT 2015<EOT>: Waiting for 335 byte(s): text body
Thu Jul 16 08:01:29 EDT 2015<EOT>: time,153.501,rpm,2190,ENGINE_LOAD,20.79,MAP,20.79,afr,10.00,vss,0.00,ks,0.00,kv,2.67,vbatt,12.97,TP,0.80,CLT,25.07,MAT,19.87,ckp_c,127605,fuel_base,2.56,fuel_lag,1.00,fuel,3.84,timing,20.98,duty0,NaN,dwell0,0.00,total_dwell0,0.00,period0,0.00,advance0,682.000,duty1,NaN,dwell1,0.00,total_dwell1,0.00,period1,0.00,advance1,682.000,
Thu Jul 16 08:01:29 EDT 2015<EOT>: Sending [0, 1, 71, 58, -70, 59, -66]
Thu Jul 16 08:01:30 EDT 2015<EOT>: Waiting for 2 byte(s): text header
Thu Jul 16 08:01:30 EDT 2015<EOT>: Waiting for 2427 byte(s): text body
Thu Jul 16 08:01:30 EDT 2015<EOT>: analog_chart,0.00|0.00|2.23|2001.00|11.36|3002.00|12.10|2003.00|15.88|3004.00|22.13|2005.00|31.30|3006.00|32.04|2007.00|40.41|3008.00|41.14|9.00|41.85|2010.00|68.16|3011.00|72.13|2012.00|73.71|1013.00|81.27|3014.00|82.07|2015.00|91.30|3016.00|92.07|2017.00|96.47|3018.00|102.14|2019.00|111.41|3020.00|112.17|2021.00|114.05|22.00|120.23|3023.00|122.24|2024.00|128.81|3025.00|132.29|2026.00|140.23|3027.00|142.33|2028.00|146.70|1029.00|147.45|3030.00|152.36|2031.00|161.77|3032.00|162.52|2033.00|171.68|3034.00|173.09|2035.00|181.60|3036.00|182.36|2037.00|185.04|38.00|191.58|3039.00|192.34|2040.00|196.64|3041.00|202.32|2042.00|211.54|3043.00|212.31|2044.00|216.32|3045.00|219.62|1046.00|242.27|2047.00|251.55|3048.00|252.34|2049.00|260.06|3050.00|262.33|2051.00|271.60|3052.00|272.36|2053.00|281.10|3054.00|282.42|2055.00|290.92|3056.00|292.46|2057.00|299.97|3058.00|302.49|2059.00|311.77|3060.00|312.53|2061.00|321.81|3062.00|322.91|2063.00|331.85|3064.00|332.61|2065.00|341.86|3066.00|342.62|2067.00|347.60|3068.00|352.62|2069.00|361.84|3070.00|362.60|2071.00|367.17|72.00|367.92|3073.00|372.57|2074.00|376.30|3075.00|382.59|2076.00|389.86|3077.00|392.56|2078.00|400.78|3079.00|401.56|2080.00|404.37|1081.00|431.71|3082.00|432.78|2083.00|441.14|84.00|441.89|3085.00|442.64|2086.00|451.98|3087.00|452.72|2088.00|461.81|3089.00|462.57|2090.00|471.87|3091.00|472.64|2092.00|476.49|1093.00|477.37|3094.00|482.69|2095.00|492.00|3096.00|492.78|2097.00|502.57|3098.00|503.32|2099.00|511.83|100.00|512.58|3101.00|513.33|2102.00|521.13|3103.00|522.90|2104.00|532.20|3105.00|532.96|2106.00|542.18|3107.00|542.96|1108.00|543.72|2109.00|552.19|3110.00|552.94|2111.00|556.63|3112.00|562.94|2113.00|572.19|3114.00|572.95|2115.00|577.07|116.00|577.83|3117.00|603.22|2118.00|608.63|3119.00|613.05|2120.00|620.39|3121.00|623.14|2122.00|630.84|3123.00|633.18|2124.00|640.96|3125.00|643.28|2126.00|652.38|3127.00|653.37|2128.00|662.71|3129.00|663.49|2130.00|672.79|3131.00|673.56|2132.00|682.20|3133.00|683.66|2134.00|693.24|3135.00|693.99|2136.00|703.02|3137.00|703.79|2138.00|709.06|3139.00|714.03|2140.00|,time,153.701,rpm,2179,ENGINE_LOAD,21.11,MAP,21.11,afr,10.00,vss,0.00,ks,0.00,kv,2.76,vbatt,13.05,TP,0.00,CLT,26.78,MAT,20.02,ckp_c,128129,fuel_base,2.58,fuel_lag,1.00,fuel,3.86,timing,20.64,duty0,NaN,dwell0,0.00,total_dwell0,0.00,period0,0.00,advance0,682.000,duty1,NaN,dwell1,0.00,total_dwell1,0.00,period1,0.00,advance1,682.000,
Thu Jul 16 08:01:30 EDT 2015<EOT>: CLOSING PORT...
Thu Jul 16 08:01:30 EDT 2015<EOT>: PORT CLOSED
Thu Jul 16 08:01:30 EDT 2015<EOT>: Stopping text pull
